1.000000000000000000e+00,8.445583659047287695e-01,6.473887409488815470e-01,2.594405132324907365e-04,7.136586203798240824e-01,1.664356404079635546e-02,1.742201847375625043e-02,-5.652759116971450837e-01,8.407299630054853035e-01,7.626358450614693085e-01,3.363524476710882394e-01,3.927217455146775893e-01,-1.126573049982700359e-01,7.082692192817184873e-01,3.292336648094058016e-01,6.408236621670144739e-01,5.172129363545927699e-02,6.012985429581936270e-01,4.813524643479036857e-01,-9.502098520889852573e-03,3.153611422817342858e-01,2.955692169469020802e-01,5.803389003638301791e-01,6.461879297840754655e-01,6.396629759954055583e-01,6.355396709343259509e-01,4.649929922325368170e-01,2.362525971212841580e-01,7.515987696352582903e-01,7.773918663361085724e-01,6.392654627720774085e-01,6.711370506973157735e-01,3.686964094860026853e-01,6.933499212666276446e-01,1.060503042721139405e-01,7.663519640679345990e-01,4.716082179852084111e-01,7.187505151526037972e-01,7.292709057721442623e-01
8.445583659047287695e-01,1.000000000000000000e+00,5.155198515230708933e-01,-5.744006566757053900e-02,6.398241010864799128e-01,-9.193809053454465863e-02,7.092954574201243423e-02,-5.415461637661288519e-01,7.963864849168520443e-01,6.806678861943838976e-01,2.511627499570465161e-01,6.071717941284590081e-01,6.241715535567531059e-02,6.442013921399319942e-01,3.320536082148994317e-01,6.371590033735338165e-01,-1.365073804497826115e-01,6.131295135240154570e-01,3.748590002627487650e-01,-1.325921183493947164e-01,1.688795836051296406e-01,3.126927201415846125e-01,4.654704008515200275e-01,6.595968233290845362e-01,5.006553064952463661e-01,5.108293300399582293e-01,5.540912439520017108e-01,1.070311138273788987e-01,6.500932017286910058e-01,6.851606284240024936e-01,6.185057760100928226e-01,7.761019276887102247e-01,2.668818439912982732e-01,6.171323156103293295e-01,6.145080810910706626e-02,7.850611430338134689e-01,4.155871533600346002e-01,6.077639940850833034e-01,8.077991977789373834e-01
6.473887409488815470e-01,5.155198515230708933e-01,1.000000000000000000e+00,1.788953632583398234e-01,8.374386085212524033e-01,1.830274889069331834e-01,1.882870946664800815e-01,-5.743088064670681669e-01,7.431112803551086499e-01,7.514660165884808896e-01,2.685534711017476539e-01,2.397209754962781880e-01,1.720486686554946812e-02,7.184586617661768981e-01,3.135949439307598174e-01,6.302504964033992518e-01,1.829482060266573173e-01,6.819815199206331613e-01,8.363233526906530546e-01,3.447491209983686855e-01,6.653126956082182630e-01,5.336020023929187728e-01,5.512180327159650339e-01,5.859371703736363513e-01,6.105716713305264776e-01,6.308369021460451531e-01,4.951172797261051417e-01,4.460898115827591770e-01,6.489524279044825983e-01,7.662408157617738302e-01,7.085777715529490983e-01,4.470279831739377152e-01,6.371618625611918940e-01,8.250178332330597719e-01,2.181455144209011598e-01,5.715238385579858305e-01,4.465532405075762212e-01,5.790067793156750131e-01,5.175167567672762647e-01
2.594405132324907365e-04,-5.744006566757053900e-02,1.788953632583398234e-01,1.000000000000000000e+00,1.274415963660384399e-01,1.121557235197793156e-01,5.796738072331766300e-01,1.700192394409797414e-01,3.162112223234276459e-02,2.411594584330676444e-02,-2.141425689375136554e-01,-2.964350667628951053e-02,2.668394977958944425e-01,1.831041128508965055e-01,3.606165199986484382e-02,8.530550172805450096e-03,-9.242165261050847014e-02,1.249059497560013610e-01,3.371957441362659624e-01,5.959993764498920932e-01,3.992971179075269772e-01,4.023398887587998907e-01,9.992562874135312023e-02,-2.419142230667271464e-04,8.254356748504532030e-04,-4.447306176774085129e-02,2.838033355236370056e-02,2.164169124142404921e-01,1.417115664232372445e-02,2.611936858721548849e-02,4.850665167256348886e-02,-2.658603377624129682e-01,1.105080839597440134e-01,1.258196877246892942e-01,3.923225453282829789e-01,3.965108960909518449e-02,3.121348871281517390e-01,-9.091738466449339473e-02,-1.605071361587350476e-01
7.136586203798240824e-01,6.398241010864799128e-01,8.374386085212524033e-01,1.274415963660384399e-01,1.000000000000000000e+00,2.221100398124001632e-02,1.969800618965734385e-01,-7.524982106930336867e-01,7.479975757845871431e-01,7.234270942066424182e-01,2.778593731774352538e-01,2.706526230178030179e-01,-6.103459713385089164e-03,7.023965830928730059e-01,1.648113261929368412e-01,5.736170897201425811e-01,8.619470566325737604e-02,6.087952416906045050e-01,6.653889818456382166e-01,9.286049215099673182e-02,4.742687283666655040e-01,3.878059793478985107e-01,3.648371966749555106e-01,5.353518345644832088e-01,5.004107495290095464e-01,5.336151677263104576e-01,4.334110084627653126e-01,2.160378469248246391e-01,6.514118810445843621e-01,7.444567593209596712e-01,6.282472497601278016e-01,5.901385103137031241e-01,4.008203117959258655e-01,7.162542726286968975e-01,1.392704884524380571e-01,6.293082164601442319e-01,3.853126812892312403e-01,5.592206544941115132e-01,6.079881882964471851e-01
1.664356404079635546e-02,-9.193809053454465863e-02,1.830274889069331834e-01,1.121557235197793156e-01,2.221100398124001632e-02,1.000000000000000000e+00,-1.649181656234781079e-01,2.374499154551572011e-01,8.963727828574820367e-02,2.849447091182106262e-01,5.294255511909177203e-01,-1.556605293397132217e-01,2.061815096073837394e-01,3.915851845777481577e-01,2.331279140079054457e-01,4.213803443944260096e-01,7.470230371615264042e-01,3.140171040265675728e-01,2.665711845293272653e-01,3.719410974409082526e-01,4.889978764968759273e-01,3.057577684363127490e-01,3.524437414859030171e-01,5.997840423699014878e-02,4.862554705179106262e-01,4.579985139122499938e-01,2.811077981881414112e-01,6.878197334028843812e-01,2.194272426683753496e-01,2.358592248801529290e-01,3.677499901126481952e-01,4.560949554461379146e-02,5.671989365855750753e-01,3.265193281737144987e-02,5.975261679454791919e-01,5.467533760910705393e-02,4.915969695793044325e-01,2.800975498797462770e-01,-7.123011367910281333e-02
1.742201847375625043e-02,7.092954574201243423e-02,1.882870946664800815e-01,5.796738072331766300e-01,1.969800618965734385e-01,-1.649181656234781079e-01,1.000000000000000000e+00,5.151462077205270357e-02,-5.079102095379747078e-02,-5.809114652995681083e-02,-4.115376540985296594e-01,2.186214716831246397e-03,5.075626477479887599e-01,6.811553882722944098e-02,-2.461999313212632490e-01,-1.120127814361928341e-02,-3.301074183047454924e-01,-2.602624853552914543e-03,2.425742435151606591e-01,4.806100933455045299e-01,3.866226012279435076e-01,5.433692673994037214e-01,-1.349673307634555869e-02,-1.150177554234012023e-01,-2.551516692229785499e-01,-2.324355342200338237e-01,5.553306111680429008e-02,-5.154405012726229196e-02,-7.410302378090315167e-02,-2.302652206648140090e-02,3.558514758669160949e-02,-1.485669083971023485e-01,2.472416789989559036e-02,3.500408778164858237e-02,2.902016387076277737e-01,1.563617540921966864e-01,1.337409550015868365e-01,-2.943740352213761735e-01,-1.607633569484039904e-01
-5.652759116971450837e-01,-5.415461637661288519e-01,-5.743088064670681669e-01,1.700192394409797414e-01,-7.524982106930336867e-01,2.374499154551572011e-01,5.151462077205270357e-02,1.000000000000000000e+00,-5.834856952752269788e-01,-4.947039326932117231e-01,-2.452368892350167418e-01,-1.231178516361092767e-01,3.295581704501350240e-01,-3.659175429240179578e-01,6.719853171023749960e-02,-2.845051873474764847e-01,-6.401471297579215333e-03,-3.012754543640855931e-01,-3.276748176895123432e-01,3.858781840968719123e-01,2.441080836321878403e-02,1.154391414793003723e-01,-9.210031705821744574e-02,-4.524991764659321292e-01,-2.790751997105979654e-01,-2.819382678177391188e-01,-1.333272871651456359e-01,1.630081268360596969e-01,-4.105182529794317303e-01,-5.183781316024287378e-01,-3.181879073374984657e-01,-5.937299600981397196e-01,1.198526787900537453e-02,-5.121037445860998627e-01,2.547984844542607874e-01,-3.501796356031334767e-01,-3.434184031531006820e-02,-4.457668386592393284e-01,-5.395782310595647058e-01
8.407299630054853035e-01,7.963864849168520443e-01,7.431112803551086499e-01,3.162112223234276459e-02,7.479975757845871431e-01,8.963727828574820367e-02,-5.079102095379747078e-02,-5.834856952752269788e-01,1.000000000000000000e+00,8.350709020217581546e-01,3.839822768717284784e-01,5.263886585427796083e-01,-8.743388458722214929e-02,7.763903133341044649e-01,5.274100660657012885e-01,7.174085188098191512e-01,6.780216352848553174e-02,7.464574639850835025e-01,6.365178884427893369e-01,5.230038016901657899e-02,3.465123881138335027e-01,3.273131007453041197e-01,6.194897615125434243e-01,7.732700034147772516e-01,7.173623944165834487e-01,7.053603112589874602e-01,5.388619376540080275e-01,3.206159615483998304e-01,7.882465392427477902e-01,8.507025596005207690e-01,7.024101400969950948e-01,7.037419499130838085e-01,4.701308871466470252e-01,8.463808408021052943e-01,1.073211017061124622e-01,7.119038290955097548e-01,4.798651266868763643e-01,7.712757190219740044e-01,8.121057134583581361e-01
7.626358450614693085e-01,6.806678861943838976e-01,7.514660165884808896e-01,2.411594584330676444e-02,7.234270942066424182e-01,2.849447091182106262e-01,-5.809114652995681083e-02,-4.947039326932117231e-01,8.350709020217581546e-01,1.000000000000000000e+00,4.447412694613536166e-01,3.618841340131716544e-01,-7.521112549200828501e-02,7.487745236736869092e-01,3.892249627868017425e-01,8.046991648720323020e-01,2.421046903798073358e-01,7.430601933229905587e-01,7.000148443787489461e-01,1.767549453988354335e-01,4.955833084919308851e-01,4.076861203107788878e-01,6.153212319725774870e-01,6.216829887626224016e-01,7.731872646337487609e-01,7.432105202544589950e-01,5.866592520902452756e-01,4.445100594759244794e-01,7.058802250800710887e-01,8.912394471853107847e-01,8.104353840619163973e-01,5.908740070905877939e-01,5.334089691680612422e-01,7.191366678592507888e-01,1.931751695770589361e-01,6.894566843679225121e-01,4.964732441702451315e-01,7.304142880916287828e-01,7.126620640755844116e-01
3.363524476710882394e-01,2.511627499570465161e-01,2.685534711017476539e-01,-2.141425689375136554e-01,2.778593731774352538e-01,5.294255511909177203e-01,-4.115376540985296594e-01,-2.452368892350167418e-01,3.839822768717284784e-01,4.447412694613536166e-01,1.000000000000000000e+00,2.422112147162946288e-02,-5.930939200822329949e-02,4.615879309812061515e-01,1.399127180136711668e-01,4.853925881005941578e-01,6.687911886141145734e-01,3.369178728046678395e-01,1.088066743646005363e-01,-1.873120295856817719e-01,1.549634044305444602e-01,-2.163205735179940525e-02,3.573189392539727893e-01,2.377966546510766055e-01,6.192594681124626854e-01,5.222707396492931586e-01,2.488618195485820250e-01,3.237349594227651450e-01,4.922708655963387026e-01,4.445145198011093424e-01,4.279548114111463297e-01,4.389148258792499036e-01,3.686553057784682230e-01,2.441167228107568310e-01,1.791464496390321459e-01,2.618392046057350653e-01,3.763195435759191798e-01,5.075042174609438739e-01,3.105438684721273379e-01
3.927217455146775893e-01,6.071717941284590081e-01,2.397209754962781880e-01,-2.964350667628951053e-02,2.706526230178030179e-01,-1.556605293397132217e-01,2.186214716831246397e-03,-1.231178516361092767e-01,5.263886585427796083e-01,3.618841340131716544e-01,2.422112147162946288e-02,1.000000000000000000e+00,2.784065532850067415e-01,3.913857438203524053e-01,5.702779690398390722e-01,4.251630479564504905e-01,-4.317451659915473861e-01,5.772152943847458362e-01,2.547011757342685923e-01,-9.394730781676496542e-03,5.469183073834008729e-02,3.784837122381525254e-01,3.397139355181462150e-01,5.496746456730765562e-01,3.042634917679026829e-01,2.203775124434652621e-01,6.295754617774969031e-01,2.751308789667865004e-02,3.632771019630961495e-01,3.661503644469560337e-01,4.254451963822180605e-01,4.920756925907029955e-01,2.109178820410324284e-01,5.093004679221029285e-01,2.000724623398312044e-02,5.417585635338572070e-01,2.570195067186302751e-01,2.521590894547768857e-01,7.049442903070305411e-01
-1.126573049982700359e-01,6.241715535567531059e-02,1.720486686554946812e-02,2.668394977958944425e-01,-6.103459713385089164e-03,2.061815096073837394e-01,5.075626477479887599e-01,3.295581704501350240e-01,-8.743388458722214929e-02,-7.521112549200828501e-02,-5.930939200822329949e-02,2.784065532850067415e-01,1.000000000000000000e+00,1.835282377547868549e-01,3.358499212457330407e-02,1.676401556493470613e-01,-5.486736497537143820e-02,9.358820493287285658e-02,6.366325915772132193e-02,3.685876370664571411e-01,3.946777304887712501e-01,6.237325935368653873e-01,7.573855336320677034e-02,-8.309962215471769498e-02,-7.761810597731894079e-02,-7.130372723031674909e-02,3.185465603824980674e-01,2.318420443903717876e-01,2.670691647408049429e-02,-5.436380140184029347e-02,2.192809647625130198e-01,5.879334377282886825e-02,3.467999090017074293e-01,-5.123759326148753096e-02,5.331280161101703552e-01,1.869499593465070719e-01,3.299562205302571938e-01,-1.398124820691713788e-01,-4.848849383319066286e-03
7.082692192817184873e-01,6.442013921399319942e-01,7.184586617661768981e-01,1.831041128508965055e-01,7.023965830928730059e-01,3.915851845777481577e-01,6.811553882722944098e-02,-3.659175429240179578e-01,7.763903133341044649e-01,7.487745236736869092e-01,4.615879309812061515e-01,3.913857438203524053e-01,1.835282377547868549e-01,1.000000000000000000e+00,4.636968969680751451e-01,7.148171947996837527e-01,2.726836847619996673e-01,7.318188489944852382e-01,6.405218447930011161e-01,2.563495622652147699e-01,5.822984611963094581e-01,5.100568464423476112e-01,5.956639373494840850e-01,6.395753220842171904e-01,7.024717394673001269e-01,7.186953786539964639e-01,5.990560655685341906e-01,5.025649280981326905e-01,8.217975073214022208e-01,7.584207743992905648e-01,7.352507562915860939e-01,6.170434784411975571e-01,6.793896673207087122e-01,7.076896300037395227e-01,4.734342621228015968e-01,7.153658400726584654e-01,6.720940690329489930e-01,6.625628067158294554e-01,6.202017709729426009e-01
3.292336648094058016e-01,3.320536082148994317e-01,3.135949439307598174e-01,3.606165199986484382e-02,1.648113261929368412e-01,2.331279140079054457e-01,-2.461999313212632490e-01,6.719853171023749960e-02,5.274100660657012885e-01,3.892249627868017425e-01,1.399127180136711668e-01,5.702779690398390722e-01,3.358499212457330407e-02,4.636968969680751451e-01,1.000000000000000000e+00,4.731998864739770383e-01,3.213101451022500749e-02,6.290813675020003881e-01,4.169813751334537355e-01,3.168805393669593129e-01,2.562423012728409777e-01,3.093837423878528781e-01,4.493511595435485395e-01,5.475523768063886854e-01,4.355888429048697663e-01,5.599430230807315167e-01,4.430173034125989284e-01,5.097972160025032728e-01,4.682257815269769696e-01,4.238734891807585115e-01,3.398851026550803733e-01,3.112231977242397307e-01,4.705991315440145040e-01,5.450428591513050147e-01,1.892174971041977460e-01,3.478129284278930200e-01,3.525140359697634396e-01,4.989322343964540662e-01,4.510317245364959260e-01
6.408236621670144739e-01,6.371590033735338165e-01,6.302504964033992518e-01,8.530550172805450096e-03,5.736170897201425811e-01,4.213803443944260096e-01,-1.120127814361928341e-02,-2.845051873474764847e-01,7.174085188098191512e-01,8.046991648720323020e-01,4.853925881005941578e-01,4.251630479564504905e-01,1.676401556493470613e-01,7.148171947996837527e-01,4.731998864739770383e-01,1.000000000000000000e+00,3.177289025644435272e-01,7.990156723612864553e-01,5.866304122949412836e-01,2.567374010676547469e-01,5.273866840718925975e-01,5.500170147130982734e-01,5.751618108144695984e-01,5.029629967851630967e-01,6.736713935311496870e-01,7.642327993080698656e-01,7.007058683986802095e-01,5.785597305807400614e-01,6.258909981933257205e-01,7.973875659777607261e-01,7.815283750649508754e-01,5.968612969457558481e-01,6.008515743042138757e-01,5.967923098468917997e-01,3.180459307153933324e-01,6.716960704480442468e-01,5.419476575639436966e-01,6.702871924439861573e-01,6.018198728940855613e-01
5.172129363545927699e-02,-1.365073804497826115e-01,1.829482060266573173e-01,-9.242165261050847014e-02,8.619470566325737604e-02,7.470230371615264042e-01,-3.301074183047454924e-01,-6.401471297579215333e-03,6.780216352848553174e-02,2.421046903798073358e-01,6.687911886141145734e-01,-4.317451659915473861e-01,-5.486736497537143820e-02,2.726836847619996673e-01,3.213101451022500749e-02,3.177289025644435272e-01,1.000000000000000000e+00,1.159960014537055467e-01,1.204626110260654109e-01,8.935618273237203035e-02,3.292549877525688395e-01,-3.193007831840928481e-03,1.663433541475823341e-01,-4.853563824225417406e-02,4.091791371273212907e-01,4.741662063782277614e-01,5.166065242264843149e-02,5.767916851757026730e-01,2.307104869492001831e-01,2.167471073961729777e-01,2.743118437706538182e-01,1.138523104977503808e-01,4.235287231239242556e-01,-2.091320948026445525e-02,3.403664538813465090e-01,-6.413428133435397638e-02,2.684965450802282994e-01,3.956584282807807940e-01,-1.008953185382120005e-01
6.012985429581936270e-01,6.131295135240154570e-01,6.819815199206331613e-01,1.249059497560013610e-01,6.087952416906045050e-01,3.140171040265675728e-01,-2.602624853552914543e-03,-3.012754543640855931e-01,7.464574639850835025e-01,7.430601933229905587e-01,3.369178728046678395e-01,5.772152943847458362e-01,9.358820493287285658e-02,7.318188489944852382e-01,6.290813675020003881e-01,7.990156723612864553e-01,1.159960014537055467e-01,1.000000000000000000e+00,7.073844336408008360e-01,3.023777068629417974e-01,5.178629828351318798e-01,5.461487019768268558e-01,5.546645755978807379e-01,6.473197691431776812e-01,6.355741203156973773e-01,6.779483569231165019e-01,6.894682631793619398e-01,5.181120091037377806e-01,6.072763376458605311e-01,7.235500849970469828e-01,7.141970702807463045e-01,5.410906847411414144e-01,5.918981563467518026e-01,7.237769802513869255e-01,2.636900538981073461e-01,6.571795897233609907e-01,5.171378589902427825e-01,5.566030325483842800e-01,6.165485365190485068e-01
4.813524643479036857e-01,3.748590002627487650e-01,8.363233526906530546e-01,3.371957441362659624e-01,6.653889818456382166e-01,2.665711845293272653e-01,2.425742435151606591e-01,-3.276748176895123432e-01,6.365178884427893369e-01,7.000148443787489461e-01,1.088066743646005363e-01,2.547011757342685923e-01,6.366325915772132193e-02,6.405218447930011161e-01,4.169813751334537355e-01,5.866304122949412836e-01,1.204626110260654109e-01,7.073844336408008360e-01,1.000000000000000000e+00,5.492805649530883016e-01,6.958581126347064272e-01,5.988508493938434762e-01,5.283476857132548554e-01,5.317257948285050162e-01,5.422497852414077668e-01,5.507008985761890907e-01,4.843486406211996442e-01,5.244009467759167542e-01,4.833448189525517136e-01,6.675769818907453246e-01,6.541742972225059738e-01,2.527101963439597476e-01,6.122684471705612808e-01,7.450731619383119675e-01,2.726071575923365575e-01,4.547226922163736806e-01,4.076351416912714631e-01,4.500183714389963674e-01,3.837130210378191797e-01
-9.502098520889852573e-03,-1.325921183493947164e-01,3.447491209983686855e-01,5.959993764498920932e-01,9.286049215099673182e-02,3.719410974409082526e-01,4.806100933455045299e-01,3.858781840968719123e-01,5.230038016901657899e-02,1.767549453988354335e-01,-1.873120295856817719e-01,-9.394730781676496542e-03,3.685876370664571411e-01,2.563495622652147699e-01,3.168805393669593129e-01,2.567374010676547469e-01,8.935618273237203035e-02,3.023777068629417974e-01,5.492805649530883016e-01,1.000000000000000000e+00,7.447519130113436914e-01,7.107944649648710866e-01,3.080368499155065609e-01,4.490092066038210705e-03,1.480019387752364857e-01,2.508031390750646850e-01,2.529517282518867760e-01,6.008573515128244891e-01,1.004596799485591718e-01,1.762576152824096576e-01,2.510327141408650320e-01,-3.178821108115154614e-01,5.113825333161265974e-01,2.111041247084473882e-01,5.444352668483520841e-01,1.265233629439867780e-01,3.920679981862217889e-01,7.700061889708779972e-03,-1.885628715350807783e-01
3.153611422817342858e-01,1.688795836051296406e-01,6.653126956082182630e-01,3.992971179075269772e-01,4.742687283666655040e-01,4.889978764968759273e-01,3.866226012279435076e-01,2.441080836321878403e-02,3.465123881138335027e-01,4.955833084919308851e-01,1.549634044305444602e-01,5.469183073834008729e-02,3.946777304887712501e-01,5.822984611963094581e-01,2.562423012728409777e-01,5.273866840718925975e-01,3.292549877525688395e-01,5.178629828351318798e-01,6.958581126347064272e-01,7.447519130113436914e-01,1.000000000000000000e+00,8.064496302805914674e-01,4.706436604808839075e-01,2.330468728993524419e-01,4.534610271968727568e-01,5.175226428906415377e-01,4.770869145658653832e-01,7.076391154120738047e-01,4.229392200689161552e-01,4.886362400264814276e-01,6.174073989863986256e-01,7.020340703981767239e-02,7.698183867724338603e-01,4.354812161914448088e-01,6.156772838987870644e-01,4.205748355053061105e-01,5.737664472671868410e-01,3.014431923628327348e-01,1.171605503345719557e-01
2.955692169469020802e-01,3.126927201415846125e-01,5.336020023929187728e-01,4.023398887587998907e-01,3.878059793478985107e-01,3.057577684363127490e-01,5.433692673994037214e-01,1.154391414793003723e-01,3.273131007453041197e-01,4.076861203107788878e-01,-2.163205735179940525e-02,3.784837122381525254e-01,6.237325935368653873e-01,5.100568464423476112e-01,3.093837423878528781e-01,5.500170147130982734e-01,-3.193007831840928481e-03,5.461487019768268558e-01,5.988508493938434762e-01,7.107944649648710866e-01,8.064496302805914674e-01,1.000000000000000000e+00,4.533147282475692985e-01,2.544214880126239309e-01,3.178292383687981171e-01,3.661526030163265721e-01,6.406396765224321443e-01,5.623923439306939276e-01,3.260421253683725706e-01,4.038876223507850138e-01,6.000862028659609271e-01,1.377105500182561060e-01,6.574059754352621354e-01,4.059240045300949729e-01,5.647511609959923184e-01,5.100976129859891017e-01,5.453924587546874481e-01,1.704021419879166166e-01,2.241473586759342163e-01
5.803389003638301791e-01,4.654704008515200275e-01,5.512180327159650339e-01,9.992562874135312023e-02,3.648371966749555106e-01,3.524437414859030171e-01,-1.349673307634555869e-02,-9.210031705821744574e-02,6.194897615125434243e-01,6.153212319725774870e-01,3.573189392539727893e-01,3.397139355181462150e-01,7.573855336320677034e-02,5.956639373494840850e-01,4.493511595435485395e-01,5.751618108144695984e-01,1.663433541475823341e-01,5.546645755978807379e-01,5.283476857132548554e-01,3.080368499155065609e-01,4.706436604808839075e-01,4.533147282475692985e-01,1.000000000000000000e+00,6.073136240253255158e-01,7.594669553967487996e-01,5.620635266794060669e-01,4.694442384539614932e-01,4.543930125057007441e-01,5.710611595126620088e-01,5.969945746272713460e-01,6.200877665510617920e-01,3.160649785421656977e-01,6.222093235591265037e-01,6.490698109532490045e-01,2.710475044495438413e-01,5.112622886966901037e-01,5.430941293525647362e-01,5.281503940452704216e-01,4.708577420443443295e-01
6.461879297840754655e-01,6.595968233290845362e-01,5.859371703736363513e-01,-2.419142230667271464e-04,5.353518345644832088e-01,5.997840423699014878e-02,-1.150177554234012023e-01,-4.524991764659321292e-01,7.732700034147772516e-01,6.216829887626224016e-01,2.377966546510766055e-01,5.496746456730765562e-01,-8.309962215471769498e-02,6.395753220842171904e-01,5.475523768063886854e-01,5.029629967851630967e-01,-4.853563824225417406e-02,6.473197691431776812e-01,5.317257948285050162e-01,4.490092066038210705e-03,2.330468728993524419e-01,2.544214880126239309e-01,6.073136240253255158e-01,1.000000000000000000e+00,6.080550720943439513e-01,5.456680714369068763e-01,5.034181409129719897e-01,2.463739315620562254e-01,6.309375915683496094e-01,6.052713841228576364e-01,5.425834376132633308e-01,5.969198498066558001e-01,4.313506235882270112e-01,7.391709543857539755e-01,8.959222048422776918e-02,4.929808735189753488e-01,4.369273799182999407e-01,5.599374089049048431e-01,6.860066428393567506e-01
6.396629759954055583e-01,5.006553064952463661e-01,6.105716713305264776e-01,8.254356748504532030e-04,5.004107495290095464e-01,4.862554705179106262e-01,-2.551516692229785499e-01,-2.790751997105979654e-01,7.173623944165834487e-01,7.731872646337487609e-01,6.192594681124626854e-01,3.042634917679026829e-01,-7.761810597731894079e-02,7.024717394673001269e-01,4.355888429048697663e-01,6.736713935311496870e-01,4.091791371273212907e-01,6.355741203156973773e-01,5.422497852414077668e-01,1.480019387752364857e-01,4.534610271968727568e-01,3.178292383687981171e-01,7.594669553967487996e-01,6.080550720943439513e-01,1.000000000000000000e+00,7.170128510481286188e-01,5.311554918069093523e-01,5.057138886957064372e-01,6.904468409450142952e-01,7.341319815109287328e-01,7.290832614231653741e-01,4.466097179301492526e-01,6.165226784822882555e-01,6.509909595454212994e-01,2.497744209796945447e-01,5.265770383976892122e-01,5.430723867762131674e-01,6.931736954430276487e-01,6.021118697043708057e-01
6.355396709343259509e-01,5.108293300399582293e-01,6.308369021460451531e-01,-4.447306176774085129e-02,5.336151677263104576e-01,4.579985139122499938e-01,-2.324355342200338237e-01,-2.819382678177391188e-01,7.053603112589874602e-01,7.432105202544589950e-01,5.222707396492931586e-01,2.203775124434652621e-01,-7.130372723031674909e-02,7.186953786539964639e-01,5.599430230807315167e-01,7.642327993080698656e-01,4.741662063782277614e-01,6.779483569231165019e-01,5.507008985761890907e-01,2.508031390750646850e-01,5.175226428906415377e-01,3.661526030163265721e-01,5.620635266794060669e-01,5.456680714369068763e-01,7.170128510481286188e-01,1.000000000000000000e+00,5.845241190580586776e-01,6.862722915684653646e-01,7.528165590480002667e-01,7.644119035681289365e-01,6.809189858283192232e-01,5.431703308655372320e-01,6.757184973319748655e-01,5.951651701478739565e-01,3.177131796899605454e-01,5.816366228525648996e-01,5.603180359173020042e-01,7.773870655360899384e-01,5.199009301710462161e-01
4.649929922325368170e-01,5.540912439520017108e-01,4.951172797261051417e-01,2.838033355236370056e-02,4.334110084627653126e-01,2.811077981881414112e-01,5.553306111680429008e-02,-1.333272871651456359e-01,5.388619376540080275e-01,5.866592520902452756e-01,2.488618195485820250e-01,6.295754617774969031e-01,3.185465603824980674e-01,5.990560655685341906e-01,4.430173034125989284e-01,7.007058683986802095e-01,5.166065242264843149e-02,6.894682631793619398e-01,4.843486406211996442e-01,2.529517282518867760e-01,4.770869145658653832e-01,6.406396765224321443e-01,4.694442384539614932e-01,5.034181409129719897e-01,5.311554918069093523e-01,5.845241190580586776e-01,1.000000000000000000e+00,4.733473042450803692e-01,4.935901414662033360e-01,5.521935458392004392e-01,7.343500960898445840e-01,5.216449990125482383e-01,5.789185808278483059e-01,5.025022705560791003e-01,3.124707232955054037e-01,6.221423437635804632e-01,4.577724485320364689e-01,4.231930893645131642e-01,6.030822456882246607e-01
2.362525971212841580e-01,1.070311138273788987e-01,4.460898115827591770e-01,2.164169124142404921e-01,2.160378469248246391e-01,6.878197334028843812e-01,-5.154405012726229196e-02,1.630081268360596969e-01,3.206159615483998304e-01,4.445100594759244794e-01,3.237349594227651450e-01,2.751308789667865004e-02,2.318420443903717876e-01,5.025649280981326905e-01,5.097972160025032728e-01,5.785597305807400614e-01,5.767916851757026730e-01,5.181120091037377806e-01,5.244009467759167542e-01,6.008573515128244891e-01,7.076391154120738047e-01,5.623923439306939276e-01,4.543930125057007441e-01,2.463739315620562254e-01,5.057138886957064372e-01,6.862722915684653646e-01,4.733473042450803692e-01,1.000000000000000000e+00,3.899194833833379281e-01,4.161796301093881878e-01,5.800292063741842030e-01,1.394192309721863643e-01,7.767299936039292474e-01,3.190464626153956540e-01,5.861138244971266786e-01,2.637691085164796667e-01,5.736780070923326313e-01,5.260595262036695807e-01,1.208230242068582955e-01
7.515987696352582903e-01,6.500932017286910058e-01,6.489524279044825983e-01,1.417115664232372445e-02,6.514118810445843621e-01,2.194272426683753496e-01,-7.410302378090315167e-02,-4.105182529794317303e-01,7.882465392427477902e-01,7.058802250800710887e-01,4.922708655963387026e-01,3.632771019630961495e-01,2.670691647408049429e-02,8.217975073214022208e-01,4.682257815269769696e-01,6.258909981933257205e-01,2.307104869492001831e-01,6.072763376458605311e-01,4.833448189525517136e-01,1.004596799485591718e-01,4.229392200689161552e-01,3.260421253683725706e-01,5.710611595126620088e-01,6.309375915683496094e-01,6.904468409450142952e-01,7.528165590480002667e-01,4.935901414662033360e-01,3.899194833833379281e-01,1.000000000000000000e+00,7.742821451945741673e-01,6.324219501992782710e-01,6.344000316471749557e-01,5.942097033155934183e-01,6.999320997615704476e-01,3.408853540807471605e-01,6.861275565960045508e-01,6.256860985639760564e-01,7.243508412261310259e-01,6.620164743475329683e-01
7.773918663361085724e-01,6.851606284240024936e-01,7.662408157617738302e-01,2.611936858721548849e-02,7.444567593209596712e-01,2.358592248801529290e-01,-2.302652206648140090e-02,-5.183781316024287378e-01,8.507025596005207690e-01,8.912394471853107847e-01,4.445145198011093424e-01,3.661503644469560337e-01,-5.436380140184029347e-02,7.584207743992905648e-01,4.238734891807585115e-01,7.973875659777607261e-01,2.167471073961729777e-01,7.235500849970469828e-01,6.675769818907453246e-01,1.762576152824096576e-01,4.886362400264814276e-01,4.038876223507850138e-01,5.969945746272713460e-01,6.052713841228576364e-01,7.341319815109287328e-01,7.644119035681289365e-01,5.521935458392004392e-01,4.161796301093881878e-01,7.742821451945741673e-01,1.000000000000000000e+00,7.416787336023359378e-01,6.191462912707937916e-01,5.209042814750839412e-01,7.470618280910654718e-01,1.858615260220642940e-01,7.157137991529330945e-01,4.959975643500422193e-01,7.544182037657827244e-01,7.087159396301421221e-01
6.392654627720774085e-01,6.185057760100928226e-01,7.085777715529490983e-01,4.850665167256348886e-02,6.282472497601278016e-01,3.677499901126481952e-01,3.558514758669160949e-02,-3.181879073374984657e-01,7.024101400969950948e-01,8.104353840619163973e-01,4.279548114111463297e-01,4.254451963822180605e-01,2.192809647625130198e-01,7.352507562915860939e-01,3.398851026550803733e-01,7.815283750649508754e-01,2.743118437706538182e-01,7.141970702807463045e-01,6.541742972225059738e-01,2.510327141408650320e-01,6.174073989863986256e-01,6.000862028659609271e-01,6.200877665510617920e-01,5.425834376132633308e-01,7.290832614231653741e-01,6.809189858283192232e-01,7.343500960898445840e-01,5.800292063741842030e-01,6.324219501992782710e-01,7.416787336023359378e-01,1.000000000000000000e+00,5.493640064221229080e-01,7.029593172304526849e-01,6.413338835390207660e-01,3.788797150899454458e-01,6.651936634679288529e-01,5.922910525635832757e-01,6.448134440313351146e-01,6.578836526733095047e-01
6.711370506973157735e-01,7.761019276887102247e-01,4.470279831739377152e-01,-2.658603377624129682e-01,5.901385103137031241e-01,4.560949554461379146e-02,-1.485669083971023485e-01,-5.937299600981397196e-01,7.037419499130838085e-01,5.908740070905877939e-01,4.389148258792499036e-01,4.920756925907029955e-01,5.879334377282886825e-02,6.170434784411975571e-01,3.112231977242397307e-01,5.968612969457558481e-01,1.138523104977503808e-01,5.410906847411414144e-01,2.527101963439597476e-01,-3.178821108115154614e-01,7.020340703981767239e-02,1.377105500182561060e-01,3.160649785421656977e-01,5.969198498066558001e-01,4.466097179301492526e-01,5.431703308655372320e-01,5.216449990125482383e-01,1.394192309721863643e-01,6.344000316471749557e-01,6.191462912707937916e-01,5.493640064221229080e-01,1.000000000000000000e+00,2.968511628197706975e-01,5.108065590491674968e-01,6.124760906991803117e-02,6.346800848757079283e-01,3.302496346202087874e-01,6.269585774794917965e-01,7.636297184411603434e-01
3.686964094860026853e-01,2.668818439912982732e-01,6.371618625611918940e-01,1.105080839597440134e-01,4.008203117959258655e-01,5.671989365855750753e-01,2.472416789989559036e-02,1.198526787900537453e-02,4.701308871466470252e-01,5.334089691680612422e-01,3.686553057784682230e-01,2.109178820410324284e-01,3.467999090017074293e-01,6.793896673207087122e-01,4.705991315440145040e-01,6.008515743042138757e-01,4.235287231239242556e-01,5.918981563467518026e-01,6.122684471705612808e-01,5.113825333161265974e-01,7.698183867724338603e-01,6.574059754352621354e-01,6.222093235591265037e-01,4.313506235882270112e-01,6.165226784822882555e-01,6.757184973319748655e-01,5.789185808278483059e-01,7.767299936039292474e-01,5.942097033155934183e-01,5.209042814750839412e-01,7.029593172304526849e-01,2.968511628197706975e-01,1.000000000000000000e+00,5.514278602901562243e-01,5.698550652599517763e-01,4.580877079513549499e-01,6.438419643108200807e-01,5.052271965981562918e-01,3.062122705930113153e-01
6.933499212666276446e-01,6.171323156103293295e-01,8.250178332330597719e-01,1.258196877246892942e-01,7.162542726286968975e-01,3.265193281737144987e-02,3.500408778164858237e-02,-5.121037445860998627e-01,8.463808408021052943e-01,7.191366678592507888e-01,2.441167228107568310e-01,5.093004679221029285e-01,-5.123759326148753096e-02,7.076896300037395227e-01,5.450428591513050147e-01,5.967923098468917997e-01,-2.091320948026445525e-02,7.237769802513869255e-01,7.450731619383119675e-01,2.111041247084473882e-01,4.354812161914448088e-01,4.059240045300949729e-01,6.490698109532490045e-01,7.391709543857539755e-01,6.509909595454212994e-01,5.951651701478739565e-01,5.025022705560791003e-01,3.190464626153956540e-01,6.999320997615704476e-01,7.470618280910654718e-01,6.413338835390207660e-01,5.108065590491674968e-01,5.514278602901562243e-01,1.000000000000000000e+00,7.728601975026801185e-02,5.860151996938356422e-01,4.095740914064584515e-01,6.320866002250042914e-01,6.883846968804975264e-01
1.060503042721139405e-01,6.145080810910706626e-02,2.181455144209011598e-01,3.923225453282829789e-01,1.392704884524380571e-01,5.975261679454791919e-01,2.902016387076277737e-01,2.547984844542607874e-01,1.073211017061124622e-01,1.931751695770589361e-01,1.791464496390321459e-01,2.000724623398312044e-02,5.331280161101703552e-01,4.734342621228015968e-01,1.892174971041977460e-01,3.180459307153933324e-01,3.403664538813465090e-01,2.636900538981073461e-01,2.726071575923365575e-01,5.444352668483520841e-01,6.156772838987870644e-01,5.647511609959923184e-01,2.710475044495438413e-01,8.959222048422776918e-02,2.497744209796945447e-01,3.177131796899605454e-01,3.124707232955054037e-01,5.861138244971266786e-01,3.408853540807471605e-01,1.858615260220642940e-01,3.788797150899454458e-01,6.124760906991803117e-02,5.698550652599517763e-01,7.728601975026801185e-02,1.000000000000000000e+00,2.258374321171622845e-01,7.623358250351631726e-01,1.586001137064127486e-01,-1.168701016538223857e-02
7.663519640679345990e-01,7.850611430338134689e-01,5.715238385579858305e-01,3.965108960909518449e-02,6.293082164601442319e-01,5.467533760910705393e-02,1.563617540921966864e-01,-3.501796356031334767e-01,7.119038290955097548e-01,6.894566843679225121e-01,2.618392046057350653e-01,5.417585635338572070e-01,1.869499593465070719e-01,7.153658400726584654e-01,3.478129284278930200e-01,6.716960704480442468e-01,-6.413428133435397638e-02,6.571795897233609907e-01,4.547226922163736806e-01,1.265233629439867780e-01,4.205748355053061105e-01,5.100976129859891017e-01,5.112622886966901037e-01,4.929808735189753488e-01,5.265770383976892122e-01,5.816366228525648996e-01,6.221423437635804632e-01,2.637691085164796667e-01,6.861275565960045508e-01,7.157137991529330945e-01,6.651936634679288529e-01,6.346800848757079283e-01,4.580877079513549499e-01,5.860151996938356422e-01,2.258374321171622845e-01,1.000000000000000000e+00,4.962993270578848204e-01,5.272381880439607205e-01,6.821552975942443142e-01
4.716082179852084111e-01,4.155871533600346002e-01,4.465532405075762212e-01,3.121348871281517390e-01,3.853126812892312403e-01,4.915969695793044325e-01,1.337409550015868365e-01,-3.434184031531006820e-02,4.798651266868763643e-01,4.964732441702451315e-01,3.763195435759191798e-01,2.570195067186302751e-01,3.299562205302571938e-01,6.720940690329489930e-01,3.525140359697634396e-01,5.419476575639436966e-01,2.684965450802282994e-01,5.171378589902427825e-01,4.076351416912714631e-01,3.920679981862217889e-01,5.737664472671868410e-01,5.453924587546874481e-01,5.430941293525647362e-01,4.369273799182999407e-01,5.430723867762131674e-01,5.603180359173020042e-01,4.577724485320364689e-01,5.736780070923326313e-01,6.256860985639760564e-01,4.959975643500422193e-01,5.922910525635832757e-01,3.302496346202087874e-01,6.438419643108200807e-01,4.095740914064584515e-01,7.623358250351631726e-01,4.962993270578848204e-01,1.000000000000000000e+00,4.475630030415993499e-01,3.378618425106298395e-01
7.187505151526037972e-01,6.077639940850833034e-01,5.790067793156750131e-01,-9.091738466449339473e-02,5.592206544941115132e-01,2.800975498797462770e-01,-2.943740352213761735e-01,-4.457668386592393284e-01,7.712757190219740044e-01,7.304142880916287828e-01,5.075042174609438739e-01,2.521590894547768857e-01,-1.398124820691713788e-01,6.625628067158294554e-01,4.989322343964540662e-01,6.702871924439861573e-01,3.956584282807807940e-01,5.566030325483842800e-01,4.500183714389963674e-01,7.700061889708779972e-03,3.014431923628327348e-01,1.704021419879166166e-01,5.281503940452704216e-01,5.599374089049048431e-01,6.931736954430276487e-01,7.773870655360899384e-01,4.231930893645131642e-01,5.260595262036695807e-01,7.243508412261310259e-01,7.544182037657827244e-01,6.448134440313351146e-01,6.269585774794917965e-01,5.052271965981562918e-01,6.320866002250042914e-01,1.586001137064127486e-01,5.272381880439607205e-01,4.475630030415993499e-01,1.000000000000000000e+00,6.822490107275048787e-01
7.292709057721442623e-01,8.077991977789373834e-01,5.175167567672762647e-01,-1.605071361587350476e-01,6.079881882964471851e-01,-7.123011367910281333e-02,-1.607633569484039904e-01,-5.395782310595647058e-01,8.121057134583581361e-01,7.126620640755844116e-01,3.105438684721273379e-01,7.049442903070305411e-01,-4.848849383319066286e-03,6.202017709729426009e-01,4.510317245364959260e-01,6.018198728940855613e-01,-1.008953185382120005e-01,6.165485365190485068e-01,3.837130210378191797e-01,-1.885628715350807783e-01,1.171605503345719557e-01,2.241473586759342163e-01,4.708577420443443295e-01,6.860066428393567506e-01,6.021118697043708057e-01,5.199009301710462161e-01,6.030822456882246607e-01,1.208230242068582955e-01,6.620164743475329683e-01,7.087159396301421221e-01,6.578836526733095047e-01,7.636297184411603434e-01,3.062122705930113153e-01,6.883846968804975264e-01,-1.168701016538223857e-02,6.821552975942443142e-01,3.378618425106298395e-01,6.822490107275048787e-01,1.000000000000000000e+00
