1.000000000000000000e+00,7.538686061069771460e-01,7.734382909037021969e-01,4.048194548623033073e-01,7.883439338851359057e-01,4.304690814867256909e-01,3.754360957126375298e-01,3.863278717424303843e-01,8.793881648750765390e-01,8.562725903802099747e-01,4.047247051990752187e-01,-3.080536565255778680e-01,1.009198163179658575e-01,8.149586036636695674e-01,5.443552186464467590e-01,8.580307772128565880e-01,6.788746432124920238e-01,3.260121072229701378e-01,4.482739508886064983e-01,5.945428564493729917e-01,7.342555371133221431e-01,6.988538721733285053e-01,7.850204200590058523e-01,7.310785922471642051e-01,8.730904044110286977e-01,8.084469294817213658e-01,5.668969555923051296e-01,6.849186008858947350e-01,6.653326375208747923e-01,8.016873262608790185e-01,7.149453558323661806e-01,5.971721145010966403e-01,7.355815526807808480e-01,3.228316979364454498e-01,6.047763700912556217e-01,4.561494385005944729e-01,6.310965824774061872e-01,8.339575144046590394e-01,7.384066845529621004e-01
7.538686061069771460e-01,1.000000000000000000e+00,7.142006676092151896e-01,5.725327666777114272e-02,7.429279577721444872e-01,-6.828557370776366930e-02,8.462889146065703805e-02,2.153612627798755785e-01,6.919580975893573349e-01,8.125474569251122103e-01,4.346128347273939263e-01,1.473132725378731578e-01,-2.642214752249353871e-01,5.085000894864856180e-01,5.907510580160277858e-01,8.331252276105406418e-01,3.207040809391313307e-01,4.288218230915570306e-01,5.590290200427083800e-01,1.472264995097531115e-01,4.277618609668574212e-01,5.060877342533293133e-01,7.518784521835083501e-01,2.977993471647907286e-01,6.870052578872031246e-01,3.755255008681123718e-01,4.334528061748361694e-01,1.819764707588382158e-01,1.853625698769109098e-01,4.572570163997326520e-01,3.837245528939883243e-01,1.846578873116405950e-01,3.625693863161630337e-01,6.906071635179430457e-01,1.136447261849135859e-01,7.054652611729033129e-01,1.454765450508896385e-01,5.620934222849440776e-01,6.736257853864771050e-01
7.734382909037021969e-01,7.142006676092151896e-01,1.000000000000000000e+00,2.838450594810863481e-01,8.572976632340040259e-01,1.866240277325831032e-01,2.367400165467686279e-01,3.898918486055831800e-01,7.251696480961230540e-01,7.210531498958475671e-01,4.155352810741720360e-01,-8.595185655551501602e-02,-6.100100924728841037e-03,6.765785275152131906e-01,5.292877520688489268e-01,7.405582805957703352e-01,5.060327681569988245e-01,4.526351061812828869e-01,7.336882386112559828e-01,4.032150196581744117e-01,6.561729756938911029e-01,7.213728688860217009e-01,7.617059958826490895e-01,4.616411876843877771e-01,6.956893919096802659e-01,5.823916771305913676e-01,5.864396521334266366e-01,4.630809158210667520e-01,3.747143671081055172e-01,5.391549687295646986e-01,5.288470341258009189e-01,3.921473116347158894e-01,6.459058249884983560e-01,5.980178910463382902e-01,3.241819182645446773e-01,5.573924223794285426e-01,3.668236018693176170e-01,6.282508792712359069e-01,6.430663698885439317e-01
4.048194548623033073e-01,5.725327666777114272e-02,2.838450594810863481e-01,1.000000000000000000e+00,2.984448157451580763e-01,5.733691462639878278e-01,7.899770350127780505e-01,2.173459140793821964e-01,4.380910244363615536e-01,3.193639027902676619e-01,-8.170145543186410619e-02,-6.036857921428352425e-01,3.282146002744324442e-01,4.513156643192092199e-01,-5.979800000556954875e-02,2.423370277198584610e-01,4.226215777891308978e-01,9.677678987333786231e-02,9.056216126461996696e-02,5.601904584804867637e-01,5.155727318973217788e-01,4.065845644889810040e-01,1.520093742689161143e-01,6.128846175782594052e-01,3.903807661920674077e-01,6.039351581578643602e-01,2.367524303041180223e-01,6.563474142363391328e-01,6.217006602589242314e-01,6.001038651921112299e-01,5.540904583152602703e-01,4.775205445474435262e-01,4.593318439135091746e-01,-2.305491163277720024e-01,6.211806560776219621e-01,-2.479822354079146696e-01,6.085157158706986369e-01,3.548962263905373060e-01,1.917406106112164721e-01
7.883439338851359057e-01,7.429279577721444872e-01,8.572976632340040259e-01,2.984448157451580763e-01,1.000000000000000000e+00,2.389667803035477323e-01,2.139606063423005189e-01,1.909377056530935368e-01,7.692563721896743534e-01,7.370697562675512238e-01,4.308637118581924996e-01,-1.220758707416094019e-01,6.966135998516277510e-03,6.668272461824370501e-01,5.281847427704923215e-01,7.681500083723655781e-01,5.323584856601794035e-01,4.490024155841023656e-01,6.038991412969570982e-01,4.747803097183099785e-01,5.623877332459680245e-01,5.643865806667466289e-01,7.244452027235771530e-01,5.057656847816033308e-01,7.222408581833638097e-01,5.870516001107329851e-01,5.076740039949471095e-01,4.351820377475121293e-01,4.319584928310676863e-01,5.935674544951834442e-01,4.815892933761898864e-01,4.270972529871238654e-01,5.250394257233690354e-01,5.218131927219609167e-01,3.726737662631722237e-01,5.318071927305373370e-01,4.057136165414227391e-01,6.927233682677315096e-01,6.875724616237971487e-01
4.304690814867256909e-01,-6.828557370776366930e-02,1.866240277325831032e-01,5.733691462639878278e-01,2.389667803035477323e-01,1.000000000000000000e+00,4.620197635716679629e-01,1.143028516136370826e-01,4.305563970870481261e-01,3.134467145255114828e-01,2.178817292581246845e-01,-7.350156545824506615e-01,4.509575475040226156e-01,6.745984282145945921e-01,-7.940750997719733806e-02,2.541744948503320556e-01,7.290056399106984442e-01,-5.326731999750960317e-02,-1.880669113112818092e-01,8.328021379096089971e-01,4.447392824164749792e-01,2.799805579376831166e-01,2.574883761030734020e-01,8.020843469825660321e-01,4.846812056863512019e-01,7.186931172370025767e-01,1.980552334884454480e-01,7.634907646500060929e-01,8.567368550553264850e-01,7.074806118117756837e-01,5.723166005884888774e-01,8.152851714612224798e-01,6.173317688969576222e-01,-4.998947527114961376e-01,8.876804479133021397e-01,-2.922861490637895243e-01,8.737085251711957934e-01,5.282134566219415239e-01,2.281394208680062596e-01
3.754360957126375298e-01,8.462889146065703805e-02,2.367400165467686279e-01,7.899770350127780505e-01,2.139606063423005189e-01,4.620197635716679629e-01,1.000000000000000000e+00,3.723700890882957748e-01,3.811685734198586584e-01,3.026094479718021146e-01,-1.662297019632437978e-01,-6.488631685616291778e-01,3.253787465949177227e-01,3.868331049457687243e-01,1.411313842066091659e-02,2.188339214056961579e-01,3.302029953831450149e-01,5.153787227699124784e-02,5.051551485383783124e-02,4.550492262353491024e-01,5.396635128265082626e-01,4.261233115185363851e-01,8.089149558540956186e-02,5.535048117140027868e-01,3.507363462510837970e-01,5.484531838151293082e-01,1.496677797683431954e-01,6.237194754471739877e-01,5.507898447092679506e-01,5.487788197745878671e-01,4.910649217886201567e-01,3.408972265396882362e-01,4.731266360779585733e-01,-1.994345728261620598e-01,5.598779332389246521e-01,-2.777792868510038371e-01,5.151977335881292586e-01,2.631257814926855620e-01,4.559665441488136572e-02
3.863278717424303843e-01,2.153612627798755785e-01,3.898918486055831800e-01,2.173459140793821964e-01,1.909377056530935368e-01,1.143028516136370826e-01,3.723700890882957748e-01,1.000000000000000000e+00,4.215277497813651464e-01,2.878494881105728154e-01,2.750499249629752632e-02,-1.283381214644553972e-02,2.817999629396362171e-01,3.207216907419583873e-01,4.450793877912116447e-01,2.711992411989851415e-01,1.930212265363578927e-01,1.016438445265490792e-01,4.049437080999197525e-01,1.221118088452417400e-01,7.317698799759793094e-01,7.961180344115256213e-01,3.393426011376541318e-01,3.229309601546548336e-01,3.280684075756339912e-01,4.209499323053044750e-01,5.453109676239230597e-01,5.050531759510832330e-01,2.344319133000225541e-01,3.310893850960052176e-01,5.530344791052796971e-01,2.705339862293211217e-01,6.316748958366760203e-01,2.608398697840015878e-01,1.991108012423755680e-01,1.310466944845844472e-01,3.138272837534397675e-01,2.768728892335242664e-01,2.967542678224357466e-01
8.793881648750765390e-01,6.919580975893573349e-01,7.251696480961230540e-01,4.380910244363615536e-01,7.692563721896743534e-01,4.305563970870481261e-01,3.811685734198586584e-01,4.215277497813651464e-01,1.000000000000000000e+00,8.209631424297161306e-01,3.653570141826193440e-01,-2.477019228828083175e-01,1.733587940779438286e-01,7.709184115455843811e-01,5.672234740318075064e-01,7.868748536510825620e-01,6.310415120062253802e-01,2.852335387366442543e-01,4.775253439907110597e-01,5.888778464142431224e-01,7.636476895743339321e-01,7.102977402866519352e-01,7.571629032098334822e-01,7.355740002244460785e-01,8.573919622453030076e-01,8.016939445587293323e-01,6.185717778245334308e-01,6.877475134486779051e-01,6.553365788347640386e-01,8.226885287026299842e-01,7.641427111920993109e-01,6.429136998733712138e-01,6.931506265485358753e-01,3.553569387960151538e-01,5.898663737074132385e-01,4.359614075954940660e-01,6.510260595989985077e-01,8.539421684976141735e-01,8.214249314220253284e-01
8.562725903802099747e-01,8.125474569251122103e-01,7.210531498958475671e-01,3.193639027902676619e-01,7.370697562675512238e-01,3.134467145255114828e-01,3.026094479718021146e-01,2.878494881105728154e-01,8.209631424297161306e-01,1.000000000000000000e+00,3.391710757912991814e-01,-2.173336189416026909e-01,-5.534820552050679493e-02,7.577385567440007019e-01,4.512779689410819084e-01,9.182293088746632526e-01,4.970380366339161027e-01,2.905851356349022918e-01,4.493708778303930895e-01,4.579049762545052138e-01,5.781318666413716167e-01,5.698649531472819163e-01,7.560668360117343001e-01,5.864793904314511419e-01,8.338726742336791675e-01,6.336084486378426028e-01,4.126670012686107225e-01,4.852662091280815493e-01,5.178676262911302564e-01,7.066540561367410378e-01,5.788409206197081547e-01,4.535483552820941400e-01,5.959040625012639314e-01,4.409597264514983350e-01,4.728420241004788194e-01,5.091000579220514854e-01,4.787632446099814310e-01,7.034537173504511465e-01,7.286715927660629699e-01
4.047247051990752187e-01,4.346128347273939263e-01,4.155352810741720360e-01,-8.170145543186410619e-02,4.308637118581924996e-01,2.178817292581246845e-01,-1.662297019632437978e-01,2.750499249629752632e-02,3.653570141826193440e-01,3.391710757912991814e-01,1.000000000000000000e+00,8.117868930946721406e-02,-7.887437971733472775e-02,4.511256888836371881e-01,3.019422311591247188e-01,3.767933419450383847e-01,6.015352149692019257e-01,2.864884887423956306e-01,2.512702603362806930e-01,2.879962991437447495e-01,1.873409757140981069e-01,2.625333871970743638e-01,5.801073031931099910e-01,3.137990960316595079e-01,4.246036416353863863e-01,2.874051634089428431e-01,3.968283969794641486e-01,1.664502297909060402e-01,2.141805212644262713e-01,2.969301365015690752e-01,2.299516307675531779e-01,3.940122699371295667e-01,3.220131338070352789e-01,2.614649650507014367e-01,1.975102000043048311e-01,3.906591742987886584e-01,2.552893075276386203e-01,4.107703678501586353e-01,4.475050232495593749e-01
-3.080536565255778680e-01,1.473132725378731578e-01,-8.595185655551501602e-02,-6.036857921428352425e-01,-1.220758707416094019e-01,-7.350156545824506615e-01,-6.488631685616291778e-01,-1.283381214644553972e-02,-2.477019228828083175e-01,-2.173336189416026909e-01,8.117868930946721406e-02,1.000000000000000000e+00,-3.679059346054397439e-01,-4.880042174598545612e-01,2.588182425015433386e-01,-1.434261733313623721e-01,-5.020288768629872500e-01,2.218122570502991664e-01,2.929998824759024734e-01,-6.386770998332038651e-01,-3.131660854075958844e-01,-9.146407237254311484e-02,6.123133482897857166e-02,-6.252004684157692616e-01,-3.271154680283266947e-01,-5.987071037290685460e-01,1.425480682347818051e-01,-6.470846546429096513e-01,-7.407638792998982868e-01,-5.671615312183314606e-01,-3.334898738499594839e-01,-4.452509582170220415e-01,-4.531669705966857031e-01,5.483748932808867327e-01,-7.711618962698628676e-01,4.646758387963362824e-01,-6.254806568654831533e-01,-3.593614620880773436e-01,2.884174641427827285e-02
1.009198163179658575e-01,-2.642214752249353871e-01,-6.100100924728841037e-03,3.282146002744324442e-01,6.966135998516277510e-03,4.509575475040226156e-01,3.253787465949177227e-01,2.817999629396362171e-01,1.733587940779438286e-01,-5.534820552050679493e-02,-7.887437971733472775e-02,-3.679059346054397439e-01,1.000000000000000000e+00,2.403033232368189664e-01,-1.086458731880267231e-01,-1.135837382576114080e-01,2.934205875872449298e-01,-1.083420258103382078e-01,-1.956121347578989311e-01,3.532716681810759152e-01,2.840851885259524923e-01,2.348595777115739525e-01,-6.291450310932508727e-02,3.520342900557443810e-01,1.361885488357770235e-01,3.295470204046997975e-01,2.298767869674417097e-01,4.527176979837423954e-01,3.660258459250503305e-01,2.445027655604714856e-01,2.668541361017054414e-01,3.998638395041602678e-01,3.149719843880284254e-01,-3.528069525705703202e-01,3.732591026913381071e-01,-2.770392779875164857e-01,4.753239299506666349e-01,1.656426181442110235e-01,9.745426771540839639e-02
8.149586036636695674e-01,5.085000894864856180e-01,6.765785275152131906e-01,4.513156643192092199e-01,6.668272461824370501e-01,6.745984282145945921e-01,3.868331049457687243e-01,3.207216907419583873e-01,7.709184115455843811e-01,7.577385567440007019e-01,4.511256888836371881e-01,-4.880042174598545612e-01,2.403033232368189664e-01,1.000000000000000000e+00,3.477270516322625848e-01,7.264903551073376153e-01,7.813471544372865285e-01,1.765170178432423909e-01,2.660131629024581335e-01,7.047860677981331312e-01,6.753096670832291482e-01,6.059816809349546363e-01,6.871437562897646512e-01,8.138752129049749984e-01,8.152173398027195983e-01,8.259966670442383530e-01,4.632072650569028505e-01,7.444962372046519672e-01,7.723243621847145635e-01,8.102002433559217787e-01,7.208688646425863711e-01,7.445308385995317302e-01,8.011786022047077127e-01,8.760553080100372259e-02,7.516609155249207586e-01,2.091283048749591200e-01,7.703022258475170636e-01,7.674228793194697307e-01,6.089502352562461418e-01
5.443552186464467590e-01,5.907510580160277858e-01,5.292877520688489268e-01,-5.979800000556954875e-02,5.281847427704923215e-01,-7.940750997719733806e-02,1.411313842066091659e-02,4.450793877912116447e-01,5.672234740318075064e-01,4.512779689410819084e-01,3.019422311591247188e-01,2.588182425015433386e-01,-1.086458731880267231e-01,3.477270516322625848e-01,1.000000000000000000e+00,5.673720204264529610e-01,3.248658744499554607e-01,3.158281273611462381e-01,5.339930818806636337e-01,1.134997059131517966e-01,5.625170515265515148e-01,5.667896166717373285e-01,5.201960106278481488e-01,3.080781839579362358e-01,5.113246461255013253e-01,4.078921415161857467e-01,3.873538943466429685e-01,2.847744995163045689e-01,2.038883515205839325e-01,4.061334640158052456e-01,3.477078947029337841e-01,1.452090828194438910e-01,4.264799497063691547e-01,5.476702503398824806e-01,1.341184966889800156e-01,4.902459895038768223e-01,1.378937520361938618e-01,5.592766368561988832e-01,4.418227849461288104e-01
8.580307772128565880e-01,8.331252276105406418e-01,7.405582805957703352e-01,2.423370277198584610e-01,7.681500083723655781e-01,2.541744948503320556e-01,2.188339214056961579e-01,2.711992411989851415e-01,7.868748536510825620e-01,9.182293088746632526e-01,3.767933419450383847e-01,-1.434261733313623721e-01,-1.135837382576114080e-01,7.264903551073376153e-01,5.673720204264529610e-01,1.000000000000000000e+00,5.038936294889726497e-01,3.564564100471500074e-01,4.808803782572029784e-01,4.294769090233833686e-01,5.695422924411619459e-01,5.584009216729082237e-01,7.557512045379564114e-01,5.568375298340147994e-01,8.211521242048619440e-01,6.149384216509610201e-01,3.844932321282449328e-01,4.445677689396395071e-01,4.849352635309357451e-01,6.747764464802117335e-01,5.146709395089908989e-01,3.978006844224235561e-01,5.847376388193644692e-01,4.714354408785397244e-01,4.360824772970030572e-01,5.459459467681769818e-01,4.238934174829627755e-01,7.163484128345003477e-01,6.888575596966777237e-01
6.788746432124920238e-01,3.207040809391313307e-01,5.060327681569988245e-01,4.226215777891308978e-01,5.323584856601794035e-01,7.290056399106984442e-01,3.302029953831450149e-01,1.930212265363578927e-01,6.310415120062253802e-01,4.970380366339161027e-01,6.015352149692019257e-01,-5.020288768629872500e-01,2.934205875872449298e-01,7.813471544372865285e-01,3.248658744499554607e-01,5.038936294889726497e-01,1.000000000000000000e+00,1.716599171433629001e-01,1.338004860151717212e-01,7.708566421506026778e-01,5.667245608285821357e-01,4.787095672360976439e-01,5.664682423510607467e-01,8.188471277218080102e-01,6.680705841336261885e-01,7.961137347265183628e-01,4.074196421177951888e-01,7.439471610436061422e-01,7.862461333399556329e-01,7.682897082226597396e-01,6.212839282949572661e-01,7.646262131697599829e-01,7.249071143181461396e-01,-1.109946003442450202e-01,7.768098736058041132e-01,9.349778991932679306e-02,7.627556438069514888e-01,7.184076085956966340e-01,4.470859376550993525e-01
3.260121072229701378e-01,4.288218230915570306e-01,4.526351061812828869e-01,9.677678987333786231e-02,4.490024155841023656e-01,-5.326731999750960317e-02,5.153787227699124784e-02,1.016438445265490792e-01,2.852335387366442543e-01,2.905851356349022918e-01,2.864884887423956306e-01,2.218122570502991664e-01,-1.083420258103382078e-01,1.765170178432423909e-01,3.158281273611462381e-01,3.564564100471500074e-01,1.716599171433629001e-01,1.000000000000000000e+00,6.133403515906652448e-01,2.017726301479356443e-01,1.839719837830625926e-01,3.023214832553371423e-01,4.148443812938955033e-01,1.743407776280908317e-01,3.284219838261847046e-01,1.571619386251622286e-01,3.570206956936127218e-01,1.632438003501693671e-02,2.349708392534328311e-02,1.884943028413177957e-01,2.198477849035717357e-01,8.190519597539640262e-02,1.796867912219505536e-01,3.555781432039193946e-01,-8.163222610244496788e-03,3.192945792174352593e-01,5.858642864182071058e-02,1.039846232765062883e-01,2.394168910430799491e-01
4.482739508886064983e-01,5.590290200427083800e-01,7.336882386112559828e-01,9.056216126461996696e-02,6.038991412969570982e-01,-1.880669113112818092e-01,5.051551485383783124e-02,4.049437080999197525e-01,4.775253439907110597e-01,4.493708778303930895e-01,2.512702603362806930e-01,2.929998824759024734e-01,-1.956121347578989311e-01,2.660131629024581335e-01,5.339930818806636337e-01,4.808803782572029784e-01,1.338004860151717212e-01,6.133403515906652448e-01,1.000000000000000000e+00,8.039962090588356758e-02,4.509981859363849099e-01,5.769187820426248114e-01,5.878095797290335822e-01,1.232252628941620520e-01,3.691477844585893675e-01,2.330652425982717713e-01,5.369643572273282706e-01,1.326816607457678987e-01,-2.184540981753141722e-02,2.011416236037043281e-01,3.249941586618079747e-01,7.683006643160174287e-02,3.333572160267950779e-01,7.119120027230442238e-01,-7.422710406691850060e-02,5.523536290505013380e-01,3.254233233711005448e-03,2.784194923732636884e-01,4.413458491718510457e-01
5.945428564493729917e-01,1.472264995097531115e-01,4.032150196581744117e-01,5.601904584804867637e-01,4.747803097183099785e-01,8.328021379096089971e-01,4.550492262353491024e-01,1.221118088452417400e-01,5.888778464142431224e-01,4.579049762545052138e-01,2.879962991437447495e-01,-6.386770998332038651e-01,3.532716681810759152e-01,7.047860677981331312e-01,1.134997059131517966e-01,4.294769090233833686e-01,7.708566421506026778e-01,2.017726301479356443e-01,8.039962090588356758e-02,1.000000000000000000e+00,5.156693126273134142e-01,3.917498059140125943e-01,4.209012339144437287e-01,8.444545807286774064e-01,5.888152269319625320e-01,7.848519213804439065e-01,3.221106611459451652e-01,7.776297969630256990e-01,8.557440726350257210e-01,7.786140663434999443e-01,6.247730128026821594e-01,8.099057293639406740e-01,6.541036199646660387e-01,-2.953333884758346795e-01,8.654183438150536700e-01,-5.424144296761879147e-02,8.554344675848248869e-01,6.435502975549138860e-01,3.858526169571220854e-01
7.342555371133221431e-01,4.277618609668574212e-01,6.561729756938911029e-01,5.155727318973217788e-01,5.623877332459680245e-01,4.447392824164749792e-01,5.396635128265082626e-01,7.317698799759793094e-01,7.636476895743339321e-01,5.781318666413716167e-01,1.873409757140981069e-01,-3.131660854075958844e-01,2.840851885259524923e-01,6.753096670832291482e-01,5.625170515265515148e-01,5.695422924411619459e-01,5.667245608285821357e-01,1.839719837830625926e-01,4.509981859363849099e-01,5.156693126273134142e-01,1.000000000000000000e+00,8.789010486442880854e-01,5.610782040711445040e-01,6.990023903160368368e-01,6.735824167303872123e-01,8.055518882433341243e-01,6.050054705064491500e-01,8.041003025263799842e-01,6.381699993508535007e-01,7.307515978245873178e-01,7.580626774796317413e-01,5.771870485423653552e-01,8.218414279326305971e-01,2.042708325699386096e-01,5.853552733568025968e-01,1.741778662452835302e-01,6.383212532984550158e-01,7.101208119829917065e-01,5.480171370073216863e-01
6.988538721733285053e-01,5.060877342533293133e-01,7.213728688860217009e-01,4.065845644889810040e-01,5.643865806667466289e-01,2.799805579376831166e-01,4.261233115185363851e-01,7.961180344115256213e-01,7.102977402866519352e-01,5.698649531472819163e-01,2.625333871970743638e-01,-9.146407237254311484e-02,2.348595777115739525e-01,6.059816809349546363e-01,5.667896166717373285e-01,5.584009216729082237e-01,4.787095672360976439e-01,3.023214832553371423e-01,5.769187820426248114e-01,3.917498059140125943e-01,8.789010486442880854e-01,1.000000000000000000e+00,6.445336142323405682e-01,5.551480835688841209e-01,6.212902336308091522e-01,6.635797930238357401e-01,7.296118879611799279e-01,6.666229546449162768e-01,4.526028376544748433e-01,5.928066702324304993e-01,7.447505840837709279e-01,5.030976565040289339e-01,7.986942633676329395e-01,3.818878063441653037e-01,4.037912663086553611e-01,3.423603925355559463e-01,5.150877656658658932e-01,5.901945342611362166e-01,5.929288317473324632e-01
7.850204200590058523e-01,7.518784521835083501e-01,7.617059958826490895e-01,1.520093742689161143e-01,7.244452027235771530e-01,2.574883761030734020e-01,8.089149558540956186e-02,3.393426011376541318e-01,7.571629032098334822e-01,7.560668360117343001e-01,5.801073031931099910e-01,6.123133482897857166e-02,-6.291450310932508727e-02,6.871437562897646512e-01,5.201960106278481488e-01,7.557512045379564114e-01,5.664682423510607467e-01,4.148443812938955033e-01,5.878095797290335822e-01,4.209012339144437287e-01,5.610782040711445040e-01,6.445336142323405682e-01,1.000000000000000000e+00,5.042874504329355467e-01,7.085744486856114799e-01,5.400242222183724294e-01,6.638590617292684515e-01,4.241149010269061881e-01,3.653077281992321845e-01,5.668431164138543199e-01,6.093540789109616052e-01,5.625552466199161827e-01,5.908859274316000665e-01,5.247623112042283378e-01,3.282856465682819636e-01,6.625987007670058881e-01,4.322776000801054064e-01,6.351001073969380073e-01,7.263453803198410830e-01
7.310785922471642051e-01,2.977993471647907286e-01,4.616411876843877771e-01,6.128846175782594052e-01,5.057656847816033308e-01,8.020843469825660321e-01,5.535048117140027868e-01,3.229309601546548336e-01,7.355740002244460785e-01,5.864793904314511419e-01,3.137990960316595079e-01,-6.252004684157692616e-01,3.520342900557443810e-01,8.138752129049749984e-01,3.080781839579362358e-01,5.568375298340147994e-01,8.188471277218080102e-01,1.743407776280908317e-01,1.232252628941620520e-01,8.444545807286774064e-01,6.990023903160368368e-01,5.551480835688841209e-01,5.042874504329355467e-01,1.000000000000000000e+00,7.435889519498529721e-01,9.034527895553867705e-01,4.181849184462942404e-01,8.721706772760060566e-01,9.094917562765845176e-01,8.885613529325181448e-01,7.713276310059445917e-01,8.061077918563711586e-01,7.745188412261767574e-01,-1.915673634706142048e-01,8.881831366168788655e-01,-4.300546980476985942e-02,8.836034375469640212e-01,7.639559857403314114e-01,4.971377140150974316e-01
8.730904044110286977e-01,6.870052578872031246e-01,6.956893919096802659e-01,3.903807661920674077e-01,7.222408581833638097e-01,4.846812056863512019e-01,3.507363462510837970e-01,3.280684075756339912e-01,8.573919622453030076e-01,8.338726742336791675e-01,4.246036416353863863e-01,-3.271154680283266947e-01,1.361885488357770235e-01,8.152173398027195983e-01,5.113246461255013253e-01,8.211521242048619440e-01,6.680705841336261885e-01,3.284219838261847046e-01,3.691477844585893675e-01,5.888152269319625320e-01,6.735824167303872123e-01,6.212902336308091522e-01,7.085744486856114799e-01,7.435889519498529721e-01,1.000000000000000000e+00,7.882062742976820857e-01,4.738134378416990478e-01,6.334285506911515595e-01,6.892393595004172591e-01,8.219382644482574607e-01,6.707647151885891557e-01,5.664600713707199642e-01,7.026629427410249207e-01,2.765802197838865828e-01,6.290969716715849591e-01,3.839978374497305946e-01,6.317070247541086703e-01,8.175330608331697890e-01,7.274575231190854030e-01
8.084469294817213658e-01,3.755255008681123718e-01,5.823916771305913676e-01,6.039351581578643602e-01,5.870516001107329851e-01,7.186931172370025767e-01,5.484531838151293082e-01,4.209499323053044750e-01,8.016939445587293323e-01,6.336084486378426028e-01,2.874051634089428431e-01,-5.987071037290685460e-01,3.295470204046997975e-01,8.259966670442383530e-01,4.078921415161857467e-01,6.149384216509610201e-01,7.961137347265183628e-01,1.571619386251622286e-01,2.330652425982717713e-01,7.848519213804439065e-01,8.055518882433341243e-01,6.635797930238357401e-01,5.400242222183724294e-01,9.034527895553867705e-01,7.882062742976820857e-01,1.000000000000000000e+00,4.770845170707803673e-01,9.047857907503431552e-01,8.942978073869589650e-01,9.041941500171766233e-01,7.982663001216105947e-01,7.546901198640375563e-01,8.226473830847009783e-01,-7.398339943662234075e-02,8.574357139319279675e-01,6.408901258301716308e-02,8.461398842079116411e-01,8.418649540147048471e-01,5.559773161907978212e-01
5.668969555923051296e-01,4.334528061748361694e-01,5.864396521334266366e-01,2.367524303041180223e-01,5.076740039949471095e-01,1.980552334884454480e-01,1.496677797683431954e-01,5.453109676239230597e-01,6.185717778245334308e-01,4.126670012686107225e-01,3.968283969794641486e-01,1.425480682347818051e-01,2.298767869674417097e-01,4.632072650569028505e-01,3.873538943466429685e-01,3.844932321282449328e-01,4.074196421177951888e-01,3.570206956936127218e-01,5.369643572273282706e-01,3.221106611459451652e-01,6.050054705064491500e-01,7.296118879611799279e-01,6.638590617292684515e-01,4.181849184462942404e-01,4.738134378416990478e-01,4.770845170707803673e-01,1.000000000000000000e+00,4.529072907693622030e-01,2.699820618211181689e-01,3.722167187693694035e-01,7.152838597157633593e-01,5.763565583578017515e-01,5.423443893741837218e-01,3.639606429772659912e-01,2.154200095262635839e-01,4.572382103098432959e-01,4.640397423233659224e-01,4.734423033724309837e-01,7.049961909407580496e-01
6.849186008858947350e-01,1.819764707588382158e-01,4.630809158210667520e-01,6.563474142363391328e-01,4.351820377475121293e-01,7.634907646500060929e-01,6.237194754471739877e-01,5.050531759510832330e-01,6.877475134486779051e-01,4.852662091280815493e-01,1.664502297909060402e-01,-6.470846546429096513e-01,4.527176979837423954e-01,7.444962372046519672e-01,2.847744995163045689e-01,4.445677689396395071e-01,7.439471610436061422e-01,1.632438003501693671e-02,1.326816607457678987e-01,7.776297969630256990e-01,8.041003025263799842e-01,6.666229546449162768e-01,4.241149010269061881e-01,8.721706772760060566e-01,6.334285506911515595e-01,9.047857907503431552e-01,4.529072907693622030e-01,1.000000000000000000e+00,8.744943953834183326e-01,8.303321171508523113e-01,7.943346728928891709e-01,7.696110542600931304e-01,8.222922092348539103e-01,-2.104478607943147117e-01,8.573504535975163821e-01,-8.878441509822285194e-02,8.631735299680028950e-01,7.229474789043804916e-01,4.291539133354356772e-01
6.653326375208747923e-01,1.853625698769109098e-01,3.747143671081055172e-01,6.217006602589242314e-01,4.319584928310676863e-01,8.567368550553264850e-01,5.507898447092679506e-01,2.344319133000225541e-01,6.553365788347640386e-01,5.178676262911302564e-01,2.141805212644262713e-01,-7.407638792998982868e-01,3.660258459250503305e-01,7.723243621847145635e-01,2.038883515205839325e-01,4.849352635309357451e-01,7.862461333399556329e-01,2.349708392534328311e-02,-2.184540981753141722e-02,8.557440726350257210e-01,6.381699993508535007e-01,4.526028376544748433e-01,3.653077281992321845e-01,9.094917562765845176e-01,6.892393595004172591e-01,8.942978073869589650e-01,2.699820618211181689e-01,8.744943953834183326e-01,1.000000000000000000e+00,8.818771837311485395e-01,6.902978996002672174e-01,7.791377231560402405e-01,7.357247855067913234e-01,-3.214241944679531726e-01,9.458546362362981741e-01,-1.301672239035032430e-01,8.908252623582026963e-01,7.589458008773395381e-01,4.000188203144921517e-01
8.016873262608790185e-01,4.572570163997326520e-01,5.391549687295646986e-01,6.001038651921112299e-01,5.935674544951834442e-01,7.074806118117756837e-01,5.487788197745878671e-01,3.310893850960052176e-01,8.226885287026299842e-01,7.066540561367410378e-01,2.969301365015690752e-01,-5.671615312183314606e-01,2.445027655604714856e-01,8.102002433559217787e-01,4.061334640158052456e-01,6.747764464802117335e-01,7.682897082226597396e-01,1.884943028413177957e-01,2.011416236037043281e-01,7.786140663434999443e-01,7.307515978245873178e-01,5.928066702324304993e-01,5.668431164138543199e-01,8.885613529325181448e-01,8.219382644482574607e-01,9.041941500171766233e-01,3.722167187693694035e-01,8.303321171508523113e-01,8.818771837311485395e-01,1.000000000000000000e+00,7.483057345095951440e-01,7.277790726552839651e-01,7.460755970170993567e-01,-3.752707469420470121e-02,8.508134775895787039e-01,9.509860549757308268e-02,8.084869843264910205e-01,8.273697078087989265e-01,5.589599843740535867e-01
7.149453558323661806e-01,3.837245528939883243e-01,5.288470341258009189e-01,5.540904583152602703e-01,4.815892933761898864e-01,5.723166005884888774e-01,4.910649217886201567e-01,5.530344791052796971e-01,7.641427111920993109e-01,5.788409206197081547e-01,2.299516307675531779e-01,-3.334898738499594839e-01,2.668541361017054414e-01,7.208688646425863711e-01,3.477078947029337841e-01,5.146709395089908989e-01,6.212839282949572661e-01,2.198477849035717357e-01,3.249941586618079747e-01,6.247730128026821594e-01,7.580626774796317413e-01,7.447505840837709279e-01,6.093540789109616052e-01,7.713276310059445917e-01,6.707647151885891557e-01,7.982663001216105947e-01,7.152838597157633593e-01,7.943346728928891709e-01,6.902978996002672174e-01,7.483057345095951440e-01,1.000000000000000000e+00,7.675157600146933490e-01,7.620317912841144681e-01,3.561676344432121444e-02,6.548532241328888226e-01,1.580571225969443494e-01,7.753154502801047343e-01,6.612109946963365958e-01,6.299219606401189608e-01
5.971721145010966403e-01,1.846578873116405950e-01,3.921473116347158894e-01,4.775205445474435262e-01,4.270972529871238654e-01,8.152851714612224798e-01,3.408972265396882362e-01,2.705339862293211217e-01,6.429136998733712138e-01,4.535483552820941400e-01,3.940122699371295667e-01,-4.452509582170220415e-01,3.998638395041602678e-01,7.445308385995317302e-01,1.452090828194438910e-01,3.978006844224235561e-01,7.646262131697599829e-01,8.190519597539640262e-02,7.683006643160174287e-02,8.099057293639406740e-01,5.771870485423653552e-01,5.030976565040289339e-01,5.625552466199161827e-01,8.061077918563711586e-01,5.664600713707199642e-01,7.546901198640375563e-01,5.763565583578017515e-01,7.696110542600931304e-01,7.791377231560402405e-01,7.277790726552839651e-01,7.675157600146933490e-01,1.000000000000000000e+00,6.836643924197228772e-01,-2.130142943121546006e-01,7.816644340117335776e-01,5.709475581066200678e-02,9.002618261904850039e-01,6.648656330597768616e-01,5.280649202944438514e-01
7.355815526807808480e-01,3.625693863161630337e-01,6.459058249884983560e-01,4.593318439135091746e-01,5.250394257233690354e-01,6.173317688969576222e-01,4.731266360779585733e-01,6.316748958366760203e-01,6.931506265485358753e-01,5.959040625012639314e-01,3.220131338070352789e-01,-4.531669705966857031e-01,3.149719843880284254e-01,8.011786022047077127e-01,4.264799497063691547e-01,5.847376388193644692e-01,7.249071143181461396e-01,1.796867912219505536e-01,3.333572160267950779e-01,6.541036199646660387e-01,8.218414279326305971e-01,7.986942633676329395e-01,5.908859274316000665e-01,7.745188412261767574e-01,7.026629427410249207e-01,8.226473830847009783e-01,5.423443893741837218e-01,8.222922092348539103e-01,7.357247855067913234e-01,7.460755970170993567e-01,7.620317912841144681e-01,6.836643924197228772e-01,1.000000000000000000e+00,7.608103727860450471e-02,7.212779798194374203e-01,1.459984575995359468e-01,7.409972678753795616e-01,6.860490146536768474e-01,4.956914823835394390e-01
3.228316979364454498e-01,6.906071635179430457e-01,5.980178910463382902e-01,-2.305491163277720024e-01,5.218131927219609167e-01,-4.998947527114961376e-01,-1.994345728261620598e-01,2.608398697840015878e-01,3.553569387960151538e-01,4.409597264514983350e-01,2.614649650507014367e-01,5.483748932808867327e-01,-3.528069525705703202e-01,8.760553080100372259e-02,5.476702503398824806e-01,4.714354408785397244e-01,-1.109946003442450202e-01,3.555781432039193946e-01,7.119120027230442238e-01,-2.953333884758346795e-01,2.042708325699386096e-01,3.818878063441653037e-01,5.247623112042283378e-01,-1.915673634706142048e-01,2.765802197838865828e-01,-7.398339943662234075e-02,3.639606429772659912e-01,-2.104478607943147117e-01,-3.214241944679531726e-01,-3.752707469420470121e-02,3.561676344432121444e-02,-2.130142943121546006e-01,7.608103727860450471e-02,1.000000000000000000e+00,-3.835550072931396826e-01,7.428867855813262588e-01,-3.136494003782050455e-01,1.533881397148408876e-01,4.552139567774233231e-01
6.047763700912556217e-01,1.136447261849135859e-01,3.241819182645446773e-01,6.211806560776219621e-01,3.726737662631722237e-01,8.876804479133021397e-01,5.598779332389246521e-01,1.991108012423755680e-01,5.898663737074132385e-01,4.728420241004788194e-01,1.975102000043048311e-01,-7.711618962698628676e-01,3.732591026913381071e-01,7.516609155249207586e-01,1.341184966889800156e-01,4.360824772970030572e-01,7.768098736058041132e-01,-8.163222610244496788e-03,-7.422710406691850060e-02,8.654183438150536700e-01,5.853552733568025968e-01,4.037912663086553611e-01,3.282856465682819636e-01,8.881831366168788655e-01,6.290969716715849591e-01,8.574357139319279675e-01,2.154200095262635839e-01,8.573504535975163821e-01,9.458546362362981741e-01,8.508134775895787039e-01,6.548532241328888226e-01,7.816644340117335776e-01,7.212779798194374203e-01,-3.835550072931396826e-01,1.000000000000000000e+00,-1.768878583277561090e-01,8.884784297491605809e-01,6.949449368231603863e-01,3.275000726593116918e-01
4.561494385005944729e-01,7.054652611729033129e-01,5.573924223794285426e-01,-2.479822354079146696e-01,5.318071927305373370e-01,-2.922861490637895243e-01,-2.777792868510038371e-01,1.310466944845844472e-01,4.359614075954940660e-01,5.091000579220514854e-01,3.906591742987886584e-01,4.646758387963362824e-01,-2.770392779875164857e-01,2.091283048749591200e-01,4.902459895038768223e-01,5.459459467681769818e-01,9.349778991932679306e-02,3.192945792174352593e-01,5.523536290505013380e-01,-5.424144296761879147e-02,1.741778662452835302e-01,3.423603925355559463e-01,6.625987007670058881e-01,-4.300546980476985942e-02,3.839978374497305946e-01,6.408901258301716308e-02,4.572382103098432959e-01,-8.878441509822285194e-02,-1.301672239035032430e-01,9.509860549757308268e-02,1.580571225969443494e-01,5.709475581066200678e-02,1.459984575995359468e-01,7.428867855813262588e-01,-1.768878583277561090e-01,1.000000000000000000e+00,-9.161944516197807753e-02,3.275622164861284880e-01,5.769590204761559926e-01
6.310965824774061872e-01,1.454765450508896385e-01,3.668236018693176170e-01,6.085157158706986369e-01,4.057136165414227391e-01,8.737085251711957934e-01,5.151977335881292586e-01,3.138272837534397675e-01,6.510260595989985077e-01,4.787632446099814310e-01,2.552893075276386203e-01,-6.254806568654831533e-01,4.753239299506666349e-01,7.703022258475170636e-01,1.378937520361938618e-01,4.238934174829627755e-01,7.627556438069514888e-01,5.858642864182071058e-02,3.254233233711005448e-03,8.554344675848248869e-01,6.383212532984550158e-01,5.150877656658658932e-01,4.322776000801054064e-01,8.836034375469640212e-01,6.317070247541086703e-01,8.461398842079116411e-01,4.640397423233659224e-01,8.631735299680028950e-01,8.908252623582026963e-01,8.084869843264910205e-01,7.753154502801047343e-01,9.002618261904850039e-01,7.409972678753795616e-01,-3.136494003782050455e-01,8.884784297491605809e-01,-9.161944516197807753e-02,1.000000000000000000e+00,6.905566760778011348e-01,4.662598742646193450e-01
8.339575144046590394e-01,5.620934222849440776e-01,6.282508792712359069e-01,3.548962263905373060e-01,6.927233682677315096e-01,5.282134566219415239e-01,2.631257814926855620e-01,2.768728892335242664e-01,8.539421684976141735e-01,7.034537173504511465e-01,4.107703678501586353e-01,-3.593614620880773436e-01,1.656426181442110235e-01,7.674228793194697307e-01,5.592766368561988832e-01,7.163484128345003477e-01,7.184076085956966340e-01,1.039846232765062883e-01,2.784194923732636884e-01,6.435502975549138860e-01,7.101208119829917065e-01,5.901945342611362166e-01,6.351001073969380073e-01,7.639559857403314114e-01,8.175330608331697890e-01,8.418649540147048471e-01,4.734423033724309837e-01,7.229474789043804916e-01,7.589458008773395381e-01,8.273697078087989265e-01,6.612109946963365958e-01,6.648656330597768616e-01,6.860490146536768474e-01,1.533881397148408876e-01,6.949449368231603863e-01,3.275622164861284880e-01,6.905566760778011348e-01,1.000000000000000000e+00,7.257741994437337807e-01
7.384066845529621004e-01,6.736257853864771050e-01,6.430663698885439317e-01,1.917406106112164721e-01,6.875724616237971487e-01,2.281394208680062596e-01,4.559665441488136572e-02,2.967542678224357466e-01,8.214249314220253284e-01,7.286715927660629699e-01,4.475050232495593749e-01,2.884174641427827285e-02,9.745426771540839639e-02,6.089502352562461418e-01,4.418227849461288104e-01,6.888575596966777237e-01,4.470859376550993525e-01,2.394168910430799491e-01,4.413458491718510457e-01,3.858526169571220854e-01,5.480171370073216863e-01,5.929288317473324632e-01,7.263453803198410830e-01,4.971377140150974316e-01,7.274575231190854030e-01,5.559773161907978212e-01,7.049961909407580496e-01,4.291539133354356772e-01,4.000188203144921517e-01,5.589599843740535867e-01,6.299219606401189608e-01,5.280649202944438514e-01,4.956914823835394390e-01,4.552139567774233231e-01,3.275000726593116918e-01,5.769590204761559926e-01,4.662598742646193450e-01,7.257741994437337807e-01,1.000000000000000000e+00
