1.000000000000000000e+00,-3.547213333910270716e-01,1.730952048092225526e-02,-2.411982127479035676e-01,2.866549883970577195e-01,-2.850189297930026955e-01,-4.660506766551650304e-01,-1.015933499758073510e-01,7.176807155588046383e-01,5.549571593999454988e-01,-5.392678930930234760e-01,-9.373121053582325959e-03,-6.670621869863360143e-01,-1.673604418111480363e-01,3.878641449869765084e-02,3.726714514295330627e-01,-3.400120937592164827e-01,2.858911142741966116e-01,5.221232424941379957e-01,2.473885720442475511e-01,-5.565114029216186031e-01,-4.074031717436791822e-01,-2.707358119395140150e-01,9.285589201901799095e-02,-4.363626056779009166e-01,5.316857210203835837e-01,-3.906744274967385855e-01,3.279359939270992119e-01,-2.658206168373172251e-01,6.989047968738273386e-01,-4.854791049481904097e-01,-2.914644631834440447e-01,-5.207138391225016871e-01,2.833983830011139182e-01,-4.438712011907813282e-01,-2.566444673395722464e-01,-4.324117228650548594e-01,6.705942166086390488e-01,7.843250289246328499e-02
-3.547213333910270716e-01,1.000000000000000000e+00,6.498524114983740552e-02,2.153151166111733350e-01,-1.572684147194139404e-01,3.679418268723613772e-01,4.773682842252538472e-01,-1.228387607893011851e-02,-3.855206171746658472e-01,-1.467058502870225989e-01,5.914298474738314271e-01,2.250677646383590358e-01,6.946688304719271789e-01,6.546907575132443480e-01,-1.084315409009402598e-01,-1.134704435600921019e-01,3.328819555327939828e-01,-3.522814744789279362e-01,-5.789012007999750908e-01,-2.676887306408871070e-01,5.266956508246427582e-01,5.218451434627893182e-01,3.709336362254550545e-01,1.962049581681473975e-01,5.560936569431264020e-01,-3.237983166155789516e-01,6.387032198625843815e-01,-3.660802859074471782e-01,5.174483249113653871e-01,-4.274968214389418542e-01,7.256174858794864901e-01,5.952052898848232410e-01,6.145897032688997230e-01,-7.803286400849201998e-02,7.346243740451487980e-01,7.480991997485536560e-01,7.049277125219698403e-01,-4.856184011261341915e-01,3.148792531536859785e-01
1.730952048092225526e-02,6.498524114983740552e-02,1.000000000000000000e+00,-1.361751541459735870e-01,6.376948138789314546e-01,-1.247846326881419804e-01,3.379126334410738064e-01,-9.047734738327047888e-01,5.867282894630574536e-02,1.118620343697857011e-01,-2.794743601539657202e-02,2.819417165974451023e-01,2.451107494836849143e-01,3.212130578824909377e-01,-2.582908306093646966e-01,3.911711740546609528e-01,-8.472164734196843683e-02,2.926789627671687599e-01,1.355587166311665592e-01,3.934973032267364279e-01,3.748636591294231546e-01,4.509367499270932611e-01,9.162518357792152901e-02,2.784123996474477392e-01,1.278791779555052965e-01,2.086079694735526735e-01,2.308549002359276403e-01,4.534753412713934950e-01,8.982747733124350764e-02,7.079121604664831424e-02,3.361545601313651321e-01,7.503925091564282723e-02,3.333700050107030743e-01,4.503289203651987260e-01,2.255278444162420459e-01,3.001162591016950931e-01,1.139212089785381493e-01,2.343261974070562359e-01,3.353433726106986312e-01
-2.411982127479035676e-01,2.153151166111733350e-01,-1.361751541459735870e-01,1.000000000000000000e+00,-8.937442134250142556e-02,1.011686067087336077e-01,-1.479036713821580817e-03,1.444061361717588199e-01,7.492975869353874288e-03,1.680468002967638597e-01,1.153415174602938492e-01,1.193959072161999702e-01,7.697567709229971578e-02,6.492704254412322296e-02,-1.279623655717478936e-01,1.122533163741464349e-02,5.148946652069093938e-02,3.166819638642584533e-02,-1.446055796947637306e-01,-2.735072425668831353e-01,2.525557831923445906e-02,3.336690778853544648e-02,-6.323837713363104907e-02,-1.331648903737460421e-01,6.648430513499649364e-02,-4.100148370931893105e-01,-3.868290666830807856e-02,-5.982188307354934231e-01,-1.261832687647197748e-01,3.889488394562017060e-02,-4.701159942118949414e-02,9.279214654988791888e-02,9.252817315965826406e-02,-2.308392473911847764e-01,-4.199131946969164586e-02,-8.088903862959746782e-03,3.889553184315354233e-03,-1.278576710970343311e-01,2.853359493074314468e-01
2.866549883970577195e-01,-1.572684147194139404e-01,6.376948138789314546e-01,-8.937442134250142556e-02,1.000000000000000000e+00,-2.496450735301950219e-01,8.530849173038752842e-02,-6.700205133088343867e-01,3.641564632267020318e-01,4.161733224610706938e-01,-2.617501373409791832e-01,2.560988803757007215e-01,-1.248028944968857523e-01,2.208389356570772122e-01,-2.430378895679722040e-01,6.150914775485097907e-01,-2.417075673185521134e-01,4.927095594704844483e-01,3.792900598426618974e-01,2.982540184096337810e-01,-6.650044522273541869e-02,5.650281395922760602e-02,-7.713062787256898256e-02,3.561854354551393653e-01,-1.118533020448681525e-01,4.916528266730836871e-01,1.344846301099047459e-01,4.663572111987450697e-01,-3.385238400702104272e-02,4.068865234580249512e-01,7.276553911539163089e-02,1.072460623520190559e-01,-3.078496009803168010e-02,6.356916622229925595e-01,-3.799176502869822114e-02,-3.178129685990757625e-02,-7.985594043393320907e-02,5.467714182048284410e-01,4.703625331545414623e-01
-2.850189297930026955e-01,3.679418268723613772e-01,-1.247846326881419804e-01,1.011686067087336077e-01,-2.496450735301950219e-01,1.000000000000000000e+00,-2.223773353419402632e-01,2.092695958321969529e-01,-5.395567168613225606e-01,-4.231982481409626295e-01,7.962326106041290874e-01,-4.820583288852332005e-01,3.698921222436132861e-01,4.050475776209704892e-01,-5.082614053413175847e-01,-4.231818390663012047e-02,8.494589296508779919e-01,-6.193679872860246016e-01,-7.046168870415630003e-01,-2.140631449904057404e-01,4.186371267989507650e-01,5.070960220482831904e-01,7.277335365411480295e-01,1.140074557911019693e-01,6.829549056437136390e-01,-3.070610872721337148e-01,1.759221868360681118e-01,-3.904998195063428268e-01,5.826806741586822991e-01,-4.352026878924315501e-01,2.197096824711759488e-01,2.441593201902558519e-01,6.268430077984981086e-01,-4.784598168104043370e-01,3.657191612052085317e-01,4.425598026346900804e-01,5.094245195358254596e-01,-6.426133579569581755e-01,-2.647264118648540721e-01
-4.660506766551650304e-01,4.773682842252538472e-01,3.379126334410738064e-01,-1.479036713821580817e-03,8.530849173038752842e-02,-2.223773353419402632e-01,1.000000000000000000e+00,-3.212042837341815837e-01,-3.449347378976121981e-01,-2.271268277199394170e-01,1.224462823652809618e-01,5.193159135225340339e-01,6.058587613043614484e-01,3.047980328819912543e-01,2.007401609674975829e-01,-1.890913522539371394e-01,-1.663613708980348493e-01,1.589328778403775733e-01,-3.138240215703066299e-02,-2.190214088598212497e-02,4.583383714486883864e-01,3.143580931797950728e-01,-3.961251194184217585e-04,1.951729757951958244e-01,1.706233131547413573e-01,-3.881968700098444719e-02,6.561872631166693060e-01,1.844858999717227943e-01,1.976016471674273134e-01,-4.505074810739904678e-01,7.091829095016985995e-01,4.459421189029653121e-01,2.969595858259529431e-01,1.626557684535892556e-01,5.577935822527249066e-01,3.848253855588602002e-01,4.181100375052004825e-01,-1.960732375503735914e-01,2.290720771488495566e-01
-1.015933499758073510e-01,-1.228387607893011851e-02,-9.047734738327047888e-01,1.444061361717588199e-01,-6.700205133088343867e-01,2.092695958321969529e-01,-3.212042837341815837e-01,1.000000000000000000e+00,-1.192033678667707985e-01,-1.602496062643282426e-01,1.254587119618314206e-01,-2.911360053008498205e-01,-1.658655536671198027e-01,-2.971590129078700571e-01,2.474772861391179302e-01,-4.169888956156039828e-01,1.711204499551753910e-01,-3.367368888246453085e-01,-2.099864157700129241e-01,-3.471463565694353770e-01,-2.473133935001737838e-01,-3.341326071133187692e-01,-4.577827211514964162e-02,-3.049980746241009455e-01,-6.779088697586295453e-02,-2.979758678921722304e-01,-2.266638557195403691e-01,-5.097507731436959899e-01,-6.546078763141369161e-02,-1.306062773094212870e-01,-3.102608398657531463e-01,-9.634181869898411632e-02,-2.145170233941246507e-01,-4.976479390895321431e-01,-1.812301204163198343e-01,-2.561126476880116187e-01,-6.134226816145856714e-02,-3.091306133740571171e-01,-3.288007856044262711e-01
7.176807155588046383e-01,-3.855206171746658472e-01,5.867282894630574536e-02,7.492975869353874288e-03,3.641564632267020318e-01,-5.395567168613225606e-01,-3.449347378976121981e-01,-1.192033678667707985e-01,1.000000000000000000e+00,7.935556601782319808e-01,-7.119625426104603250e-01,3.188921054452890647e-01,-6.966148779449419237e-01,-2.914101888431719356e-01,2.574575868559684788e-01,4.360610358537554965e-01,-5.859939851479184503e-01,5.685853520849128984e-01,6.886073899378483132e-01,2.982360212976084002e-01,-5.756280683273622412e-01,-4.935417629415444485e-01,-5.162055914572415416e-01,4.532335738570012623e-02,-6.096642715923462630e-01,3.989529052247875462e-01,-4.155113103025502852e-01,1.667695397953204706e-01,-5.505607363375051300e-01,8.786205698005046250e-01,-5.538218363011427892e-01,-3.220769676883570298e-01,-5.942491193230656776e-01,4.391081492987418677e-01,-5.677259923207108594e-01,-4.557810248050034874e-01,-5.936073066858261749e-01,8.278633448029084629e-01,3.907672460891958299e-01
5.549571593999454988e-01,-1.467058502870225989e-01,1.118620343697857011e-01,1.680468002967638597e-01,4.161733224610706938e-01,-4.231982481409626295e-01,-2.271268277199394170e-01,-1.602496062643282426e-01,7.935556601782319808e-01,1.000000000000000000e+00,-5.265742733846693335e-01,3.395540501688297796e-01,-5.431647201642003653e-01,-2.832736283114823186e-02,1.037806899696196161e-01,5.746058856518859725e-01,-5.250026206865670009e-01,5.478573502315027266e-01,5.370477665269375311e-01,2.635233399400760401e-01,-4.380177975540805457e-01,-3.886953807797584592e-01,-4.261560192948227188e-01,1.662903315799373338e-01,-4.211146711252454766e-01,3.181107932704909658e-01,-2.290675149301460711e-01,2.713418139606692259e-02,-3.828669684623828839e-01,8.251144042903399978e-01,-3.662513770754144971e-01,-8.351026447502529759e-02,-4.045300708575188531e-01,4.029781225659264110e-01,-3.873313183495356582e-01,-3.318445880033344397e-01,-4.026208625522583184e-01,7.377063778689694207e-01,6.129931511888653262e-01
-5.392678930930234760e-01,5.914298474738314271e-01,-2.794743601539657202e-02,1.153415174602938492e-01,-2.617501373409791832e-01,7.962326106041290874e-01,1.224462823652809618e-01,1.254587119618314206e-01,-7.119625426104603250e-01,-5.265742733846693335e-01,1.000000000000000000e+00,-3.188588100063437514e-01,6.762004404252919265e-01,5.488996549265221514e-01,-4.094072404737275628e-01,-1.519297040746231953e-01,8.119555974397369980e-01,-6.079785139272436689e-01,-8.293010412037467027e-01,-2.249326803746695413e-01,6.304925991879606340e-01,6.277975698791855574e-01,6.832096546093390232e-01,6.858644685306912459e-02,7.815973871119804572e-01,-4.359808156449425098e-01,3.833916387349552424e-01,-3.848235600341540219e-01,6.858909198755498426e-01,-6.376996579537436149e-01,5.206189013412028110e-01,3.945646505262344617e-01,7.990298615870153887e-01,-3.558638828575188540e-01,6.268672978087950209e-01,6.067299307290598964e-01,7.172709805268523420e-01,-7.423801783324265324e-01,-1.097902660708449663e-01
-9.373121053582325959e-03,2.250677646383590358e-01,2.819417165974451023e-01,1.193959072161999702e-01,2.560988803757007215e-01,-4.820583288852332005e-01,5.193159135225340339e-01,-2.911360053008498205e-01,3.188921054452890647e-01,3.395540501688297796e-01,-3.188588100063437514e-01,1.000000000000000000e+00,1.253932434873181456e-01,1.034951976811360752e-01,4.210215624788185562e-01,1.275701978931210734e-01,-4.863686067733521967e-01,5.236587663799520120e-01,3.831766425057693271e-01,1.622921914259257276e-02,4.443790073274533209e-02,5.560182080540147093e-02,-3.140899128038264210e-01,2.392176535027474016e-01,-2.069683284687425795e-01,1.090300752089903569e-01,3.574338702496864251e-01,9.499811024165565054e-02,-2.822073714184312188e-01,1.837103206308969006e-01,2.528186701428745131e-01,1.579186185434937051e-01,-5.848716811211994437e-02,4.002799933183190384e-01,1.118050826636501904e-01,4.139708329185747861e-03,-5.562731986826391882e-03,3.273838952026013605e-01,5.727854963449263703e-01
-6.670621869863360143e-01,6.946688304719271789e-01,2.451107494836849143e-01,7.697567709229971578e-02,-1.248028944968857523e-01,3.698921222436132861e-01,6.058587613043614484e-01,-1.658655536671198027e-01,-6.966148779449419237e-01,-5.431647201642003653e-01,6.762004404252919265e-01,1.253932434873181456e-01,1.000000000000000000e+00,5.438356145638431061e-01,-1.928633861790910731e-01,-2.107426694365826803e-01,4.521201458233164439e-01,-3.364407809429807994e-01,-6.247794434182085688e-01,-1.922872873397729054e-01,7.211381681193788085e-01,6.866689796098551790e-01,4.689130849845370430e-01,1.007907038535043182e-01,6.561421186707159237e-01,-3.480542039003466925e-01,6.603239330381949213e-01,-1.318992205894167491e-01,5.193006392257255577e-01,-7.316987595920994014e-01,8.087755192787856595e-01,4.771126682063152602e-01,7.562307714367858535e-01,-1.068567903135068109e-01,7.747903233783877130e-01,7.003486969574049814e-01,7.302519222961469936e-01,-6.457937649541366509e-01,6.436359799479224320e-02
-1.673604418111480363e-01,6.546907575132443480e-01,3.212130578824909377e-01,6.492704254412322296e-02,2.208389356570772122e-01,4.050475776209704892e-01,3.047980328819912543e-01,-2.971590129078700571e-01,-2.914101888431719356e-01,-2.832736283114823186e-02,5.488996549265221514e-01,1.034951976811360752e-01,5.438356145638431061e-01,1.000000000000000000e+00,-3.881506436328109877e-01,2.658413441085320517e-01,3.548279245772247292e-01,-1.057430000319768276e-01,-4.213481207445129439e-01,-8.500062304114257283e-02,3.826188864429797554e-01,4.622720592911543913e-01,4.764081250202520934e-01,4.445054320202034837e-01,5.897883496365948774e-01,2.761884468271174481e-02,5.903575402272126516e-01,-2.944805709988780953e-02,6.764063831977787933e-01,-2.255567467128113956e-01,6.432443376999652518e-01,5.635193431342967463e-01,6.213005569151888174e-01,1.011922371683909860e-01,7.269727725563871479e-01,6.321511957697401041e-01,7.022778024704801059e-01,-2.190346320652754586e-01,3.630884934370663952e-01
3.878641449869765084e-02,-1.084315409009402598e-01,-2.582908306093646966e-01,-1.279623655717478936e-01,-2.430378895679722040e-01,-5.082614053413175847e-01,2.007401609674975829e-01,2.474772861391179302e-01,2.574575868559684788e-01,1.037806899696196161e-01,-4.094072404737275628e-01,4.210215624788185562e-01,-1.928633861790910731e-01,-3.881506436328109877e-01,1.000000000000000000e+00,-3.883516594599658034e-01,-4.525097482986031316e-01,1.250596134232719592e-01,3.433347246076297044e-01,3.937449183392998514e-02,-1.882593455172162644e-01,-3.090930795281481847e-01,-4.434692655862690902e-01,-1.346956650756581941e-01,-4.309809910884229711e-01,-1.081211971014369583e-01,-1.635606479553672332e-01,-6.027396567825694246e-02,-4.491881299473698408e-01,1.075926432694045004e-01,-2.234900056447200190e-01,-1.938278283368920218e-01,-3.933154392025637325e-01,7.845810652435022958e-02,-2.333967782855170259e-01,-3.106799194980550127e-01,-2.921471292661670383e-01,1.484997056794559733e-01,-2.310579058706785718e-02
3.726714514295330627e-01,-1.134704435600921019e-01,3.911711740546609528e-01,1.122533163741464349e-02,6.150914775485097907e-01,-4.231818390663012047e-02,-1.890913522539371394e-01,-4.169888956156039828e-01,4.360610358537554965e-01,5.746058856518859725e-01,-1.519297040746231953e-01,1.275701978931210734e-01,-2.107426694365826803e-01,2.658413441085320517e-01,-3.883516594599658034e-01,1.000000000000000000e+00,-5.969614379621446948e-02,4.311817180300887564e-01,2.533897526253428012e-01,2.887596283304566525e-01,-1.141037874691609583e-01,2.101517347629527910e-02,1.089887578801599088e-01,4.844118009028222649e-01,4.181018609116977924e-02,4.931061980367255626e-01,2.171295540514257133e-02,2.876695635528732642e-01,3.412102946062515411e-03,4.992471677146201325e-01,-6.378775340506785685e-02,1.514997269261127849e-02,3.948955581210518428e-02,3.559444569151867244e-01,-6.429025903959971477e-02,-4.841650251095600682e-02,-5.149362418934159275e-02,5.477510353041463720e-01,5.364964497497273221e-01
-3.400120937592164827e-01,3.328819555327939828e-01,-8.472164734196843683e-02,5.148946652069093938e-02,-2.417075673185521134e-01,8.494589296508779919e-01,-1.663613708980348493e-01,1.711204499551753910e-01,-5.859939851479184503e-01,-5.250026206865670009e-01,8.119555974397369980e-01,-4.863686067733521967e-01,4.521201458233164439e-01,3.548279245772247292e-01,-4.525097482986031316e-01,-5.969614379621446948e-02,1.000000000000000000e+00,-6.138496291303795482e-01,-7.410888219670158650e-01,-1.781812290207329397e-01,4.806370201662658048e-01,5.319979835276863467e-01,8.002142394602289599e-01,1.219955457058019138e-01,7.612792641943380012e-01,-3.305036720336594347e-01,1.497674290167581024e-01,-3.244048321171512095e-01,5.587648881760528541e-01,-5.207731093676228884e-01,2.560605043573968009e-01,1.998918425552767553e-01,6.571780603689623135e-01,-3.864192629332613427e-01,3.957972380245530775e-01,4.330806193924594538e-01,5.456442440384686732e-01,-6.408235409262333926e-01,-2.428028673658356451e-01
2.858911142741966116e-01,-3.522814744789279362e-01,2.926789627671687599e-01,3.166819638642584533e-02,4.927095594704844483e-01,-6.193679872860246016e-01,1.589328778403775733e-01,-3.367368888246453085e-01,5.685853520849128984e-01,5.478573502315027266e-01,-6.079785139272436689e-01,5.236587663799520120e-01,-3.364407809429807994e-01,-1.057430000319768276e-01,1.250596134232719592e-01,4.311817180300887564e-01,-6.138496291303795482e-01,1.000000000000000000e+00,7.541045816462745854e-01,2.820349582527116872e-01,-3.277630356620430119e-01,-3.788383138414413431e-01,-4.790337102726008878e-01,1.606259504854853637e-01,-4.725410949037012198e-01,5.281675579512857821e-01,5.251321708666645098e-03,4.495998076000198851e-01,-3.733503285906302760e-01,5.383271598915154721e-01,-1.515953607314283191e-01,-8.550593051820765123e-02,-4.016056846097041944e-01,4.556950946604539365e-01,-2.581291608603591414e-01,-4.361595194605525916e-01,-3.304567965122289230e-01,7.255173442640053816e-01,4.339015179406292000e-01
5.221232424941379957e-01,-5.789012007999750908e-01,1.355587166311665592e-01,-1.446055796947637306e-01,3.792900598426618974e-01,-7.046168870415630003e-01,-3.138240215703066299e-02,-2.099864157700129241e-01,6.886073899378483132e-01,5.370477665269375311e-01,-8.293010412037467027e-01,3.831766425057693271e-01,-6.247794434182085688e-01,-4.213481207445129439e-01,3.433347246076297044e-01,2.533897526253428012e-01,-7.410888219670158650e-01,7.541045816462745854e-01,1.000000000000000000e+00,3.269075181902311167e-01,-5.301548940647178298e-01,-5.558336527107121672e-01,-5.959578018072959615e-01,8.334597252238752640e-02,-6.915212760253639512e-01,5.264005613371941505e-01,-2.728643590450564038e-01,4.801494187585903517e-01,-5.722975764436266655e-01,6.326801206918321041e-01,-4.310030818090892502e-01,-2.814882041616588171e-01,-6.906856692496591288e-01,3.956101640389460550e-01,-5.310497569197677459e-01,-6.101972300180261710e-01,-5.869409052696491491e-01,7.683198084839243380e-01,1.347317609666514315e-01
2.473885720442475511e-01,-2.676887306408871070e-01,3.934973032267364279e-01,-2.735072425668831353e-01,2.982540184096337810e-01,-2.140631449904057404e-01,-2.190214088598212497e-02,-3.471463565694353770e-01,2.982360212976084002e-01,2.635233399400760401e-01,-2.249326803746695413e-01,1.622921914259257276e-02,-1.922872873397729054e-01,-8.500062304114257283e-02,3.937449183392998514e-02,2.887596283304566525e-01,-1.781812290207329397e-01,2.820349582527116872e-01,3.269075181902311167e-01,1.000000000000000000e+00,9.479542699382467741e-02,3.685380242943531864e-02,-1.052134242445350309e-01,1.040748968730946938e-01,-1.382403735752753549e-01,2.112975175871742439e-01,-2.051467367737706826e-01,3.734404086375185394e-01,-2.089989622204113107e-01,3.130064281601493970e-01,-1.607103310097380278e-01,-1.830326608313175007e-01,-7.553731420156617471e-02,2.955450374539992930e-01,-1.923601456213211713e-01,-1.161064617968981666e-01,-2.395555363740557164e-01,3.809839660703601139e-01,1.119933040914017491e-01
-5.565114029216186031e-01,5.266956508246427582e-01,3.748636591294231546e-01,2.525557831923445906e-02,-6.650044522273541869e-02,4.186371267989507650e-01,4.583383714486883864e-01,-2.473133935001737838e-01,-5.756280683273622412e-01,-4.380177975540805457e-01,6.304925991879606340e-01,4.443790073274533209e-02,7.211381681193788085e-01,3.826188864429797554e-01,-1.882593455172162644e-01,-1.141037874691609583e-01,4.806370201662658048e-01,-3.277630356620430119e-01,-5.301548940647178298e-01,9.479542699382467741e-02,1.000000000000000000e+00,7.593748797301185238e-01,4.550376619847967818e-01,8.489804718405320749e-02,5.841319626720636871e-01,-3.470492962467165432e-01,4.271492588698774240e-01,-1.090670661282379245e-01,3.742524377205101449e-01,-5.996570642736409606e-01,5.888292496416612787e-01,2.583509291448146117e-01,7.549151119814568878e-01,-1.741412716548413342e-01,5.727684564320253413e-01,6.185213502592677992e-01,5.537770148353621247e-01,-5.431314511392361100e-01,4.297969733834180323e-02
-4.074031717436791822e-01,5.218451434627893182e-01,4.509367499270932611e-01,3.336690778853544648e-02,5.650281395922760602e-02,5.070960220482831904e-01,3.143580931797950728e-01,-3.341326071133187692e-01,-4.935417629415444485e-01,-3.886953807797584592e-01,6.277975698791855574e-01,5.560182080540147093e-02,6.866689796098551790e-01,4.622720592911543913e-01,-3.090930795281481847e-01,2.101517347629527910e-02,5.319979835276863467e-01,-3.788383138414413431e-01,-5.558336527107121672e-01,3.685380242943531864e-02,7.593748797301185238e-01,1.000000000000000000e+00,5.337730567604757059e-01,1.602768203363383326e-01,6.156663236114521265e-01,-2.986457916615743446e-01,4.189218241683845267e-01,-1.228775957813075109e-01,3.835949508080188641e-01,-4.991724596461895591e-01,5.496192931690652150e-01,2.524123108841381802e-01,8.094640164058092280e-01,-1.065458650274400815e-01,5.694910323485388171e-01,6.505788115885726697e-01,5.595450582904949455e-01,-4.936146469489102184e-01,9.692213656475039130e-02
-2.707358119395140150e-01,3.709336362254550545e-01,9.162518357792152901e-02,-6.323837713363104907e-02,-7.713062787256898256e-02,7.277335365411480295e-01,-3.961251194184217585e-04,-4.577827211514964162e-02,-5.162055914572415416e-01,-4.261560192948227188e-01,6.832096546093390232e-01,-3.140899128038264210e-01,4.689130849845370430e-01,4.764081250202520934e-01,-4.434692655862690902e-01,1.089887578801599088e-01,8.002142394602289599e-01,-4.790337102726008878e-01,-5.959578018072959615e-01,-1.052134242445350309e-01,4.550376619847967818e-01,5.337730567604757059e-01,1.000000000000000000e+00,4.519697757677236805e-01,8.534489075273322678e-01,-1.357102231824076632e-01,3.100543858838596956e-01,-1.256736857372078853e-01,5.892134462201739087e-01,-4.820484790233766637e-01,3.952235455250669993e-01,3.144800386636510958e-01,6.230684616144043231e-01,-2.347438956836184198e-01,5.076276915332005313e-01,4.821897465531682081e-01,6.142664516093303551e-01,-5.131387697482906463e-01,-1.229680652008752900e-01
9.285589201901799095e-02,1.962049581681473975e-01,2.784123996474477392e-01,-1.331648903737460421e-01,3.561854354551393653e-01,1.140074557911019693e-01,1.951729757951958244e-01,-3.049980746241009455e-01,4.532335738570012623e-02,1.662903315799373338e-01,6.858644685306912459e-02,2.392176535027474016e-01,1.007907038535043182e-01,4.445054320202034837e-01,-1.346956650756581941e-01,4.844118009028222649e-01,1.219955457058019138e-01,1.606259504854853637e-01,8.334597252238752640e-02,1.040748968730946938e-01,8.489804718405320749e-02,1.602768203363383326e-01,4.519697757677236805e-01,1.000000000000000000e+00,3.697434060524893429e-01,3.649112956488057002e-01,3.771470452152192454e-01,2.446974632241756820e-01,2.819224014944196055e-01,4.250979063919637507e-02,3.163866001480565293e-01,4.104611118581644180e-01,1.785424030893262570e-01,2.708632299642937391e-01,3.362000944492470889e-01,1.410453368288919485e-01,3.744048601682593014e-01,1.252884180280333659e-01,3.162238770628973961e-01
-4.363626056779009166e-01,5.560936569431264020e-01,1.278791779555052965e-01,6.648430513499649364e-02,-1.118533020448681525e-01,6.829549056437136390e-01,1.706233131547413573e-01,-6.779088697586295453e-02,-6.096642715923462630e-01,-4.211146711252454766e-01,7.815973871119804572e-01,-2.069683284687425795e-01,6.561421186707159237e-01,5.897883496365948774e-01,-4.309809910884229711e-01,4.181018609116977924e-02,7.612792641943380012e-01,-4.725410949037012198e-01,-6.915212760253639512e-01,-1.382403735752753549e-01,5.841319626720636871e-01,6.156663236114521265e-01,8.534489075273322678e-01,3.697434060524893429e-01,1.000000000000000000e+00,-2.600060306639598307e-01,4.439369413034686129e-01,-2.189187032912513764e-01,6.275378993846167930e-01,-5.750894116611394713e-01,5.662852047076667450e-01,4.302167202023284842e-01,7.476667332137282296e-01,-2.217194630034763636e-01,6.578932207842281832e-01,6.035743240067896753e-01,7.316214423452176430e-01,-5.944198481744948914e-01,2.427230810851992854e-02
5.316857210203835837e-01,-3.237983166155789516e-01,2.086079694735526735e-01,-4.100148370931893105e-01,4.916528266730836871e-01,-3.070610872721337148e-01,-3.881968700098444719e-02,-2.979758678921722304e-01,3.989529052247875462e-01,3.181107932704909658e-01,-4.359808156449425098e-01,1.090300752089903569e-01,-3.480542039003466925e-01,2.761884468271174481e-02,-1.081211971014369583e-01,4.931061980367255626e-01,-3.305036720336594347e-01,5.281675579512857821e-01,5.264005613371941505e-01,2.112975175871742439e-01,-3.470492962467165432e-01,-2.986457916615743446e-01,-1.357102231824076632e-01,3.649112956488057002e-01,-2.600060306639598307e-01,1.000000000000000000e+00,1.637297341047992405e-01,7.261448737118253449e-01,1.381542588561101084e-02,3.872940789954433805e-01,-5.940222700060212441e-02,8.348106859431754512e-02,-3.481676879284817949e-01,3.948044982430818362e-01,-1.072550236935384538e-01,-1.895634566426761536e-01,-1.236320963303226828e-01,5.746058798924790212e-01,1.129882210537200976e-01
-3.906744274967385855e-01,6.387032198625843815e-01,2.308549002359276403e-01,-3.868290666830807856e-02,1.344846301099047459e-01,1.759221868360681118e-01,6.561872631166693060e-01,-2.266638557195403691e-01,-4.155113103025502852e-01,-2.290675149301460711e-01,3.833916387349552424e-01,3.574338702496864251e-01,6.603239330381949213e-01,5.903575402272126516e-01,-1.635606479553672332e-01,2.171295540514257133e-02,1.497674290167581024e-01,5.251321708666645098e-03,-2.728643590450564038e-01,-2.051467367737706826e-01,4.271492588698774240e-01,4.189218241683845267e-01,3.100543858838596956e-01,3.771470452152192454e-01,4.439369413034686129e-01,1.637297341047992405e-01,1.000000000000000000e+00,1.324524331905937435e-01,5.192965189151542704e-01,-4.594615305117917825e-01,8.326582008292363613e-01,7.358985020783939124e-01,4.578259874082872272e-01,1.324203304625858058e-01,7.273583560695703332e-01,5.607172335086776371e-01,6.758109506912181041e-01,-3.162769691971471508e-01,2.558484038856724263e-01
3.279359939270992119e-01,-3.660802859074471782e-01,4.534753412713934950e-01,-5.982188307354934231e-01,4.663572111987450697e-01,-3.904998195063428268e-01,1.844858999717227943e-01,-5.097507731436959899e-01,1.667695397953204706e-01,2.713418139606692259e-02,-3.848235600341540219e-01,9.499811024165565054e-02,-1.318992205894167491e-01,-2.944805709988780953e-02,-6.027396567825694246e-02,2.876695635528732642e-01,-3.244048321171512095e-01,4.495998076000198851e-01,4.801494187585903517e-01,3.734404086375185394e-01,-1.090670661282379245e-01,-1.228775957813075109e-01,-1.256736857372078853e-01,2.446974632241756820e-01,-2.189187032912513764e-01,7.261448737118253449e-01,1.324524331905937435e-01,1.000000000000000000e+00,3.225003851788259008e-03,1.407053524776651909e-01,1.044568666805272272e-01,-1.592942745876777325e-02,-2.146433080763417711e-01,4.693461407733726665e-01,-2.833920578758399728e-02,-9.587933496202592776e-02,-1.268237537231325929e-01,4.504703017798880049e-01,-5.381953179076935656e-02
-2.658206168373172251e-01,5.174483249113653871e-01,8.982747733124350764e-02,-1.261832687647197748e-01,-3.385238400702104272e-02,5.826806741586822991e-01,1.976016471674273134e-01,-6.546078763141369161e-02,-5.505607363375051300e-01,-3.828669684623828839e-01,6.858909198755498426e-01,-2.822073714184312188e-01,5.193006392257255577e-01,6.764063831977787933e-01,-4.491881299473698408e-01,3.412102946062515411e-03,5.587648881760528541e-01,-3.733503285906302760e-01,-5.722975764436266655e-01,-2.089989622204113107e-01,3.742524377205101449e-01,3.835949508080188641e-01,5.892134462201739087e-01,2.819224014944196055e-01,6.275378993846167930e-01,1.381542588561101084e-02,5.192965189151542704e-01,3.225003851788259008e-03,1.000000000000000000e+00,-4.573192546005701020e-01,5.845871247636483803e-01,5.275526519203249665e-01,5.925104081604218864e-01,-1.306341933562607249e-01,7.058484513659932791e-01,5.786147305141959851e-01,7.421738273260549690e-01,-4.502366892049243230e-01,-6.300781999031641878e-02
6.989047968738273386e-01,-4.274968214389418542e-01,7.079121604664831424e-02,3.889488394562017060e-02,4.068865234580249512e-01,-4.352026878924315501e-01,-4.505074810739904678e-01,-1.306062773094212870e-01,8.786205698005046250e-01,8.251144042903399978e-01,-6.376996579537436149e-01,1.837103206308969006e-01,-7.316987595920994014e-01,-2.255567467128113956e-01,1.075926432694045004e-01,4.992471677146201325e-01,-5.207731093676228884e-01,5.383271598915154721e-01,6.326801206918321041e-01,3.130064281601493970e-01,-5.996570642736409606e-01,-4.991724596461895591e-01,-4.820484790233766637e-01,4.250979063919637507e-02,-5.750894116611394713e-01,3.872940789954433805e-01,-4.594615305117917825e-01,1.407053524776651909e-01,-4.573192546005701020e-01,1.000000000000000000e+00,-5.928817861814619228e-01,-3.081816929059086330e-01,-5.574952283036211931e-01,4.154251477047680163e-01,-5.964909127626587537e-01,-4.871373234291905829e-01,-5.986112729640694630e-01,8.148103098978198844e-01,3.643907602937774826e-01
-4.854791049481904097e-01,7.256174858794864901e-01,3.361545601313651321e-01,-4.701159942118949414e-02,7.276553911539163089e-02,2.197096824711759488e-01,7.091829095016985995e-01,-3.102608398657531463e-01,-5.538218363011427892e-01,-3.662513770754144971e-01,5.206189013412028110e-01,2.528186701428745131e-01,8.087755192787856595e-01,6.432443376999652518e-01,-2.234900056447200190e-01,-6.378775340506785685e-02,2.560605043573968009e-01,-1.515953607314283191e-01,-4.310030818090892502e-01,-1.607103310097380278e-01,5.888292496416612787e-01,5.496192931690652150e-01,3.952235455250669993e-01,3.163866001480565293e-01,5.662852047076667450e-01,-5.940222700060212441e-02,8.326582008292363613e-01,1.044568666805272272e-01,5.845871247636483803e-01,-5.928817861814619228e-01,1.000000000000000000e+00,6.642483668741697711e-01,6.114887250030225374e-01,1.200430274958068644e-01,8.264476282367564375e-01,7.140597033320756903e-01,7.432783810731303786e-01,-4.356964334214230017e-01,2.083085604308817507e-01
-2.914644631834440447e-01,5.952052898848232410e-01,7.503925091564282723e-02,9.279214654988791888e-02,1.072460623520190559e-01,2.441593201902558519e-01,4.459421189029653121e-01,-9.634181869898411632e-02,-3.220769676883570298e-01,-8.351026447502529759e-02,3.945646505262344617e-01,1.579186185434937051e-01,4.771126682063152602e-01,5.635193431342967463e-01,-1.938278283368920218e-01,1.514997269261127849e-02,1.998918425552767553e-01,-8.550593051820765123e-02,-2.814882041616588171e-01,-1.830326608313175007e-01,2.583509291448146117e-01,2.524123108841381802e-01,3.144800386636510958e-01,4.104611118581644180e-01,4.302167202023284842e-01,8.348106859431754512e-02,7.358985020783939124e-01,-1.592942745876777325e-02,5.275526519203249665e-01,-3.081816929059086330e-01,6.642483668741697711e-01,1.000000000000000000e+00,3.324246724374183004e-01,1.562686152161842368e-01,5.886297588841458150e-01,4.456906898690378149e-01,6.218730541362448294e-01,-3.075726333462449613e-01,2.646128788082089400e-01
-5.207138391225016871e-01,6.145897032688997230e-01,3.333700050107030743e-01,9.252817315965826406e-02,-3.078496009803168010e-02,6.268430077984981086e-01,2.969595858259529431e-01,-2.145170233941246507e-01,-5.942491193230656776e-01,-4.045300708575188531e-01,7.990298615870153887e-01,-5.848716811211994437e-02,7.562307714367858535e-01,6.213005569151888174e-01,-3.933154392025637325e-01,3.948955581210518428e-02,6.571780603689623135e-01,-4.016056846097041944e-01,-6.906856692496591288e-01,-7.553731420156617471e-02,7.549151119814568878e-01,8.094640164058092280e-01,6.230684616144043231e-01,1.785424030893262570e-01,7.476667332137282296e-01,-3.481676879284817949e-01,4.578259874082872272e-01,-2.146433080763417711e-01,5.925104081604218864e-01,-5.574952283036211931e-01,6.114887250030225374e-01,3.324246724374183004e-01,1.000000000000000000e+00,-1.989429511985483234e-01,6.962269917759619231e-01,6.822852167337379869e-01,7.118933382645202812e-01,-5.748839325514404353e-01,1.219530771960110338e-01
2.833983830011139182e-01,-7.803286400849201998e-02,4.503289203651987260e-01,-2.308392473911847764e-01,6.356916622229925595e-01,-4.784598168104043370e-01,1.626557684535892556e-01,-4.976479390895321431e-01,4.391081492987418677e-01,4.029781225659264110e-01,-3.558638828575188540e-01,4.002799933183190384e-01,-1.068567903135068109e-01,1.011922371683909860e-01,7.845810652435022958e-02,3.559444569151867244e-01,-3.864192629332613427e-01,4.556950946604539365e-01,3.956101640389460550e-01,2.955450374539992930e-01,-1.741412716548413342e-01,-1.065458650274400815e-01,-2.347438956836184198e-01,2.708632299642937391e-01,-2.217194630034763636e-01,3.948044982430818362e-01,1.324203304625858058e-01,4.693461407733726665e-01,-1.306341933562607249e-01,4.154251477047680163e-01,1.200430274958068644e-01,1.562686152161842368e-01,-1.989429511985483234e-01,1.000000000000000000e+00,-3.348431729277200064e-02,-1.074921422378245783e-01,-1.150907622830040916e-01,5.537486649113237958e-01,4.538447868996600687e-01
-4.438712011907813282e-01,7.346243740451487980e-01,2.255278444162420459e-01,-4.199131946969164586e-02,-3.799176502869822114e-02,3.657191612052085317e-01,5.577935822527249066e-01,-1.812301204163198343e-01,-5.677259923207108594e-01,-3.873313183495356582e-01,6.268672978087950209e-01,1.118050826636501904e-01,7.747903233783877130e-01,7.269727725563871479e-01,-2.333967782855170259e-01,-6.429025903959971477e-02,3.957972380245530775e-01,-2.581291608603591414e-01,-5.310497569197677459e-01,-1.923601456213211713e-01,5.727684564320253413e-01,5.694910323485388171e-01,5.076276915332005313e-01,3.362000944492470889e-01,6.578932207842281832e-01,-1.072550236935384538e-01,7.273583560695703332e-01,-2.833920578758399728e-02,7.058484513659932791e-01,-5.964909127626587537e-01,8.264476282367564375e-01,5.886297588841458150e-01,6.962269917759619231e-01,-3.348431729277200064e-02,1.000000000000000000e+00,7.247215239795599118e-01,8.767669572953098456e-01,-4.944254065332167603e-01,1.654994659622692765e-01
-2.566444673395722464e-01,7.480991997485536560e-01,3.001162591016950931e-01,-8.088903862959746782e-03,-3.178129685990757625e-02,4.425598026346900804e-01,3.848253855588602002e-01,-2.561126476880116187e-01,-4.557810248050034874e-01,-3.318445880033344397e-01,6.067299307290598964e-01,4.139708329185747861e-03,7.003486969574049814e-01,6.321511957697401041e-01,-3.106799194980550127e-01,-4.841650251095600682e-02,4.330806193924594538e-01,-4.361595194605525916e-01,-6.101972300180261710e-01,-1.161064617968981666e-01,6.185213502592677992e-01,6.505788115885726697e-01,4.821897465531682081e-01,1.410453368288919485e-01,6.035743240067896753e-01,-1.895634566426761536e-01,5.607172335086776371e-01,-9.587933496202592776e-02,5.786147305141959851e-01,-4.871373234291905829e-01,7.140597033320756903e-01,4.456906898690378149e-01,6.822852167337379869e-01,-1.074921422378245783e-01,7.247215239795599118e-01,1.000000000000000000e+00,6.642631845319129091e-01,-4.887690439755975058e-01,1.074503497412788444e-01
-4.324117228650548594e-01,7.049277125219698403e-01,1.139212089785381493e-01,3.889553184315354233e-03,-7.985594043393320907e-02,5.094245195358254596e-01,4.181100375052004825e-01,-6.134226816145856714e-02,-5.936073066858261749e-01,-4.026208625522583184e-01,7.172709805268523420e-01,-5.562731986826391882e-03,7.302519222961469936e-01,7.022778024704801059e-01,-2.921471292661670383e-01,-5.149362418934159275e-02,5.456442440384686732e-01,-3.304567965122289230e-01,-5.869409052696491491e-01,-2.395555363740557164e-01,5.537770148353621247e-01,5.595450582904949455e-01,6.142664516093303551e-01,3.744048601682593014e-01,7.316214423452176430e-01,-1.236320963303226828e-01,6.758109506912181041e-01,-1.268237537231325929e-01,7.421738273260549690e-01,-5.986112729640694630e-01,7.432783810731303786e-01,6.218730541362448294e-01,7.118933382645202812e-01,-1.150907622830040916e-01,8.767669572953098456e-01,6.642631845319129091e-01,1.000000000000000000e+00,-5.576124653767072781e-01,1.045250041744977265e-01
6.705942166086390488e-01,-4.856184011261341915e-01,2.343261974070562359e-01,-1.278576710970343311e-01,5.467714182048284410e-01,-6.426133579569581755e-01,-1.960732375503735914e-01,-3.091306133740571171e-01,8.278633448029084629e-01,7.377063778689694207e-01,-7.423801783324265324e-01,3.273838952026013605e-01,-6.457937649541366509e-01,-2.190346320652754586e-01,1.484997056794559733e-01,5.477510353041463720e-01,-6.408235409262333926e-01,7.255173442640053816e-01,7.683198084839243380e-01,3.809839660703601139e-01,-5.431314511392361100e-01,-4.936146469489102184e-01,-5.131387697482906463e-01,1.252884180280333659e-01,-5.944198481744948914e-01,5.746058798924790212e-01,-3.162769691971471508e-01,4.504703017798880049e-01,-4.502366892049243230e-01,8.148103098978198844e-01,-4.356964334214230017e-01,-3.075726333462449613e-01,-5.748839325514404353e-01,5.537486649113237958e-01,-4.944254065332167603e-01,-4.887690439755975058e-01,-5.576124653767072781e-01,1.000000000000000000e+00,4.230444403866279179e-01
7.843250289246328499e-02,3.148792531536859785e-01,3.353433726106986312e-01,2.853359493074314468e-01,4.703625331545414623e-01,-2.647264118648540721e-01,2.290720771488495566e-01,-3.288007856044262711e-01,3.907672460891958299e-01,6.129931511888653262e-01,-1.097902660708449663e-01,5.727854963449263703e-01,6.436359799479224320e-02,3.630884934370663952e-01,-2.310579058706785718e-02,5.364964497497273221e-01,-2.428028673658356451e-01,4.339015179406292000e-01,1.347317609666514315e-01,1.119933040914017491e-01,4.297969733834180323e-02,9.692213656475039130e-02,-1.229680652008752900e-01,3.162238770628973961e-01,2.427230810851992854e-02,1.129882210537200976e-01,2.558484038856724263e-01,-5.381953179076935656e-02,-6.300781999031641878e-02,3.643907602937774826e-01,2.083085604308817507e-01,2.646128788082089400e-01,1.219530771960110338e-01,4.538447868996600687e-01,1.654994659622692765e-01,1.074503497412788444e-01,1.045250041744977265e-01,4.230444403866279179e-01,1.000000000000000000e+00
