1.000000000000000000e+00,-5.403040113073531887e-03,9.845586021875536720e-02,5.694048914384181037e-01,5.216285166021846775e-01,-1.714796230759728021e-02,1.242785038908677114e-01,-2.904288931996297229e-01,2.169993755091566365e-03,1.792737749651851786e-01,4.770360806642811452e-02,-3.258750258557659985e-01,-4.988570673036721997e-02,4.155143845002726710e-01,-1.398910279708538429e-01,1.443052426636953489e-01,1.636917097859231507e-01,2.677122844785129185e-01,1.495927438712804369e-01,2.266961754588944500e-01,3.230088966893507885e-01,7.812144023727767006e-02,1.688992295801245158e-01,3.660699856974178323e-01,2.430946065525577127e-01,6.801440188973972845e-01,4.215854259236510582e-01,3.979997478162868862e-01,3.092891075487161356e-01,4.413739793100985298e-01,1.974817993139915129e-01,1.123884953011038967e-01,4.405900614315313435e-01,-2.734847056604264651e-02,2.559073191097510636e-01,3.976224595112261007e-01,1.786205118557859239e-01,4.144187331930156981e-01,1.295678982898526288e-01
-5.403040113073531887e-03,1.000000000000000000e+00,4.358319370818574678e-01,1.157765745941891772e-01,1.982497234842320599e-01,-5.603579478611004916e-01,4.821568711912526672e-01,-8.746794627004232658e-02,7.205174044689606205e-01,5.482776751991494946e-01,-5.756749729675816329e-01,5.480632356921828485e-01,6.880255559728862824e-01,-5.597889411189712616e-01,6.325785985210304885e-01,7.345637275672304289e-01,-6.067183443755391759e-01,4.601607975903156955e-01,4.051277900942493737e-01,2.477235863984502962e-01,1.754249238080278217e-01,5.095824321962321157e-01,2.741577203463996804e-01,-3.932320584241961736e-01,-1.214299472430656890e-01,-2.527088629806490960e-01,-4.963258914962036528e-01,3.778901174715560557e-02,-6.647382643448741524e-01,5.811728591061685600e-01,-3.498739249007705721e-01,-6.486618070170971917e-01,-4.377911410960120264e-01,6.308037470157603632e-01,-6.985056102913264064e-01,-3.600542871134858325e-02,-6.812087522797625194e-01,4.524814066196565787e-01,5.812025796365688501e-01
9.845586021875536720e-02,4.358319370818574678e-01,1.000000000000000000e+00,2.987031942444122179e-01,4.878500512212011198e-01,-5.969484814998667899e-01,4.661674383377532177e-02,-5.904032805423576891e-01,7.345072030373149818e-01,4.208420701678801668e-01,-7.324817090858420920e-01,5.389409764071609876e-01,5.101245939412567543e-01,-5.738814506953360262e-01,7.281015563541416435e-01,6.527725106249582243e-01,-7.089655689583769238e-01,6.936166992877289550e-01,5.950732193799572745e-01,6.190372269253410220e-01,8.042287920102575427e-01,8.006665389518278220e-01,1.191784981757424422e-01,-2.826766661748263965e-01,-3.493365503976912367e-01,8.939873824479491193e-02,-2.344253912186077815e-01,6.345603784791143953e-01,-5.649563732903468694e-01,5.888318999987520730e-01,1.260930962078894990e-01,-5.658203620373399856e-01,-4.912220287012036661e-03,7.592182633824602345e-01,-5.977364177323900574e-01,-2.049894456632732065e-01,-5.523641173353537326e-01,6.999511422986253173e-01,7.483615223519565207e-01
5.694048914384181037e-01,1.157765745941891772e-01,2.987031942444122179e-01,1.000000000000000000e+00,8.423908521480507616e-01,-5.134906611254986819e-01,-1.996655168623461679e-02,-5.459473504832624835e-01,3.358764070422441406e-01,7.733138085653319671e-02,-4.392345527721093212e-01,-2.155129088451633035e-01,3.083958210567940283e-01,3.436009518942940294e-02,2.661221251692637013e-01,3.075839253439124343e-01,-3.191527211068550529e-01,7.296558394690780824e-01,6.802294059848315033e-01,7.271685963097446193e-01,5.013950671447628959e-01,4.616617713015040980e-01,3.563716401238651438e-02,-7.333182907544479046e-02,-2.511075555562923278e-01,6.946739652851970925e-01,3.072306364712881210e-01,6.519174265893253883e-01,-1.057746048355077684e-01,4.213799616976623419e-01,1.451541469471253620e-01,-1.528376197006417470e-01,4.291495914242307030e-01,4.079983641043122278e-01,-1.265519384328490926e-01,2.283108152635611732e-01,-9.912018673955287629e-02,7.592684499974819978e-01,5.948006419002492828e-01
5.216285166021846775e-01,1.982497234842320599e-01,4.878500512212011198e-01,8.423908521480507616e-01,1.000000000000000000e+00,-5.660078816757448950e-01,-1.989099557559600162e-01,-7.576583818061233266e-01,4.270862018500659052e-01,1.937113743223242979e-01,-5.211149969659218950e-01,-1.107453656385674751e-01,4.356615958206888073e-01,-1.458082891495447557e-02,3.499283509520395019e-01,4.048411201857395336e-01,-4.115731052567083714e-01,8.111470402087723741e-01,8.071901297738469649e-01,8.456267175030864891e-01,6.242921153689714453e-01,6.664554827960166294e-01,6.475431398827123652e-02,-7.456272219834270132e-02,-3.050264291086570712e-01,7.428414901358268985e-01,3.842659440134998938e-01,8.223462763277277210e-01,-1.782862057619638008e-01,5.555576792655528839e-01,3.187704541430164684e-01,-1.580962877281023582e-01,5.456021286658302438e-01,5.100720974186266909e-01,-1.826338641148302078e-01,2.565776867472058798e-01,-9.086084600239793807e-02,8.187820551420578186e-01,7.024302763961602913e-01
-1.714796230759728021e-02,-5.603579478611004916e-01,-5.969484814998667899e-01,-5.134906611254986819e-01,-5.660078816757448950e-01,1.000000000000000000e+00,-1.550036914702966340e-01,4.109375385194765085e-01,-8.257527835780384962e-01,-1.659777586009921202e-01,8.929095893647749360e-01,-5.061183497395125297e-01,-7.058079779607537851e-01,6.384091676586054476e-01,-7.965666420979166107e-01,-6.388012381661030137e-01,8.715514728818202217e-01,-7.907278182156577406e-01,-7.770488998974490746e-01,-7.018567438850479290e-01,-4.206546095166687760e-01,-7.289896477823614163e-01,1.245632420716093758e-01,6.885661615889002718e-01,5.859123836252737583e-01,-7.270314919321727021e-02,3.459658466987808878e-01,-4.187097233239869265e-01,7.655255795243907091e-01,-4.143435226680379224e-01,2.398831115232930022e-01,7.231488769889007351e-01,1.771972172582857163e-01,-8.672374492262512335e-01,7.638108824739379132e-01,1.063305455188557347e-01,7.012714148227739974e-01,-7.896160912509487817e-01,-8.677375463506868947e-01
1.242785038908677114e-01,4.821568711912526672e-01,4.661674383377532177e-02,-1.996655168623461679e-02,-1.989099557559600162e-01,-1.550036914702966340e-01,1.000000000000000000e+00,3.913618016652782861e-01,3.448136437887330263e-01,2.162356654714261694e-01,-1.565856232807250059e-01,3.070120304823928392e-01,2.040898400426880976e-01,-4.160462996468190511e-01,2.589337975647010848e-01,3.846856142149455149e-01,-2.065712835014523185e-01,4.327105470263308690e-02,-1.316486821289938602e-01,-2.915875566279327868e-01,-9.930705638327459728e-02,-5.680713321253560294e-02,1.225466825450102215e-01,-2.269413094278049936e-01,1.770226304441964160e-01,-4.272340258280977188e-01,-6.280500628099243698e-01,-4.141812922279346498e-01,-3.578951339607680526e-01,2.626914390008879274e-01,-6.621378510862055977e-01,-5.690654392570820841e-01,-6.633158202397263503e-01,1.795646684073425037e-01,-4.390874338232371166e-01,-1.236374581965619668e-01,-5.990226825509777919e-01,1.026006793931091982e-01,9.900883001532870265e-02
-2.904288931996297229e-01,-8.746794627004232658e-02,-5.904032805423576891e-01,-5.459473504832624835e-01,-7.576583818061233266e-01,4.109375385194765085e-01,3.913618016652782861e-01,1.000000000000000000e+00,-3.656576953684026465e-01,-1.935339040498587626e-01,4.537488902096845078e-01,3.413660057437767348e-02,-4.146432424159140484e-01,5.425987902649125755e-02,-3.532365815563238143e-01,-3.100194251035480186e-01,3.704928518147649341e-01,-6.622415122449057945e-01,-7.124647488450058797e-01,-7.839459985884346116e-01,-6.557830120778989080e-01,-7.019767352783217174e-01,-8.469836302537146755e-02,3.201332061979804845e-03,2.812099618943049717e-01,-6.225841085661525387e-01,-4.055242296909258859e-01,-8.401196257610190621e-01,1.607786570365904444e-01,-4.661919103116198282e-01,-4.756163338170437682e-01,4.976087743322681750e-02,-5.919166299312131896e-01,-4.506161140644049934e-01,1.358305438168514734e-01,-2.690175133695140580e-02,-1.217577706397299057e-02,-6.268965552371807970e-01,-5.713447707828388511e-01
2.169993755091566365e-03,7.205174044689606205e-01,7.345072030373149818e-01,3.358764070422441406e-01,4.270862018500659052e-01,-8.257527835780384962e-01,3.448136437887330263e-01,-3.656576953684026465e-01,1.000000000000000000e+00,3.596218126704487927e-01,-8.782778997219540251e-01,6.635210536840553397e-01,7.247727275747135600e-01,-7.641618844117705756e-01,8.973187873741605980e-01,7.838791626948883318e-01,-8.797952689369608059e-01,7.494052155643141644e-01,6.596891717193584803e-01,5.833275086657495612e-01,5.027156113983858310e-01,7.629165802861865853e-01,5.021699950386709910e-02,-6.117024146864035172e-01,-4.903816405183851757e-01,-1.183727327021789621e-01,-5.167358345931787333e-01,3.541324055694357598e-01,-8.340520047522614888e-01,5.695238324389975126e-01,-2.799461212823203815e-01,-7.950989983889946711e-01,-3.523643829944418382e-01,9.091046020689990126e-01,-8.668033440324764971e-01,-2.081794706740235923e-01,-8.123551323141262603e-01,7.420948903186830314e-01,8.524284564528237240e-01
1.792737749651851786e-01,5.482776751991494946e-01,4.208420701678801668e-01,7.733138085653319671e-02,1.937113743223242979e-01,-1.659777586009921202e-01,2.162356654714261694e-01,-1.935339040498587626e-01,3.596218126704487927e-01,1.000000000000000000e+00,-2.968235565433520184e-01,2.839095175817190619e-01,2.809501873804958749e-01,-1.840299781110693311e-01,3.423437027742151639e-01,7.163861518525030947e-01,-2.859342226323816072e-01,3.059015153656902686e-01,1.353102393583629215e-01,1.905304095141269749e-01,3.307881595747203529e-01,3.472955903990673221e-01,6.173491056930556775e-01,2.023320269629844681e-01,2.973706840313546929e-01,5.199875905859906861e-02,-1.990191047092242926e-01,2.187933887770872610e-01,-2.014269849760750575e-01,7.489276158607568457e-01,-9.643406253107134063e-02,-2.808642554201734587e-01,-6.613451216308326164e-02,3.248168829353250131e-01,-2.581639109130083876e-01,3.115940141592739021e-01,-2.910197596301883349e-01,2.994688806748663223e-01,2.865610497098075582e-01
4.770360806642811452e-02,-5.756749729675816329e-01,-7.324817090858420920e-01,-4.392345527721093212e-01,-5.211149969659218950e-01,8.929095893647749360e-01,-1.565856232807250059e-01,4.537488902096845078e-01,-8.782778997219540251e-01,-2.968235565433520184e-01,1.000000000000000000e+00,-5.560953388274361142e-01,-6.816641020387119720e-01,7.252041743309782795e-01,-8.805666130120125557e-01,-7.352037075446884451e-01,9.237706091532145170e-01,-8.134817376587724080e-01,-7.568667038011650527e-01,-7.173450096865761072e-01,-5.611473096167292063e-01,-8.065331429598985302e-01,2.164407128975111283e-02,6.361806394145674837e-01,5.853304056843272596e-01,-9.324825667489324357e-03,4.066237869701714858e-01,-4.719409014167237348e-01,8.133633661762860179e-01,-4.813382218843527682e-01,1.966993459158863922e-01,7.430662692794238744e-01,2.140519749965276164e-01,-9.105644770959623324e-01,8.202285781502350881e-01,1.333275239067591988e-01,7.395102498463651530e-01,-7.815017223901074006e-01,-8.850117599144624592e-01
-3.258750258557659985e-01,5.480632356921828485e-01,5.389409764071609876e-01,-2.155129088451633035e-01,-1.107453656385674751e-01,-5.061183497395125297e-01,3.070120304823928392e-01,3.413660057437767348e-02,6.635210536840553397e-01,2.839095175817190619e-01,-5.560953388274361142e-01,1.000000000000000000e+00,5.286299122979598586e-01,-7.444102599536168707e-01,7.231834913385993824e-01,5.152418119715832523e-01,-6.502317392270605678e-01,2.681503509514210903e-01,1.437605086274537369e-01,1.072980985915846369e-01,1.482295613634743714e-01,3.679200247066901075e-01,-5.421279444374457052e-02,-5.930338155366098318e-01,-2.712901064269336859e-01,-5.239139975279623052e-01,-7.601910886768575848e-01,-3.643071053311255914e-02,-6.529249079142592782e-01,2.351007280334677929e-01,-4.689326423496102403e-01,-7.514665291955699988e-01,-6.084795081330051092e-01,6.600737546158526037e-01,-6.983625293660979949e-01,-3.653431228373130168e-01,-7.711090757648383365e-01,2.804269905535455298e-01,4.408802688090696087e-01
-4.988570673036721997e-02,6.880255559728862824e-01,5.101245939412567543e-01,3.083958210567940283e-01,4.356615958206888073e-01,-7.058079779607537851e-01,2.040898400426880976e-01,-4.146432424159140484e-01,7.247727275747135600e-01,2.809501873804958749e-01,-6.816641020387119720e-01,5.286299122979598586e-01,1.000000000000000000e+00,-5.897332799493918420e-01,7.069136450047127651e-01,6.153527354470201827e-01,-7.087399682413437763e-01,6.608725709932596892e-01,6.518605075112000602e-01,5.398489951334692893e-01,2.638202718913573719e-01,6.979265163147648776e-01,7.360248777236720608e-02,-5.417418158274214246e-01,-3.291640593877632193e-01,-1.918626999699599850e-02,-3.211962415585239428e-01,3.265931127081964647e-01,-6.766604193295432390e-01,4.426904489172366342e-01,-2.874219411716364969e-01,-6.540933207345949185e-01,-1.754441132737371012e-01,7.431486615615359170e-01,-6.835059036092517859e-01,-1.627002309702056393e-01,-6.272987884583397511e-01,6.105239588542201723e-01,7.250965893248974004e-01
4.155143845002726710e-01,-5.597889411189712616e-01,-5.738814506953360262e-01,3.436009518942940294e-02,-1.458082891495447557e-02,6.384091676586054476e-01,-4.160462996468190511e-01,5.425987902649125755e-02,-7.641618844117705756e-01,-1.840299781110693311e-01,7.252041743309782795e-01,-7.444102599536168707e-01,-5.897332799493918420e-01,1.000000000000000000e+00,-7.996458362115994589e-01,-5.792409488785046356e-01,8.051604301250415707e-01,-4.433545710907599857e-01,-3.724088605248664363e-01,-2.601395478426430929e-01,-2.881726673788813642e-01,-5.341233041874606791e-01,1.488474993991336093e-01,7.284730832072414675e-01,5.126772974458166932e-01,5.268082958708825148e-01,7.658491900985269218e-01,-2.641452466069135752e-02,8.761047716186146639e-01,-2.537353194526396627e-01,4.507397627971250764e-01,8.280612158032298886e-01,6.185753138975067511e-01,-7.317021060771529140e-01,8.882277522236563527e-01,3.968044456443042267e-01,8.656388000253271153e-01,-3.990589721063832473e-01,-5.956180941229732850e-01
-1.398910279708538429e-01,6.325785985210304885e-01,7.281015563541416435e-01,2.661221251692637013e-01,3.499283509520395019e-01,-7.965666420979166107e-01,2.589337975647010848e-01,-3.532365815563238143e-01,8.973187873741605980e-01,3.423437027742151639e-01,-8.805666130120125557e-01,7.231834913385993824e-01,7.069136450047127651e-01,-7.996458362115994589e-01,1.000000000000000000e+00,7.507443998485862080e-01,-8.999724847581932474e-01,7.225394658366994793e-01,6.061394327499880497e-01,5.772886818970519585e-01,4.845963036060986218e-01,7.256476813776556734e-01,2.585644835783504347e-02,-6.592394397663257077e-01,-5.197940779821093038e-01,-1.717115295879705072e-01,-5.749299808392546174e-01,3.505571881392928191e-01,-8.256892408025228169e-01,4.661442377767943679e-01,-3.382108960529527364e-01,-8.037188544455812211e-01,-3.875601224230473263e-01,9.141895051239924408e-01,-8.563872492032249539e-01,-2.234961720601547908e-01,-8.161533605195849805e-01,6.725586311931942562e-01,8.061470211507288930e-01
1.443052426636953489e-01,7.345637275672304289e-01,6.527725106249582243e-01,3.075839253439124343e-01,4.048411201857395336e-01,-6.388012381661030137e-01,3.846856142149455149e-01,-3.100194251035480186e-01,7.838791626948883318e-01,7.163861518525030947e-01,-7.352037075446884451e-01,5.152418119715832523e-01,6.153527354470201827e-01,-5.792409488785046356e-01,7.507443998485862080e-01,1.000000000000000000e+00,-7.217926914576594521e-01,6.767904414798066037e-01,5.150674595454526328e-01,4.763390733232748531e-01,4.817938397153694319e-01,6.548005144817281575e-01,3.842239472353969343e-01,-2.975349337820905604e-01,-1.348938926193284094e-01,-5.989298930597645489e-03,-4.292002559686204366e-01,3.365781124751685005e-01,-6.461389092381014665e-01,7.514153013536326586e-01,-3.067645566130752233e-01,-6.948952919676236739e-01,-2.741468174110975875e-01,7.438272873202103064e-01,-7.050086708212398579e-01,1.300704710611240988e-01,-6.909044423538457380e-01,6.507728121483336015e-01,7.041816291367094527e-01
1.636917097859231507e-01,-6.067183443755391759e-01,-7.089655689583769238e-01,-3.191527211068550529e-01,-4.115731052567083714e-01,8.715514728818202217e-01,-2.065712835014523185e-01,3.704928518147649341e-01,-8.797952689369608059e-01,-2.859342226323816072e-01,9.237706091532145170e-01,-6.502317392270605678e-01,-7.087399682413437763e-01,8.051604301250415707e-01,-8.999724847581932474e-01,-7.217926914576594521e-01,1.000000000000000000e+00,-7.505591964715728759e-01,-6.929211297592225982e-01,-6.291097601017150431e-01,-4.894974065032305366e-01,-7.583843415369032614e-01,8.784059179888448199e-02,7.166433693994270770e-01,5.956858994524213413e-01,1.259536611840056386e-01,5.206538300270796560e-01,-3.693999686986387809e-01,8.529817111750537251e-01,-4.416734101487952979e-01,2.935376153556191192e-01,7.972785375938834518e-01,3.238559002397380926e-01,-9.069455232894892971e-01,8.612515659528984235e-01,1.701084810812795722e-01,7.998600116406713312e-01,-7.050035006253522196e-01,-8.439247948273387312e-01
2.677122844785129185e-01,4.601607975903156955e-01,6.936166992877289550e-01,7.296558394690780824e-01,8.111470402087723741e-01,-7.907278182156577406e-01,4.327105470263308690e-02,-6.622415122449057945e-01,7.494052155643141644e-01,3.059015153656902686e-01,-8.134817376587724080e-01,2.681503509514210903e-01,6.608725709932596892e-01,-4.433545710907599857e-01,7.225394658366994793e-01,6.767904414798066037e-01,-7.505591964715728759e-01,1.000000000000000000e+00,8.707677442460175499e-01,8.601850362873123546e-01,6.894211298501764507e-01,8.190112881312180404e-01,6.757301201120935463e-02,-3.974587941107841638e-01,-4.709381831513828054e-01,3.984198229496813126e-01,-5.394289741149150413e-02,7.215344823910119221e-01,-5.604154709280779745e-01,6.044717249960138705e-01,1.194289532100404130e-02,-5.399998963344238012e-01,1.452012076004191576e-01,8.072075389214107277e-01,-5.809173797398982098e-01,6.278972444903456462e-02,-5.001061183533451748e-01,9.013684458270299071e-01,8.960359304300234973e-01
1.495927438712804369e-01,4.051277900942493737e-01,5.950732193799572745e-01,6.802294059848315033e-01,8.071901297738469649e-01,-7.770488998974490746e-01,-1.316486821289938602e-01,-7.124647488450058797e-01,6.596891717193584803e-01,1.353102393583629215e-01,-7.568667038011650527e-01,1.437605086274537369e-01,6.518605075112000602e-01,-3.724088605248664363e-01,6.061394327499880497e-01,5.150674595454526328e-01,-6.929211297592225982e-01,8.707677442460175499e-01,1.000000000000000000e+00,8.730491905102951700e-01,6.079717637875975411e-01,8.193070871652319287e-01,-2.166824115144825799e-02,-4.048885337581570321e-01,-5.455612937926129780e-01,4.094554879401466896e-01,9.959812442436645485e-02,7.041917984626414606e-01,-5.427738004835229724e-01,4.582311279906731705e-01,1.860232593718066652e-01,-3.952223907307101936e-01,2.642525572407057322e-01,7.210928810729302363e-01,-5.184456921357258885e-01,-1.557730198462281036e-02,-3.613812581433796800e-01,8.159951850824240793e-01,8.581640739425681064e-01
2.266961754588944500e-01,2.477235863984502962e-01,6.190372269253410220e-01,7.271685963097446193e-01,8.456267175030864891e-01,-7.018567438850479290e-01,-2.915875566279327868e-01,-7.839459985884346116e-01,5.833275086657495612e-01,1.905304095141269749e-01,-7.173450096865761072e-01,1.072980985915846369e-01,5.398489951334692893e-01,-2.601395478426430929e-01,5.772886818970519585e-01,4.763390733232748531e-01,-6.291097601017150431e-01,8.601850362873123546e-01,8.730491905102951700e-01,1.000000000000000000e+00,6.744840692832830831e-01,8.052925936509339744e-01,1.133469923422406045e-02,-2.805588882484000846e-01,-5.324282734397256522e-01,5.429426603376706906e-01,1.921283798702411172e-01,8.315822881706887992e-01,-4.056267551488526024e-01,4.722379869928746698e-01,2.716028006922327487e-01,-2.795043753151132959e-01,3.965601067215220876e-01,6.955122580259082143e-01,-3.865191991884584510e-01,5.826480934231766107e-02,-2.433294813185392647e-01,8.268943247972246890e-01,8.113341723779680104e-01
3.230088966893507885e-01,1.754249238080278217e-01,8.042287920102575427e-01,5.013950671447628959e-01,6.242921153689714453e-01,-4.206546095166687760e-01,-9.930705638327459728e-02,-6.557830120778989080e-01,5.027156113983858310e-01,3.307881595747203529e-01,-5.611473096167292063e-01,1.482295613634743714e-01,2.638202718913573719e-01,-2.881726673788813642e-01,4.845963036060986218e-01,4.817938397153694319e-01,-4.894974065032305366e-01,6.894211298501764507e-01,6.079717637875975411e-01,6.744840692832830831e-01,1.000000000000000000e+00,6.967552887237359327e-01,9.998744930049766055e-02,-3.659321013981021997e-02,-3.304082297683383906e-01,3.808060944008658799e-01,9.408658406951098119e-02,7.759205093506224005e-01,-3.001080777939258426e-01,5.430017426854019114e-01,3.825305461199106638e-01,-2.708642033462584919e-01,3.083259027795738905e-01,5.448914095996613138e-01,-3.213580805291157416e-01,-2.537784514453204562e-02,-2.564813972212544591e-01,6.953208853801099432e-01,6.457649087969690171e-01
7.812144023727767006e-02,5.095824321962321157e-01,8.006665389518278220e-01,4.616617713015040980e-01,6.664554827960166294e-01,-7.289896477823614163e-01,-5.680713321253560294e-02,-7.019767352783217174e-01,7.629165802861865853e-01,3.472955903990673221e-01,-8.065331429598985302e-01,3.679200247066901075e-01,6.979265163147648776e-01,-5.341233041874606791e-01,7.256476813776556734e-01,6.548005144817281575e-01,-7.583843415369032614e-01,8.190112881312180404e-01,8.193070871652319287e-01,8.052925936509339744e-01,6.967552887237359327e-01,1.000000000000000000e+00,1.155252004276088457e-01,-3.577441049791054706e-01,-4.808182914420544574e-01,2.264840781664438363e-01,-7.668401792387094518e-02,7.024240249592165197e-01,-6.514705676811127777e-01,5.809897243997972360e-01,1.691375730273941558e-01,-5.079906588625449082e-01,1.243684859276654869e-01,7.995657665140452064e-01,-6.357897686576492458e-01,-1.365525136492607428e-01,-4.901159829484228458e-01,7.897523410329800875e-01,8.604173536288406421e-01
1.688992295801245158e-01,2.741577203463996804e-01,1.191784981757424422e-01,3.563716401238651438e-02,6.475431398827123652e-02,1.245632420716093758e-01,1.225466825450102215e-01,-8.469836302537146755e-02,5.021699950386709910e-02,6.173491056930556775e-01,2.164407128975111283e-02,-5.421279444374457052e-02,7.360248777236720608e-02,1.488474993991336093e-01,2.585644835783504347e-02,3.842239472353969343e-01,8.784059179888448199e-02,6.757301201120935463e-02,-2.166824115144825799e-02,1.133469923422406045e-02,9.998744930049766055e-02,1.155252004276088457e-01,1.000000000000000000e+00,5.367653920466357587e-01,5.924976425686196979e-01,1.065838031463981483e-01,8.071953401439561915e-02,7.389842468892666993e-02,7.932582965195963953e-02,3.860561322270626428e-01,4.974182214715446027e-02,6.411484561940589133e-02,5.234508385092442873e-02,-2.081429880498516393e-05,2.138632041757181426e-02,7.970374653105652407e-02,3.548889235360000449e-02,4.101802877637715505e-02,2.093348981104286785e-02
3.660699856974178323e-01,-3.932320584241961736e-01,-2.826766661748263965e-01,-7.333182907544479046e-02,-7.456272219834270132e-02,6.885661615889002718e-01,-2.269413094278049936e-01,3.201332061979804845e-03,-6.117024146864035172e-01,2.023320269629844681e-01,6.361806394145674837e-01,-5.930338155366098318e-01,-5.417418158274214246e-01,7.284730832072414675e-01,-6.592394397663257077e-01,-2.975349337820905604e-01,7.166433693994270770e-01,-3.974587941107841638e-01,-4.048885337581570321e-01,-2.805588882484000846e-01,-3.659321013981021997e-02,-3.577441049791054706e-01,5.367653920466357587e-01,1.000000000000000000e+00,7.057296255759026860e-01,3.687136189139338383e-01,5.958572844833412985e-01,2.186377962507081094e-02,7.365137588468034791e-01,2.513578656560348096e-02,4.812687655637339912e-01,6.913929873894445466e-01,5.088087285206126520e-01,-6.362908776413354062e-01,7.136405064972566326e-01,2.338248248636325410e-01,6.913282743793035534e-01,-3.485351972380115182e-01,-5.224396375840881790e-01
2.430946065525577127e-01,-1.214299472430656890e-01,-3.493365503976912367e-01,-2.511075555562923278e-01,-3.050264291086570712e-01,5.859123836252737583e-01,1.770226304441964160e-01,2.812099618943049717e-01,-4.903816405183851757e-01,2.973706840313546929e-01,5.853304056843272596e-01,-2.712901064269336859e-01,-3.291640593877632193e-01,5.126772974458166932e-01,-5.197940779821093038e-01,-1.348938926193284094e-01,5.956858994524213413e-01,-4.709381831513828054e-01,-5.455612937926129780e-01,-5.324282734397256522e-01,-3.304082297683383906e-01,-4.808182914420544574e-01,5.924976425686196979e-01,7.057296255759026860e-01,1.000000000000000000e+00,5.437306232500593861e-02,1.851082774313182466e-01,-3.186511315336879036e-01,5.712727298045046087e-01,4.020259381353772504e-02,-5.110998987888593775e-02,3.238008874644295321e-01,7.645761380996601853e-02,-5.576125964767304488e-01,5.035746668299181383e-01,1.890909808728857833e-01,3.563121397025692527e-01,-4.237940182096332498e-01,-5.564987046730140996e-01
6.801440188973972845e-01,-2.527088629806490960e-01,8.939873824479491193e-02,6.946739652851970925e-01,7.428414901358268985e-01,-7.270314919321727021e-02,-4.272340258280977188e-01,-6.225841085661525387e-01,-1.183727327021789621e-01,5.199875905859906861e-02,-9.324825667489324357e-03,-5.239139975279623052e-01,-1.918626999699599850e-02,5.268082958708825148e-01,-1.717115295879705072e-01,-5.989298930597645489e-03,1.259536611840056386e-01,3.984198229496813126e-01,4.094554879401466896e-01,5.429426603376706906e-01,3.808060944008658799e-01,2.264840781664438363e-01,1.065838031463981483e-01,3.687136189139338383e-01,5.437306232500593861e-02,1.000000000000000000e+00,7.531527086924191261e-01,6.881485548281676135e-01,3.885072654988714347e-01,2.945700440550539367e-01,4.958358080898607190e-01,3.453046888099465805e-01,8.236402400707591998e-01,-2.002392997717630102e-02,3.921040198599956561e-01,4.589089946805158249e-01,4.384423326971605417e-01,4.294420673335949123e-01,1.951540383174011073e-01
4.215854259236510582e-01,-4.963258914962036528e-01,-2.344253912186077815e-01,3.072306364712881210e-01,3.842659440134998938e-01,3.459658466987808878e-01,-6.280500628099243698e-01,-4.055242296909258859e-01,-5.167358345931787333e-01,-1.990191047092242926e-01,4.066237869701714858e-01,-7.601910886768575848e-01,-3.211962415585239428e-01,7.658491900985269218e-01,-5.749299808392546174e-01,-4.292002559686204366e-01,5.206538300270796560e-01,-5.394289741149150413e-02,9.959812442436645485e-02,1.921283798702411172e-01,9.408658406951098119e-02,-7.668401792387094518e-02,8.071953401439561915e-02,5.958572844833412985e-01,1.851082774313182466e-01,7.531527086924191261e-01,1.000000000000000000e+00,4.147453514261142393e-01,6.349556951223065404e-01,-8.831669142765130598e-02,7.422381932691698436e-01,7.420501344834563584e-01,8.841116362951366714e-01,-4.458940267545186686e-01,6.890103992973607427e-01,3.112196685204015045e-01,7.995796502311729448e-01,-4.816411184152224328e-02,-2.118889460822572512e-01
3.979997478162868862e-01,3.778901174715560557e-02,6.345603784791143953e-01,6.519174265893253883e-01,8.223462763277277210e-01,-4.187097233239869265e-01,-4.141812922279346498e-01,-8.401196257610190621e-01,3.541324055694357598e-01,2.187933887770872610e-01,-4.719409014167237348e-01,-3.643071053311255914e-02,3.265931127081964647e-01,-2.641452466069135752e-02,3.505571881392928191e-01,3.365781124751685005e-01,-3.693999686986387809e-01,7.215344823910119221e-01,7.041917984626414606e-01,8.315822881706887992e-01,7.759205093506224005e-01,7.024240249592165197e-01,7.389842468892666993e-02,2.186377962507081094e-02,-3.186511315336879036e-01,6.881485548281676135e-01,4.147453514261142393e-01,1.000000000000000000e+00,-1.191675259899995371e-01,4.821504794810892447e-01,5.114685381826268307e-01,-6.823085097069890581e-02,6.208301596931659061e-01,4.716156442995140252e-01,-1.091390744024753751e-01,1.223333370249210933e-01,-1.286652147843710473e-03,7.142102195124474528e-01,6.176396341278538316e-01
3.092891075487161356e-01,-6.647382643448741524e-01,-5.649563732903468694e-01,-1.057746048355077684e-01,-1.782862057619638008e-01,7.655255795243907091e-01,-3.578951339607680526e-01,1.607786570365904444e-01,-8.340520047522614888e-01,-2.014269849760750575e-01,8.133633661762860179e-01,-6.529249079142592782e-01,-6.766604193295432390e-01,8.761047716186146639e-01,-8.256892408025228169e-01,-6.461389092381014665e-01,8.529817111750537251e-01,-5.604154709280779745e-01,-5.427738004835229724e-01,-4.056267551488526024e-01,-3.001080777939258426e-01,-6.514705676811127777e-01,7.932582965195963953e-02,7.365137588468034791e-01,5.712727298045046087e-01,3.885072654988714347e-01,6.349556951223065404e-01,-1.191675259899995371e-01,1.000000000000000000e+00,-3.178370351710564923e-01,3.609681772803529642e-01,7.971182171272890304e-01,5.202149476122863714e-01,-7.974637939976794154e-01,9.274027394253244738e-01,3.228368911219630100e-01,8.337749245202132897e-01,-5.158529089007972690e-01,-7.159155899330239547e-01
4.413739793100985298e-01,5.811728591061685600e-01,5.888318999987520730e-01,4.213799616976623419e-01,5.555576792655528839e-01,-4.143435226680379224e-01,2.626914390008879274e-01,-4.661919103116198282e-01,5.695238324389975126e-01,7.489276158607568457e-01,-4.813382218843527682e-01,2.351007280334677929e-01,4.426904489172366342e-01,-2.537353194526396627e-01,4.661442377767943679e-01,7.514153013536326586e-01,-4.416734101487952979e-01,6.044717249960138705e-01,4.582311279906731705e-01,4.722379869928746698e-01,5.430017426854019114e-01,5.809897243997972360e-01,3.860561322270626428e-01,2.513578656560348096e-02,4.020259381353772504e-02,2.945700440550539367e-01,-8.831669142765130598e-02,4.821504794810892447e-01,-3.178370351710564923e-01,1.000000000000000000e+00,-8.980008989080450615e-03,-3.895869817094760879e-01,8.162073801259481232e-02,5.215196891201804297e-01,-3.753453512178552831e-01,3.020736789419343205e-01,-3.745132946268143193e-01,6.452831182710326852e-01,5.684696460283438224e-01
1.974817993139915129e-01,-3.498739249007705721e-01,1.260930962078894990e-01,1.451541469471253620e-01,3.187704541430164684e-01,2.398831115232930022e-01,-6.621378510862055977e-01,-4.756163338170437682e-01,-2.799461212823203815e-01,-9.643406253107134063e-02,1.966993459158863922e-01,-4.689326423496102403e-01,-2.874219411716364969e-01,4.507397627971250764e-01,-3.382108960529527364e-01,-3.067645566130752233e-01,2.935376153556191192e-01,1.194289532100404130e-02,1.860232593718066652e-01,2.716028006922327487e-01,3.825305461199106638e-01,1.691375730273941558e-01,4.974182214715446027e-02,4.812687655637339912e-01,-5.110998987888593775e-02,4.958358080898607190e-01,7.422381932691698436e-01,5.114685381826268307e-01,3.609681772803529642e-01,-8.980008989080450615e-03,1.000000000000000000e+00,5.894764173638311622e-01,7.601838746607564312e-01,-2.267619539373620097e-01,4.296106272136191451e-01,3.942324825367118056e-03,5.921254094746706276e-01,2.860009872181891802e-02,-3.498788276089882798e-02
1.123884953011038967e-01,-6.486618070170971917e-01,-5.658203620373399856e-01,-1.528376197006417470e-01,-1.580962877281023582e-01,7.231488769889007351e-01,-5.690654392570820841e-01,4.976087743322681750e-02,-7.950989983889946711e-01,-2.808642554201734587e-01,7.430662692794238744e-01,-7.514665291955699988e-01,-6.540933207345949185e-01,8.280612158032298886e-01,-8.037188544455812211e-01,-6.948952919676236739e-01,7.972785375938834518e-01,-5.399998963344238012e-01,-3.952223907307101936e-01,-2.795043753151132959e-01,-2.708642033462584919e-01,-5.079906588625449082e-01,6.411484561940589133e-02,6.913929873894445466e-01,3.238008874644295321e-01,3.453046888099465805e-01,7.420501344834563584e-01,-6.823085097069890581e-02,7.971182171272890304e-01,-3.895869817094760879e-01,5.894764173638311622e-01,1.000000000000000000e+00,5.936793066854527678e-01,-7.652084236065329614e-01,8.502193959433225201e-01,2.319033717842903797e-01,9.245425604967981714e-01,-5.454347493834772465e-01,-6.448771638325773159e-01
4.405900614315313435e-01,-4.377911410960120264e-01,-4.912220287012036661e-03,4.291495914242307030e-01,5.456021286658302438e-01,1.771972172582857163e-01,-6.633158202397263503e-01,-5.919166299312131896e-01,-3.523643829944418382e-01,-6.613451216308326164e-02,2.140519749965276164e-01,-6.084795081330051092e-01,-1.754441132737371012e-01,6.185753138975067511e-01,-3.875601224230473263e-01,-2.741468174110975875e-01,3.238559002397380926e-01,1.452012076004191576e-01,2.642525572407057322e-01,3.965601067215220876e-01,3.083259027795738905e-01,1.243684859276654869e-01,5.234508385092442873e-02,5.088087285206126520e-01,7.645761380996601853e-02,8.236402400707591998e-01,8.841116362951366714e-01,6.208301596931659061e-01,5.202149476122863714e-01,8.162073801259481232e-02,7.601838746607564312e-01,5.936793066854527678e-01,1.000000000000000000e+00,-2.418797541031426912e-01,5.675813932038773491e-01,2.896086757934828171e-01,6.630829720006172767e-01,1.601060836625649852e-01,-1.836551405527838896e-02
-2.734847056604264651e-02,6.308037470157603632e-01,7.592182633824602345e-01,4.079983641043122278e-01,5.100720974186266909e-01,-8.672374492262512335e-01,1.795646684073425037e-01,-4.506161140644049934e-01,9.091046020689990126e-01,3.248168829353250131e-01,-9.105644770959623324e-01,6.600737546158526037e-01,7.431486615615359170e-01,-7.317021060771529140e-01,9.141895051239924408e-01,7.438272873202103064e-01,-9.069455232894892971e-01,8.072075389214107277e-01,7.210928810729302363e-01,6.955122580259082143e-01,5.448914095996613138e-01,7.995657665140452064e-01,-2.081429880498516393e-05,-6.362908776413354062e-01,-5.576125964767304488e-01,-2.002392997717630102e-02,-4.458940267545186686e-01,4.716156442995140252e-01,-7.974637939976794154e-01,5.215196891201804297e-01,-2.267619539373620097e-01,-7.652084236065329614e-01,-2.418797541031426912e-01,1.000000000000000000e+00,-8.213266740730627014e-01,-1.761638379391703979e-01,-7.661957564119462605e-01,7.860430652960128661e-01,8.899170659866680877e-01
2.559073191097510636e-01,-6.985056102913264064e-01,-5.977364177323900574e-01,-1.265519384328490926e-01,-1.826338641148302078e-01,7.638108824739379132e-01,-4.390874338232371166e-01,1.358305438168514734e-01,-8.668033440324764971e-01,-2.581639109130083876e-01,8.202285781502350881e-01,-6.983625293660979949e-01,-6.835059036092517859e-01,8.882277522236563527e-01,-8.563872492032249539e-01,-7.050086708212398579e-01,8.612515659528984235e-01,-5.809173797398982098e-01,-5.184456921357258885e-01,-3.865191991884584510e-01,-3.213580805291157416e-01,-6.357897686576492458e-01,2.138632041757181426e-02,7.136405064972566326e-01,5.035746668299181383e-01,3.921040198599956561e-01,6.890103992973607427e-01,-1.091390744024753751e-01,9.274027394253244738e-01,-3.753453512178552831e-01,4.296106272136191451e-01,8.502193959433225201e-01,5.675813932038773491e-01,-8.213266740730627014e-01,1.000000000000000000e+00,3.053430938124198635e-01,8.847976748207940778e-01,-5.448856087301060525e-01,-7.275380876709084399e-01
3.976224595112261007e-01,-3.600542871134858325e-02,-2.049894456632732065e-01,2.283108152635611732e-01,2.565776867472058798e-01,1.063305455188557347e-01,-1.236374581965619668e-01,-2.690175133695140580e-02,-2.081794706740235923e-01,3.115940141592739021e-01,1.333275239067591988e-01,-3.653431228373130168e-01,-1.627002309702056393e-01,3.968044456443042267e-01,-2.234961720601547908e-01,1.300704710611240988e-01,1.701084810812795722e-01,6.278972444903456462e-02,-1.557730198462281036e-02,5.826480934231766107e-02,-2.537784514453204562e-02,-1.365525136492607428e-01,7.970374653105652407e-02,2.338248248636325410e-01,1.890909808728857833e-01,4.589089946805158249e-01,3.112196685204015045e-01,1.223333370249210933e-01,3.228368911219630100e-01,3.020736789419343205e-01,3.942324825367118056e-03,2.319033717842903797e-01,2.896086757934828171e-01,-1.761638379391703979e-01,3.053430938124198635e-01,1.000000000000000000e+00,2.801823094356949984e-01,3.567128601056426124e-02,-9.019006271283684650e-02
1.786205118557859239e-01,-6.812087522797625194e-01,-5.523641173353537326e-01,-9.912018673955287629e-02,-9.086084600239793807e-02,7.012714148227739974e-01,-5.990226825509777919e-01,-1.217577706397299057e-02,-8.123551323141262603e-01,-2.910197596301883349e-01,7.395102498463651530e-01,-7.711090757648383365e-01,-6.272987884583397511e-01,8.656388000253271153e-01,-8.161533605195849805e-01,-6.909044423538457380e-01,7.998600116406713312e-01,-5.001061183533451748e-01,-3.613812581433796800e-01,-2.433294813185392647e-01,-2.564813972212544591e-01,-4.901159829484228458e-01,3.548889235360000449e-02,6.913282743793035534e-01,3.563121397025692527e-01,4.384423326971605417e-01,7.995796502311729448e-01,-1.286652147843710473e-03,8.337749245202132897e-01,-3.745132946268143193e-01,5.921254094746706276e-01,9.245425604967981714e-01,6.630829720006172767e-01,-7.661957564119462605e-01,8.847976748207940778e-01,2.801823094356949984e-01,1.000000000000000000e+00,-5.036039215790469870e-01,-6.330376458508809590e-01
4.144187331930156981e-01,4.524814066196565787e-01,6.999511422986253173e-01,7.592684499974819978e-01,8.187820551420578186e-01,-7.896160912509487817e-01,1.026006793931091982e-01,-6.268965552371807970e-01,7.420948903186830314e-01,2.994688806748663223e-01,-7.815017223901074006e-01,2.804269905535455298e-01,6.105239588542201723e-01,-3.990589721063832473e-01,6.725586311931942562e-01,6.507728121483336015e-01,-7.050035006253522196e-01,9.013684458270299071e-01,8.159951850824240793e-01,8.268943247972246890e-01,6.953208853801099432e-01,7.897523410329800875e-01,4.101802877637715505e-02,-3.485351972380115182e-01,-4.237940182096332498e-01,4.294420673335949123e-01,-4.816411184152224328e-02,7.142102195124474528e-01,-5.158529089007972690e-01,6.452831182710326852e-01,2.860009872181891802e-02,-5.454347493834772465e-01,1.601060836625649852e-01,7.860430652960128661e-01,-5.448856087301060525e-01,3.567128601056426124e-02,-5.036039215790469870e-01,1.000000000000000000e+00,8.799474794780022258e-01
1.295678982898526288e-01,5.812025796365688501e-01,7.483615223519565207e-01,5.948006419002492828e-01,7.024302763961602913e-01,-8.677375463506868947e-01,9.900883001532870265e-02,-5.713447707828388511e-01,8.524284564528237240e-01,2.865610497098075582e-01,-8.850117599144624592e-01,4.408802688090696087e-01,7.250965893248974004e-01,-5.956180941229732850e-01,8.061470211507288930e-01,7.041816291367094527e-01,-8.439247948273387312e-01,8.960359304300234973e-01,8.581640739425681064e-01,8.113341723779680104e-01,6.457649087969690171e-01,8.604173536288406421e-01,2.093348981104286785e-02,-5.224396375840881790e-01,-5.564987046730140996e-01,1.951540383174011073e-01,-2.118889460822572512e-01,6.176396341278538316e-01,-7.159155899330239547e-01,5.684696460283438224e-01,-3.498788276089882798e-02,-6.448771638325773159e-01,-1.836551405527838896e-02,8.899170659866680877e-01,-7.275380876709084399e-01,-9.019006271283684650e-02,-6.330376458508809590e-01,8.799474794780022258e-01,1.000000000000000000e+00
