1.000000000000000000e+00,-4.174059898602326402e-01,-2.707375106954859265e-02,6.959168328506445955e-02,5.165446589089067730e-01,-6.657505973116026876e-01,-5.319877462151862968e-01,1.376302300630120531e-02,6.874849793873635262e-01,5.811745957238946270e-01,-5.903126441780893741e-01,4.919831723765735743e-01,-1.178776802990547656e-01,3.698101960867686833e-01,7.620954922977409840e-01,6.418225826139446477e-01,-6.108185444527776120e-01,6.511394745736013290e-01,3.423871344130510197e-01,6.637119828645104969e-02,-2.869687672859279615e-01,6.079194240590701792e-01,-5.357726802202791294e-01,-6.552619756370963167e-01,-5.287214710651214622e-01,6.898012556638630777e-01,6.083939754021264745e-01,-4.368842962394381413e-02,-5.015435018145769641e-01,1.706901596952298539e-01,4.025182814757612970e-01,-5.517986711499899277e-01,1.506986072760015394e-01,3.176901073504342365e-01,-5.630912922695143763e-01,5.325775271903155500e-02,-6.384780329396674281e-01,7.661464747414555854e-01,4.691710930580187400e-01
-4.174059898602326402e-01,1.000000000000000000e+00,1.654288601956349913e-01,6.455403478757713864e-02,-4.423652063166473858e-01,6.556235897516039524e-01,4.672140043672416421e-01,-1.318256930658934512e-01,-1.633660609128914365e-01,-6.913234045174027065e-02,6.895140832127092390e-01,-2.521600611467540998e-01,4.045719630769037400e-02,-3.986818632419123487e-01,-6.157090016121931075e-01,-4.652513710430250526e-01,6.875393231442423758e-01,-5.102791753434703370e-01,-2.364619093443374453e-01,-2.547729581230627205e-01,3.076725757668812844e-01,-5.957305678424148487e-01,5.669494327553553648e-01,6.710790310077765497e-01,5.964998718738158123e-01,-4.248485622715823529e-01,-7.089536243983932673e-01,1.575259569486812672e-01,7.717808958814077469e-01,1.920283758339862146e-01,-2.496914795147489874e-01,7.688079128093195935e-01,-1.100073985089997791e-01,-7.460925867246140375e-02,4.527558832863394778e-01,-5.292392523456116576e-02,7.389614681007359298e-01,-2.023491986412212507e-01,2.125341190873415720e-01
-2.707375106954859265e-02,1.654288601956349913e-01,1.000000000000000000e+00,3.343432266867464864e-01,-4.227603818768119193e-02,1.643014803883658947e-01,1.552787474389090983e-01,-9.211651460361434118e-01,-1.598199464013790316e-01,-5.133198959524459121e-02,-1.562112035277052335e-01,3.142069345221130128e-01,5.998541682788501861e-01,-4.717148100514579889e-01,-8.351892185446381511e-02,-2.585308447233798934e-01,-1.533006053159848281e-01,2.076194143590719965e-01,4.524896819270185500e-01,-1.240566596162072932e-01,7.419786758743577293e-01,2.690653270829246879e-01,1.569047444114172185e-01,1.673053113114387203e-01,1.704945302516805705e-01,-2.214100207537910703e-01,-8.739096168871365866e-02,2.051682859642094403e-01,1.020910399252045577e-03,-1.660131582068245515e-01,-2.422433617429272934e-01,-5.350051898741522982e-02,5.647171841556148930e-01,1.356816785389388935e-01,-1.681759208743643652e-01,-4.542918715905681082e-01,6.476445230273561449e-02,-2.764618296051037927e-01,-7.523188369779015838e-02
6.959168328506445955e-02,6.455403478757713864e-02,3.343432266867464864e-01,1.000000000000000000e+00,1.943221139935690234e-01,-7.431475027924029642e-02,2.462739109024021933e-01,-3.265960355105737567e-01,-6.684269954425420268e-02,9.519194346279517827e-02,-9.739307437614838636e-02,3.047362352488818815e-01,1.110629633640115160e-01,-3.084533233116670270e-01,4.500801371952849184e-04,-6.350577174324872898e-02,-1.189381256520666841e-01,1.885908267751394973e-01,3.748879613434429880e-01,-6.336530319529926070e-02,2.343085834601211781e-01,2.628023153613670004e-01,-9.351600506539002600e-02,-1.120466312280232468e-01,-2.350099231917280040e-01,-1.116377531180978364e-02,8.092668637863914549e-02,1.449690289690638290e-01,-1.104458747918781875e-01,-2.617661399744841797e-04,4.989437558919661980e-02,-8.433062914055886039e-02,2.962328474806211198e-01,1.252437478317757480e-01,-1.455014138036041793e-01,2.228403368993384787e-02,-7.814949250429120697e-02,-2.470729081449784745e-02,2.630807729090109751e-02
5.165446589089067730e-01,-4.423652063166473858e-01,-4.227603818768119193e-02,1.943221139935690234e-01,1.000000000000000000e+00,-7.040000075877387298e-01,-5.808200547280616410e-01,-8.646460838729712328e-03,5.602922920366706361e-01,3.080737216496856057e-01,-4.873504738968703065e-01,6.432262152035359559e-01,-8.339234461790707986e-02,5.626367512074827992e-01,6.889410572834642199e-01,5.144296807572867891e-01,-5.064055348103356780e-01,6.769901215605905742e-01,5.933840976646062026e-01,8.579114935114420804e-02,-2.174001719740822347e-01,5.668806428778264683e-01,-5.305925224584550071e-01,-6.674866080064418838e-01,-4.705879789009108638e-01,7.994106477188318571e-01,7.840229623050053442e-01,1.163084487091764763e-01,-5.375784043559888037e-01,3.428023465408928105e-01,5.623060561666467505e-01,-5.519277133276341285e-01,3.160445977630017556e-01,5.924040913965199495e-01,-5.700931949380210195e-01,5.115994169339957987e-01,-6.577320082584245942e-01,4.960227309440533583e-01,4.169419364931155614e-01
-6.657505973116026876e-01,6.556235897516039524e-01,1.643014803883658947e-01,-7.431475027924029642e-02,-7.040000075877387298e-01,1.000000000000000000e+00,7.333562412684497822e-01,-1.163410381418411993e-01,-4.555462934682129594e-01,-2.163737801128704230e-01,5.616394794092498532e-01,-6.416497399501062127e-01,6.791700676169412643e-02,-4.643777523091868198e-01,-7.550003707276436993e-01,-5.389259744068481961e-01,6.376703238675250907e-01,-7.553976011543516167e-01,-4.611622737756129742e-01,-1.476748573303630907e-01,3.826813735761150914e-01,-6.987192946501649127e-01,8.388124227115072440e-01,9.204399993835585825e-01,7.947440784778734280e-01,-7.351825142101954258e-01,-8.729480854255895483e-01,-5.758259604433511175e-02,7.750620806701553622e-01,8.294000979314479494e-02,-5.689704294137810647e-01,6.626743831919862382e-01,-2.868928272526806156e-01,-1.752600499519239019e-01,7.880475576945494831e-01,-2.564016042274221974e-01,8.930527749993645292e-01,-5.204715254355716247e-01,-3.343112968466231960e-01
-5.319877462151862968e-01,4.672140043672416421e-01,1.552787474389090983e-01,2.462739109024021933e-01,-5.808200547280616410e-01,7.333562412684497822e-01,1.000000000000000000e+00,-1.189853141746058801e-01,-4.885117979994985649e-01,-1.551334008086215077e-01,4.456353968379834773e-01,-6.262782395279520298e-01,6.827134229585271608e-02,-5.111721737114172104e-01,-6.503514197069452107e-01,-3.867901850658225227e-01,4.895993606729058811e-01,-6.522248547993808598e-01,-3.878278527715895985e-01,2.892230803295166991e-02,2.687805496846175646e-01,-4.042890659465824266e-01,6.446090015608850754e-01,6.963052553358083374e-01,5.154172619571932845e-01,-6.318206640016493791e-01,-6.808513434873186831e-01,6.582448617315644901e-02,5.698512218172158139e-01,2.708086828423887649e-02,-4.565271029513394696e-01,4.939168331677472046e-01,-2.284394531615124291e-01,-2.249467325360177405e-01,6.248939024631017247e-01,-1.140901378200476074e-01,6.647471961441390187e-01,-4.863419901572966775e-01,-4.497665301166912100e-01
1.376302300630120531e-02,-1.318256930658934512e-01,-9.211651460361434118e-01,-3.265960355105737567e-01,-8.646460838729712328e-03,-1.163410381418411993e-01,-1.189853141746058801e-01,1.000000000000000000e+00,1.270551303592938885e-01,3.401382760064432242e-02,2.029806474914630232e-01,-3.463901001514360090e-01,-6.258553752429846240e-01,4.430439189327735616e-01,5.131645898965121744e-02,2.374074303782075512e-01,2.010211861613613038e-01,-2.405414898191199635e-01,-4.831631068231881931e-01,1.232399740479886430e-01,-7.456174366741129544e-01,-2.990539241394818415e-01,-1.302315032438097209e-01,-1.240522736334683240e-01,-1.233667277385048638e-01,1.668851606426166867e-01,4.405382496067952042e-02,-2.115594013264461837e-01,6.669481778261651672e-02,1.447264512366097933e-01,2.314925363660522983e-01,1.124349940925308960e-01,-6.196522604198814177e-01,-1.623855359936801912e-01,1.951245706139712877e-01,4.259547844548597362e-01,-3.018141226230244487e-02,2.499221517865685693e-01,4.563998581014183653e-02
6.874849793873635262e-01,-1.633660609128914365e-01,-1.598199464013790316e-01,-6.684269954425420268e-02,5.602922920366706361e-01,-4.555462934682129594e-01,-4.885117979994985649e-01,1.270551303592938885e-01,1.000000000000000000e+00,6.956614990482588023e-01,-4.275791165452181297e-01,3.852261633293039278e-01,-2.990773534616252283e-01,4.879365954793836724e-01,6.492500123997114736e-01,6.401444208200580688e-01,-4.172815577805363829e-01,4.692721049978937908e-01,2.555107892442465833e-01,2.423868012370433700e-03,-2.905737020804577408e-01,3.118612096704627135e-01,-2.622358156203924984e-01,-4.112367767896937254e-01,-2.141797479633810453e-01,7.211105898728026320e-01,4.284190506196652315e-01,-1.297771952386295446e-01,-2.586706739890540785e-01,5.655893395306946791e-01,3.658166126353459835e-01,-3.549922930625684092e-01,3.267288860913662545e-03,5.264439591166583110e-01,-3.160643975418231388e-01,3.229316664051270491e-01,-3.695137297401590026e-01,7.875970158212196592e-01,6.948619187508837669e-01
5.811745957238946270e-01,-6.913234045174027065e-02,-5.133198959524459121e-02,9.519194346279517827e-02,3.080737216496856057e-01,-2.163737801128704230e-01,-1.551334008086215077e-01,3.401382760064432242e-02,6.956614990482588023e-01,1.000000000000000000e+00,-3.666009798989364188e-01,2.044478455661842831e-01,-2.394193401664282128e-01,1.936304428134159594e-01,4.331794908163353885e-01,7.237775898481370040e-01,-3.422357739165772794e-01,3.266654191367469595e-01,1.937688140273426673e-01,-1.348693752377273236e-01,-1.397845347656393733e-01,2.309623434208437354e-01,-5.300254283582234160e-02,-1.894911470734501335e-01,-3.378221377265051839e-02,4.185727700188699996e-01,1.768626450828915120e-01,-2.275224912748335937e-01,-1.409540419208871187e-01,5.633538265549462576e-01,6.141685353108235906e-02,-2.865254178318610845e-01,-1.930441951215930430e-02,5.365775907077180440e-01,-1.613905571272638839e-01,1.210327923374373699e-01,-1.760997252954043246e-01,6.808158094734193533e-01,5.514358514651273024e-01
-5.903126441780893741e-01,6.895140832127092390e-01,-1.562112035277052335e-01,-9.739307437614838636e-02,-4.873504738968703065e-01,5.616394794092498532e-01,4.456353968379834773e-01,2.029806474914630232e-01,-4.275791165452181297e-01,-3.666009798989364188e-01,1.000000000000000000e+00,-3.963155568742147694e-01,-1.068575687590210960e-01,-2.655177251814522243e-01,-6.289409090452789952e-01,-4.709932889905425468e-01,8.910220518416117619e-01,-5.978003151016417771e-01,-4.449284155050469147e-01,-1.646523725989022247e-01,-3.876285958114569080e-02,-6.308195068308286579e-01,3.750515831370966335e-01,5.547398165505588175e-01,4.346265782346728779e-01,-4.793896423345001545e-01,-6.127158773615074550e-01,1.869114116299210870e-01,7.713863161611180796e-01,-7.473934342088098259e-02,-1.553120082598276053e-01,8.759110730458337102e-01,-3.748909242845820944e-01,-2.487008959408041064e-01,4.391490412074503524e-01,1.022527303485750994e-01,6.085402425284432981e-01,-3.474809279539398110e-01,-3.529634739405662636e-02
4.919831723765735743e-01,-2.521600611467540998e-01,3.142069345221130128e-01,3.047362352488818815e-01,6.432262152035359559e-01,-6.416497399501062127e-01,-6.262782395279520298e-01,-3.463901001514360090e-01,3.852261633293039278e-01,2.044478455661842831e-01,-3.963155568742147694e-01,1.000000000000000000e+00,2.354105967165925350e-01,1.657414245392286323e-01,5.876627149159131536e-01,2.647466945319828513e-01,-4.719013361065280687e-01,7.601973223877750430e-01,6.976522708394987671e-01,-6.481708527069741932e-02,1.332650915197427233e-01,5.641682630237745411e-01,-5.940488806455379578e-01,-6.216728259646989718e-01,-5.258223079689630097e-01,5.660492867008383167e-01,6.190335351921989471e-01,1.726453854061273385e-01,-5.042939874716620974e-01,-3.206082259687358105e-02,4.252665664378073029e-01,-4.220564248875818270e-01,6.033031795532510788e-01,4.271235724032479975e-01,-7.066739867833723432e-01,2.645050147673915636e-02,-5.968937538694335521e-01,3.551201868248746174e-01,5.050920837053581858e-01
-1.178776802990547656e-01,4.045719630769037400e-02,5.998541682788501861e-01,1.110629633640115160e-01,-8.339234461790707986e-02,6.791700676169412643e-02,6.827134229585271608e-02,-6.258553752429846240e-01,-2.990773534616252283e-01,-2.394193401664282128e-01,-1.068575687590210960e-01,2.354105967165925350e-01,1.000000000000000000e+00,-4.556665217316597793e-01,-1.370119692947584233e-01,-3.460359298031362441e-01,-7.711647679898163410e-02,1.884399640773686824e-01,4.034198220430844084e-01,-9.880676613493226401e-02,6.108424354736307071e-01,2.131085120291612567e-01,1.334316990612953446e-01,1.028488410064918868e-01,2.334495375431498362e-02,-2.001005755808384912e-01,-7.994939810512587119e-02,1.390663680251186252e-01,-1.278680782361538149e-01,-3.401765289697602501e-01,-3.705109411666516750e-01,-1.246152245544404485e-01,6.422956160688512162e-01,-3.872852148260534644e-02,-6.751073675450496026e-02,-4.683223337278930032e-01,4.849251536507213217e-02,-4.010789373420962645e-01,-1.608570451769103793e-01
3.698101960867686833e-01,-3.986818632419123487e-01,-4.717148100514579889e-01,-3.084533233116670270e-01,5.626367512074827992e-01,-4.643777523091868198e-01,-5.111721737114172104e-01,4.430439189327735616e-01,4.879365954793836724e-01,1.936304428134159594e-01,-2.655177251814522243e-01,1.657414245392286323e-01,-4.556665217316597793e-01,1.000000000000000000e+00,5.678509133662351660e-01,5.161466100723289818e-01,-2.619565566181739080e-01,2.347824964653064117e-01,-8.541646174173420439e-03,1.824171374638701160e-01,-5.949904672217929402e-01,1.306645651681152820e-01,-3.562654293761610691e-01,-4.338144986810595904e-01,-2.119373216528586401e-01,6.376162584014853918e-01,5.573141725783412603e-01,-3.113520706486015352e-02,-2.853227357077859905e-01,3.917764885986360079e-01,5.377825974576739831e-01,-3.105793698515448287e-01,-2.428649086690256031e-01,2.850478470073867787e-01,-2.334028077672046231e-01,5.598283412816420501e-01,-4.322008199427113118e-01,4.952350548806727648e-01,2.409455136106772866e-01
7.620954922977409840e-01,-6.157090016121931075e-01,-8.351892185446381511e-02,4.500801371952849184e-04,6.889410572834642199e-01,-7.550003707276436993e-01,-6.503514197069452107e-01,5.131645898965121744e-02,6.492500123997114736e-01,4.331794908163353885e-01,-6.289409090452789952e-01,5.876627149159131536e-01,-1.370119692947584233e-01,5.678509133662351660e-01,1.000000000000000000e+00,6.550681378314004988e-01,-6.527674927840459995e-01,7.402443886223711855e-01,4.347986926004350217e-01,6.930153161032175102e-02,-3.920088799163524151e-01,6.534551611192841447e-01,-6.482852833653581781e-01,-7.489821482429770416e-01,-5.874429889733799870e-01,7.877584181872115954e-01,7.632380307446635648e-01,-2.380155091358717237e-02,-6.031235613029665155e-01,1.858713486777753554e-01,4.502781228557528048e-01,-6.152389852310027329e-01,1.251140769683388720e-01,4.536367036811858600e-01,-6.119127999233600068e-01,2.397625454986854476e-01,-7.490301311748869262e-01,6.515395128626095822e-01,4.001603847248193513e-01
6.418225826139446477e-01,-4.652513710430250526e-01,-2.585308447233798934e-01,-6.350577174324872898e-02,5.144296807572867891e-01,-5.389259744068481961e-01,-3.867901850658225227e-01,2.374074303782075512e-01,6.401444208200580688e-01,7.237775898481370040e-01,-4.709932889905425468e-01,2.647466945319828513e-01,-3.460359298031362441e-01,5.161466100723289818e-01,6.550681378314004988e-01,1.000000000000000000e+00,-4.791722495021337735e-01,4.514941675780115848e-01,1.502390029433082475e-01,1.149272259866701840e-01,-4.685774739135747935e-01,4.647657564288115717e-01,-4.163812354337831922e-01,-5.315056794558817854e-01,-3.046027241555208098e-01,6.049520312673067890e-01,5.393667270897908317e-01,-1.816291188467252515e-01,-4.054477363532701384e-01,3.911749811730342308e-01,3.134115368143943758e-01,-4.772477056956828112e-01,-1.231731059669034095e-01,4.495183026912207835e-01,-4.393540180808431228e-01,3.209824070202349500e-01,-5.566673935003249030e-01,6.900442406093590941e-01,4.094064887782799533e-01
-6.108185444527776120e-01,6.875393231442423758e-01,-1.533006053159848281e-01,-1.189381256520666841e-01,-5.064055348103356780e-01,6.376703238675250907e-01,4.895993606729058811e-01,2.010211861613613038e-01,-4.172815577805363829e-01,-3.422357739165772794e-01,8.910220518416117619e-01,-4.719013361065280687e-01,-7.711647679898163410e-02,-2.619565566181739080e-01,-6.527674927840459995e-01,-4.791722495021337735e-01,1.000000000000000000e+00,-6.276198761217850475e-01,-4.552700397523396503e-01,-1.626748385451674273e-01,-9.927262395142584517e-03,-6.608974730245578133e-01,5.018881648996299516e-01,6.381477123585769240e-01,5.276767354049965997e-01,-5.160925055660304794e-01,-6.735801396959006926e-01,1.070402490385700539e-01,7.962098999460847093e-01,-4.263694162755940487e-02,-2.433576154518337364e-01,8.544656930357162894e-01,-4.015136807424595777e-01,-2.147199541325991723e-01,5.464156732245376569e-01,7.725504594142913739e-02,6.858701741596047174e-01,-3.633315904792315254e-01,-7.698581418537556176e-02
6.511394745736013290e-01,-5.102791753434703370e-01,2.076194143590719965e-01,1.885908267751394973e-01,6.769901215605905742e-01,-7.553976011543516167e-01,-6.522248547993808598e-01,-2.405414898191199635e-01,4.692721049978937908e-01,3.266654191367469595e-01,-5.978003151016417771e-01,7.601973223877750430e-01,1.884399640773686824e-01,2.347824964653064117e-01,7.402443886223711855e-01,4.514941675780115848e-01,-6.276198761217850475e-01,1.000000000000000000e+00,7.592685867424310286e-01,-9.239511277633674635e-02,-6.432867164328731624e-02,7.263594196760392308e-01,-6.628521853293360966e-01,-7.329763543082666866e-01,-6.132748208854192917e-01,6.468047615393043293e-01,7.208621529768847180e-01,5.536225420456269281e-02,-6.433541565056426492e-01,-8.243396548823336834e-02,3.435206682552912061e-01,-6.042559343611976219e-01,4.703421168916041561e-01,3.993963204833366198e-01,-7.269571197831680154e-01,-5.543166148295123122e-03,-7.362824419161857481e-01,4.356069513181601294e-01,4.170004845599378784e-01
3.423871344130510197e-01,-2.364619093443374453e-01,4.524896819270185500e-01,3.748879613434429880e-01,5.933840976646062026e-01,-4.611622737756129742e-01,-3.878278527715895985e-01,-4.831631068231881931e-01,2.555107892442465833e-01,1.937688140273426673e-01,-4.449284155050469147e-01,6.976522708394987671e-01,4.034198220430844084e-01,-8.541646174173420439e-03,4.347986926004350217e-01,1.502390029433082475e-01,-4.552700397523396503e-01,7.592685867424310286e-01,1.000000000000000000e+00,-1.553138258927462545e-01,3.081005102020830666e-01,5.288882395578572426e-01,-3.386594962213317905e-01,-4.216638499692931252e-01,-3.284817980480845279e-01,4.420138044758375462e-01,4.972383711478788326e-01,1.215729773194965391e-01,-4.558231158109383174e-01,1.246200589956753500e-02,1.563907860111645454e-01,-4.460169502073670911e-01,6.631568868798246585e-01,4.163595334693516170e-01,-5.116785706389690436e-01,-3.865997687006474115e-02,-4.310089751006476733e-01,1.492583587451336291e-01,2.843437864476013321e-01
6.637119828645104969e-02,-2.547729581230627205e-01,-1.240566596162072932e-01,-6.336530319529926070e-02,8.579114935114420804e-02,-1.476748573303630907e-01,2.892230803295166991e-02,1.232399740479886430e-01,2.423868012370433700e-03,-1.348693752377273236e-01,-1.646523725989022247e-01,-6.481708527069741932e-02,-9.880676613493226401e-02,1.824171374638701160e-01,6.930153161032175102e-02,1.149272259866701840e-01,-1.626748385451674273e-01,-9.239511277633674635e-02,-1.553138258927462545e-01,1.000000000000000000e+00,-1.025025599967898798e-01,2.268289050080763702e-01,-1.395426968504083209e-01,-1.663733638787365243e-01,-1.856120634169952099e-01,1.465796644682673955e-01,1.984199614550629376e-01,-1.291531893813668008e-01,-1.908312910428338893e-01,-6.992509288275863821e-02,2.135412038286575998e-01,-1.832162926891293120e-01,-2.674173041658937239e-02,-1.464660396330490777e-01,-7.588189244239104680e-02,1.790702818741817248e-01,-1.942753895894612226e-01,-4.579428203185764712e-02,-2.503550674169364165e-01
-2.869687672859279615e-01,3.076725757668812844e-01,7.419786758743577293e-01,2.343085834601211781e-01,-2.174001719740822347e-01,3.826813735761150914e-01,2.687805496846175646e-01,-7.456174366741129544e-01,-2.905737020804577408e-01,-1.397845347656393733e-01,-3.876285958114569080e-02,1.332650915197427233e-01,6.108424354736307071e-01,-5.949904672217929402e-01,-3.920088799163524151e-01,-4.685774739135747935e-01,-9.927262395142584517e-03,-6.432867164328731624e-02,3.081005102020830666e-01,-1.025025599967898798e-01,1.000000000000000000e+00,-8.184035111452821198e-02,4.236276699537040447e-01,4.078680317876841044e-01,3.318531391845827017e-01,-3.941485796749669146e-01,-3.182692590039287728e-01,8.478273797355939667e-02,9.317113227447355872e-02,-1.193358032230612958e-01,-3.781819993285293613e-01,1.938397827416704633e-02,6.359705794287964231e-01,5.080857154003132203e-02,1.502592245017796146e-01,-5.084435251661603150e-01,3.450328410949386471e-01,-4.509106458116839966e-01,-1.704075537827642040e-01
6.079194240590701792e-01,-5.957305678424148487e-01,2.690653270829246879e-01,2.628023153613670004e-01,5.668806428778264683e-01,-6.987192946501649127e-01,-4.042890659465824266e-01,-2.990539241394818415e-01,3.118612096704627135e-01,2.309623434208437354e-01,-6.308195068308286579e-01,5.641682630237745411e-01,2.131085120291612567e-01,1.306645651681152820e-01,6.534551611192841447e-01,4.647657564288115717e-01,-6.608974730245578133e-01,7.263594196760392308e-01,5.288882395578572426e-01,2.268289050080763702e-01,-8.184035111452821198e-02,1.000000000000000000e+00,-6.217885017458845143e-01,-7.175207631056044200e-01,-6.413648365257759165e-01,5.125451919105479259e-01,6.962876963683161113e-01,1.088580880534786577e-01,-6.772267771439881567e-01,-1.514919178202475958e-01,2.645365729930019838e-01,-6.453327802374065891e-01,3.933059656092553480e-01,2.395568630456813009e-01,-6.949228487955639855e-01,1.503386436941502036e-02,-7.514261531303835229e-01,3.149687073391272407e-01,1.421462841147798639e-01
-5.357726802202791294e-01,5.669494327553553648e-01,1.569047444114172185e-01,-9.351600506539002600e-02,-5.305925224584550071e-01,8.388124227115072440e-01,6.446090015608850754e-01,-1.302315032438097209e-01,-2.622358156203924984e-01,-5.300254283582234160e-02,3.750515831370966335e-01,-5.940488806455379578e-01,1.334316990612953446e-01,-3.562654293761610691e-01,-6.482852833653581781e-01,-4.163812354337831922e-01,5.018881648996299516e-01,-6.628521853293360966e-01,-3.386594962213317905e-01,-1.395426968504083209e-01,4.236276699537040447e-01,-6.217885017458845143e-01,1.000000000000000000e+00,8.652595129837313825e-01,8.196044048065785903e-01,-5.786379593299305624e-01,-7.640874968307682646e-01,-8.945845565868634774e-02,6.299758811857949503e-01,2.742958655614197161e-01,-5.500292635431230925e-01,4.505630726826621579e-01,-1.672561903217399948e-01,-4.150629962566858289e-02,7.895764138655890774e-01,-1.685448014997525112e-01,8.296945548244476498e-01,-4.040525266961909057e-01,-2.668311540321172681e-01
-6.552619756370963167e-01,6.710790310077765497e-01,1.673053113114387203e-01,-1.120466312280232468e-01,-6.674866080064418838e-01,9.204399993835585825e-01,6.963052553358083374e-01,-1.240522736334683240e-01,-4.112367767896937254e-01,-1.894911470734501335e-01,5.547398165505588175e-01,-6.216728259646989718e-01,1.028488410064918868e-01,-4.338144986810595904e-01,-7.489821482429770416e-01,-5.315056794558817854e-01,6.381477123585769240e-01,-7.329763543082666866e-01,-4.216638499692931252e-01,-1.663733638787365243e-01,4.078680317876841044e-01,-7.175207631056044200e-01,8.652595129837313825e-01,1.000000000000000000e+00,8.254413649431692201e-01,-7.016806375572987031e-01,-8.670147885415020461e-01,-6.824739118243501601e-02,7.680790952209310962e-01,1.286159320011622809e-01,-5.719623080409205196e-01,6.446708538223530072e-01,-2.510712276306096835e-01,-1.425859390639197533e-01,7.979290360123216796e-01,-2.341041148990858356e-01,9.008257681154353547e-01,-5.105876260394659472e-01,-2.912094680752036480e-01
-5.287214710651214622e-01,5.964998718738158123e-01,1.704945302516805705e-01,-2.350099231917280040e-01,-4.705879789009108638e-01,7.947440784778734280e-01,5.154172619571932845e-01,-1.233667277385048638e-01,-2.141797479633810453e-01,-3.378221377265051839e-02,4.346265782346728779e-01,-5.258223079689630097e-01,2.334495375431498362e-02,-2.119373216528586401e-01,-5.874429889733799870e-01,-3.046027241555208098e-01,5.276767354049965997e-01,-6.132748208854192917e-01,-3.284817980480845279e-01,-1.856120634169952099e-01,3.318531391845827017e-01,-6.413648365257759165e-01,8.196044048065785903e-01,8.254413649431692201e-01,1.000000000000000000e+00,-5.303106587270913774e-01,-6.983340520418174213e-01,-5.648852759220728686e-02,7.021249909143448820e-01,3.093362749229788822e-01,-4.348136542983829234e-01,5.389842358543636136e-01,-2.674233861577358651e-01,1.210743715288879058e-02,6.488401793216624913e-01,-8.624282939689895122e-02,7.550214871444237419e-01,-3.466010751484090990e-01,-1.709778193477412556e-01
6.898012556638630777e-01,-4.248485622715823529e-01,-2.214100207537910703e-01,-1.116377531180978364e-02,7.994106477188318571e-01,-7.351825142101954258e-01,-6.318206640016493791e-01,1.668851606426166867e-01,7.211105898728026320e-01,4.185727700188699996e-01,-4.793896423345001545e-01,5.660492867008383167e-01,-2.001005755808384912e-01,6.376162584014853918e-01,7.877584181872115954e-01,6.049520312673067890e-01,-5.160925055660304794e-01,6.468047615393043293e-01,4.420138044758375462e-01,1.465796644682673955e-01,-3.941485796749669146e-01,5.125451919105479259e-01,-5.786379593299305624e-01,-7.016806375572987031e-01,-5.303106587270913774e-01,1.000000000000000000e+00,7.563408669320410560e-01,2.598409645085425490e-02,-5.094691638435226988e-01,3.531761705204032320e-01,5.912194376077813951e-01,-5.136802440274217396e-01,1.620549458553421918e-01,4.741158654614279211e-01,-5.347446350473020749e-01,4.647401114648933573e-01,-6.574892403670953289e-01,6.827340504621964845e-01,5.309994366266180821e-01
6.083939754021264745e-01,-7.089536243983932673e-01,-8.739096168871365866e-02,8.092668637863914549e-02,7.840229623050053442e-01,-8.729480854255895483e-01,-6.808513434873186831e-01,4.405382496067952042e-02,4.284190506196652315e-01,1.768626450828915120e-01,-6.127158773615074550e-01,6.190335351921989471e-01,-7.994939810512587119e-02,5.573141725783412603e-01,7.632380307446635648e-01,5.393667270897908317e-01,-6.735801396959006926e-01,7.208621529768847180e-01,4.972383711478788326e-01,1.984199614550629376e-01,-3.182692590039287728e-01,6.962876963683161113e-01,-7.640874968307682646e-01,-8.670147885415020461e-01,-6.983340520418174213e-01,7.563408669320410560e-01,1.000000000000000000e+00,1.185102488981063934e-01,-7.653778909075098502e-01,2.198641985104218127e-02,6.109117630978962987e-01,-6.984573025837959026e-01,2.987544476573932850e-01,2.784710815812402318e-01,-7.421621564543277039e-01,3.163138373555490768e-01,-8.826319118168159950e-01,4.710415976065491783e-01,2.331293614992904217e-01
-4.368842962394381413e-02,1.575259569486812672e-01,2.051682859642094403e-01,1.449690289690638290e-01,1.163084487091764763e-01,-5.758259604433511175e-02,6.582448617315644901e-02,-2.115594013264461837e-01,-1.297771952386295446e-01,-2.275224912748335937e-01,1.869114116299210870e-01,1.726453854061273385e-01,1.390663680251186252e-01,-3.113520706486015352e-02,-2.380155091358717237e-02,-1.816291188467252515e-01,1.070402490385700539e-01,5.536225420456269281e-02,1.215729773194965391e-01,-1.291531893813668008e-01,8.478273797355939667e-02,1.088580880534786577e-01,-8.945845565868634774e-02,-6.824739118243501601e-02,-5.648852759220728686e-02,2.598409645085425490e-02,1.185102488981063934e-01,1.000000000000000000e+00,5.006192667778745775e-02,-5.280500498539754395e-02,3.314638574165832408e-01,1.463037943016390341e-01,1.942679941839416113e-01,-3.459731091364569300e-02,-1.693877139689699274e-01,9.829570657272646006e-02,-7.007371234176315578e-02,-5.361949113232400421e-02,7.399144124018225410e-02
-5.015435018145769641e-01,7.717808958814077469e-01,1.020910399252045577e-03,-1.104458747918781875e-01,-5.375784043559888037e-01,7.750620806701553622e-01,5.698512218172158139e-01,6.669481778261651672e-02,-2.586706739890540785e-01,-1.409540419208871187e-01,7.713863161611180796e-01,-5.042939874716620974e-01,-1.278680782361538149e-01,-2.853227357077859905e-01,-6.031235613029665155e-01,-4.054477363532701384e-01,7.962098999460847093e-01,-6.433541565056426492e-01,-4.558231158109383174e-01,-1.908312910428338893e-01,9.317113227447355872e-02,-6.772267771439881567e-01,6.299758811857949503e-01,7.680790952209310962e-01,7.021249909143448820e-01,-5.094691638435226988e-01,-7.653778909075098502e-01,5.006192667778745775e-02,1.000000000000000000e+00,1.694892187176005038e-01,-3.015809399993101825e-01,8.662934620800337715e-01,-4.420879394434031884e-01,-9.248807923449427204e-02,6.378911908316005075e-01,7.734039052833797077e-03,7.885400981673913456e-01,-2.869212948095484217e-01,-2.270630950363289324e-02
1.706901596952298539e-01,1.920283758339862146e-01,-1.660131582068245515e-01,-2.617661399744841797e-04,3.428023465408928105e-01,8.294000979314479494e-02,2.708086828423887649e-02,1.447264512366097933e-01,5.655893395306946791e-01,5.633538265549462576e-01,-7.473934342088098259e-02,-3.206082259687358105e-02,-3.401765289697602501e-01,3.917764885986360079e-01,1.858713486777753554e-01,3.911749811730342308e-01,-4.263694162755940487e-02,-8.243396548823336834e-02,1.246200589956753500e-02,-6.992509288275863821e-02,-1.193358032230612958e-01,-1.514919178202475958e-01,2.742958655614197161e-01,1.286159320011622809e-01,3.093362749229788822e-01,3.531761705204032320e-01,2.198641985104218127e-02,-5.280500498539754395e-02,1.694892187176005038e-01,1.000000000000000000e+00,1.330140244717228915e-01,-1.567326731702630913e-02,-1.710673670324587281e-01,5.531592109439574800e-01,1.973326615413085461e-01,5.256031046029832066e-01,1.415580019295707148e-01,4.278004506001750751e-01,3.801447407092308217e-01
4.025182814757612970e-01,-2.496914795147489874e-01,-2.422433617429272934e-01,4.989437558919661980e-02,5.623060561666467505e-01,-5.689704294137810647e-01,-4.565271029513394696e-01,2.314925363660522983e-01,3.658166126353459835e-01,6.141685353108235906e-02,-1.553120082598276053e-01,4.252665664378073029e-01,-3.705109411666516750e-01,5.377825974576739831e-01,4.502781228557528048e-01,3.134115368143943758e-01,-2.433576154518337364e-01,3.435206682552912061e-01,1.563907860111645454e-01,2.135412038286575998e-01,-3.781819993285293613e-01,2.645365729930019838e-01,-5.500292635431230925e-01,-5.719623080409205196e-01,-4.348136542983829234e-01,5.912194376077813951e-01,6.109117630978962987e-01,3.314638574165832408e-01,-3.015809399993101825e-01,1.330140244717228915e-01,1.000000000000000000e+00,-2.291781527900791093e-01,3.744004574345388692e-02,1.129448805890611585e-01,-4.800885053845012074e-01,4.885750504778930692e-01,-5.424699572133481196e-01,4.259546892277347729e-01,3.084606317973264678e-01
-5.517986711499899277e-01,7.688079128093195935e-01,-5.350051898741522982e-02,-8.433062914055886039e-02,-5.519277133276341285e-01,6.626743831919862382e-01,4.939168331677472046e-01,1.124349940925308960e-01,-3.549922930625684092e-01,-2.865254178318610845e-01,8.759110730458337102e-01,-4.220564248875818270e-01,-1.246152245544404485e-01,-3.105793698515448287e-01,-6.152389852310027329e-01,-4.772477056956828112e-01,8.544656930357162894e-01,-6.042559343611976219e-01,-4.460169502073670911e-01,-1.832162926891293120e-01,1.938397827416704633e-02,-6.453327802374065891e-01,4.505630726826621579e-01,6.446708538223530072e-01,5.389842358543636136e-01,-5.136802440274217396e-01,-6.984573025837959026e-01,1.463037943016390341e-01,8.662934620800337715e-01,-1.567326731702630913e-02,-2.291781527900791093e-01,1.000000000000000000e+00,-4.214519531772718541e-01,-2.246373874251384184e-01,4.936366286360297506e-01,1.455566329040185874e-02,6.968655773411122079e-01,-3.192067280472974944e-01,9.842437829744563743e-03
1.506986072760015394e-01,-1.100073985089997791e-01,5.647171841556148930e-01,2.962328474806211198e-01,3.160445977630017556e-01,-2.868928272526806156e-01,-2.284394531615124291e-01,-6.196522604198814177e-01,3.267288860913662545e-03,-1.930441951215930430e-02,-3.748909242845820944e-01,6.033031795532510788e-01,6.422956160688512162e-01,-2.428649086690256031e-01,1.251140769683388720e-01,-1.231731059669034095e-01,-4.015136807424595777e-01,4.703421168916041561e-01,6.631568868798246585e-01,-2.674173041658937239e-02,6.359705794287964231e-01,3.933059656092553480e-01,-1.672561903217399948e-01,-2.510712276306096835e-01,-2.674233861577358651e-01,1.620549458553421918e-01,2.987544476573932850e-01,1.942679941839416113e-01,-4.420879394434031884e-01,-1.710673670324587281e-01,3.744004574345388692e-02,-4.214519531772718541e-01,1.000000000000000000e+00,1.672530721061303016e-01,-3.918162420400214119e-01,-2.705010511340382728e-01,-2.644701097742679918e-01,-1.062853678349395536e-01,1.128697626370226276e-01
3.176901073504342365e-01,-7.460925867246140375e-02,1.356816785389388935e-01,1.252437478317757480e-01,5.924040913965199495e-01,-1.752600499519239019e-01,-2.249467325360177405e-01,-1.623855359936801912e-01,5.264439591166583110e-01,5.365775907077180440e-01,-2.487008959408041064e-01,4.271235724032479975e-01,-3.872852148260534644e-02,2.850478470073867787e-01,4.536367036811858600e-01,4.495183026912207835e-01,-2.147199541325991723e-01,3.993963204833366198e-01,4.163595334693516170e-01,-1.464660396330490777e-01,5.080857154003132203e-02,2.395568630456813009e-01,-4.150629962566858289e-02,-1.425859390639197533e-01,1.210743715288879058e-02,4.741158654614279211e-01,2.784710815812402318e-01,-3.459731091364569300e-02,-9.248807923449427204e-02,5.531592109439574800e-01,1.129448805890611585e-01,-2.246373874251384184e-01,1.672530721061303016e-01,1.000000000000000000e+00,-1.856950265008179557e-01,2.695612085583812267e-01,-1.692524126361286407e-01,4.449882658677953295e-01,4.596529739734201980e-01
-5.630912922695143763e-01,4.527558832863394778e-01,-1.681759208743643652e-01,-1.455014138036041793e-01,-5.700931949380210195e-01,7.880475576945494831e-01,6.248939024631017247e-01,1.951245706139712877e-01,-3.160643975418231388e-01,-1.613905571272638839e-01,4.391490412074503524e-01,-7.066739867833723432e-01,-6.751073675450496026e-02,-2.334028077672046231e-01,-6.119127999233600068e-01,-4.393540180808431228e-01,5.464156732245376569e-01,-7.269571197831680154e-01,-5.116785706389690436e-01,-7.588189244239104680e-02,1.502592245017796146e-01,-6.949228487955639855e-01,7.895764138655890774e-01,7.979290360123216796e-01,6.488401793216624913e-01,-5.347446350473020749e-01,-7.421621564543277039e-01,-1.693877139689699274e-01,6.378911908316005075e-01,1.973326615413085461e-01,-4.800885053845012074e-01,4.936366286360297506e-01,-3.918162420400214119e-01,-1.856950265008179557e-01,1.000000000000000000e+00,-6.864971596454577663e-02,8.194107642743166942e-01,-4.150394522563984334e-01,-3.579665589087880906e-01
5.325775271903155500e-02,-5.292392523456116576e-02,-4.542918715905681082e-01,2.228403368993384787e-02,5.115994169339957987e-01,-2.564016042274221974e-01,-1.140901378200476074e-01,4.259547844548597362e-01,3.229316664051270491e-01,1.210327923374373699e-01,1.022527303485750994e-01,2.645050147673915636e-02,-4.683223337278930032e-01,5.598283412816420501e-01,2.397625454986854476e-01,3.209824070202349500e-01,7.725504594142913739e-02,-5.543166148295123122e-03,-3.865997687006474115e-02,1.790702818741817248e-01,-5.084435251661603150e-01,1.503386436941502036e-02,-1.685448014997525112e-01,-2.341041148990858356e-01,-8.624282939689895122e-02,4.647401114648933573e-01,3.163138373555490768e-01,9.829570657272646006e-02,7.734039052833797077e-03,5.256031046029832066e-01,4.885750504778930692e-01,1.455566329040185874e-02,-2.705010511340382728e-01,2.695612085583812267e-01,-6.864971596454577663e-02,1.000000000000000000e+00,-1.940701124998192306e-01,2.687220557174606617e-01,2.208384071128441650e-01
-6.384780329396674281e-01,7.389614681007359298e-01,6.476445230273561449e-02,-7.814949250429120697e-02,-6.577320082584245942e-01,8.930527749993645292e-01,6.647471961441390187e-01,-3.018141226230244487e-02,-3.695137297401590026e-01,-1.760997252954043246e-01,6.085402425284432981e-01,-5.968937538694335521e-01,4.849251536507213217e-02,-4.322008199427113118e-01,-7.490301311748869262e-01,-5.566673935003249030e-01,6.858701741596047174e-01,-7.362824419161857481e-01,-4.310089751006476733e-01,-1.942753895894612226e-01,3.450328410949386471e-01,-7.514261531303835229e-01,8.296945548244476498e-01,9.008257681154353547e-01,7.550214871444237419e-01,-6.574892403670953289e-01,-8.826319118168159950e-01,-7.007371234176315578e-02,7.885400981673913456e-01,1.415580019295707148e-01,-5.424699572133481196e-01,6.968655773411122079e-01,-2.644701097742679918e-01,-1.692524126361286407e-01,8.194107642743166942e-01,-1.940701124998192306e-01,1.000000000000000000e+00,-4.467979584901104473e-01,-1.930487067490524178e-01
7.661464747414555854e-01,-2.023491986412212507e-01,-2.764618296051037927e-01,-2.470729081449784745e-02,4.960227309440533583e-01,-5.204715254355716247e-01,-4.863419901572966775e-01,2.499221517865685693e-01,7.875970158212196592e-01,6.808158094734193533e-01,-3.474809279539398110e-01,3.551201868248746174e-01,-4.010789373420962645e-01,4.952350548806727648e-01,6.515395128626095822e-01,6.900442406093590941e-01,-3.633315904792315254e-01,4.356069513181601294e-01,1.492583587451336291e-01,-4.579428203185764712e-02,-4.509106458116839966e-01,3.149687073391272407e-01,-4.040525266961909057e-01,-5.105876260394659472e-01,-3.466010751484090990e-01,6.827340504621964845e-01,4.710415976065491783e-01,-5.361949113232400421e-02,-2.869212948095484217e-01,4.278004506001750751e-01,4.259546892277347729e-01,-3.192067280472974944e-01,-1.062853678349395536e-01,4.449882658677953295e-01,-4.150394522563984334e-01,2.687220557174606617e-01,-4.467979584901104473e-01,1.000000000000000000e+00,6.726035599308956003e-01
4.691710930580187400e-01,2.125341190873415720e-01,-7.523188369779015838e-02,2.630807729090109751e-02,4.169419364931155614e-01,-3.343112968466231960e-01,-4.497665301166912100e-01,4.563998581014183653e-02,6.948619187508837669e-01,5.514358514651273024e-01,-3.529634739405662636e-02,5.050920837053581858e-01,-1.608570451769103793e-01,2.409455136106772866e-01,4.001603847248193513e-01,4.094064887782799533e-01,-7.698581418537556176e-02,4.170004845599378784e-01,2.843437864476013321e-01,-2.503550674169364165e-01,-1.704075537827642040e-01,1.421462841147798639e-01,-2.668311540321172681e-01,-2.912094680752036480e-01,-1.709778193477412556e-01,5.309994366266180821e-01,2.331293614992904217e-01,7.399144124018225410e-02,-2.270630950363289324e-02,3.801447407092308217e-01,3.084606317973264678e-01,9.842437829744563743e-03,1.128697626370226276e-01,4.596529739734201980e-01,-3.579665589087880906e-01,2.208384071128441650e-01,-1.930487067490524178e-01,6.726035599308956003e-01,1.000000000000000000e+00
