1.000000000000000000e+00,6.233647730157192424e-01,3.392877005589727823e-01,-2.324738858202656799e-01,6.788563011685968540e-01,1.320897595400749025e-01,3.137638579854352128e-01,-3.342910307144884019e-01,6.413890921558689229e-01,6.699136407376373725e-01,4.339003396193557571e-01,1.479577312753082019e-01,-3.736946242450107647e-01,3.224584263266653816e-01,4.124394890136112712e-02,7.818786411031828365e-01,5.209350206036127418e-01,6.040927352590956811e-01,4.383490011322661584e-01,4.176380343054781341e-01,-1.488037382141027196e-02,1.230233627276721975e-01,6.581048375191247413e-01,1.461292877984577410e-01,5.175323545782816170e-01,8.579688515833397977e-01,5.886108167724763973e-01,7.634352597753769620e-01,7.846417144649200370e-01,7.436842888336125945e-01,4.871731399330781476e-01,4.619613202401288699e-01,1.321806565663390665e-01,5.617707885229241693e-01,7.247014781074841983e-01,7.218275515890848482e-01,6.401632533206623732e-01,6.954786485307398181e-01,2.246379692864796662e-01
6.233647730157192424e-01,1.000000000000000000e+00,6.180557341781006686e-01,-3.995646784520677786e-01,7.913876095245457876e-01,2.399831486900826094e-01,3.870901117285343584e-01,-6.038036944343594392e-01,6.868697846035797250e-01,8.622990363027946970e-01,6.224880367624796573e-01,2.641379518045328112e-01,-6.642363714316399381e-01,5.327242036059472996e-01,2.676847245418002563e-01,7.987091888523311090e-01,4.097871937800435238e-01,2.177934670015664875e-01,3.210850151915696782e-01,3.062579521315930697e-01,-2.098835603943749462e-02,4.045207167348809363e-01,8.101474254120291096e-01,3.064586436516167356e-01,7.654191884599884643e-01,7.270857187933749133e-01,8.132060847752942134e-01,6.855312123113121991e-01,6.068759570352685317e-01,7.491689763287497916e-01,7.956342817866539630e-01,8.277766929131269436e-01,4.997763115527875666e-01,7.700169338807172359e-01,7.334289244919870443e-01,7.476194563706617391e-01,8.183120752027960298e-01,2.920040067163564568e-01,3.528868765793368167e-01
3.392877005589727823e-01,6.180557341781006686e-01,1.000000000000000000e+00,-3.185474577309863053e-01,7.296361266937390067e-01,-4.396863737672596605e-03,5.204821530238074034e-01,-9.466878342608986419e-01,6.957930321514609329e-01,4.987680465246108197e-01,4.483272434777220705e-01,3.732483958481984110e-01,-4.227925404052282343e-01,6.681517179957566777e-01,5.194084850964771904e-01,4.037205000497564589e-01,7.763856815800471850e-03,9.491170630564088606e-02,4.235618524554854436e-01,2.044194847026457595e-01,2.851354954850351398e-01,4.768884277193839449e-01,5.880512476113758380e-01,5.638316022065332778e-01,7.675364425063385676e-01,3.657054429047650879e-01,6.321297408753810965e-01,6.080517888330961851e-01,1.669785719555818004e-01,3.613927157057604811e-01,7.274200672993057504e-01,4.736960584686971121e-01,7.351830815911289951e-01,7.879780881195224129e-01,3.486032361833685811e-01,3.216004349062298040e-01,4.987640330368259822e-01,3.829347993906195846e-01,6.605316872422034580e-01
-2.324738858202656799e-01,-3.995646784520677786e-01,-3.185474577309863053e-01,1.000000000000000000e+00,-4.202967496151818749e-01,-1.702938291840673524e-01,-1.414665258063528726e-02,3.314501669146160401e-01,-1.881319263871367720e-01,-3.609440473501830948e-01,-1.660584917995135412e-01,2.744509026232148582e-02,4.879220460144289007e-01,-2.120387129172655594e-01,-2.894863003720323791e-01,-3.063376049618604657e-01,-1.807566573041440028e-01,2.138044160476928190e-01,1.086214275729160267e-01,-5.035922204569087679e-02,-2.928232658816031300e-02,-8.686715544360200381e-02,-2.473799171538193786e-01,-1.043739153888897514e-01,-2.932857441347326288e-01,-3.938171341832288341e-01,-3.936262361576421398e-01,-4.989560441000048807e-01,-3.820218716117673718e-01,-2.626433477669377070e-01,-4.360071226626469620e-01,-3.567528577488330854e-01,-3.507147485867599945e-01,-3.870691936561225788e-01,-3.244578094170127436e-01,-3.252113806998426226e-01,-3.519877838761725775e-01,-1.826329433365042262e-02,4.622371623020758019e-02
6.788563011685968540e-01,7.913876095245457876e-01,7.296361266937390067e-01,-4.202967496151818749e-01,1.000000000000000000e+00,2.264965555853453993e-01,3.657747321570197774e-01,-7.113845126741998870e-01,8.038616117415556817e-01,7.387996648898923491e-01,5.768781522432907538e-01,2.731658598547810901e-01,-6.156164508095868237e-01,6.417390003682880151e-01,2.775392206197362377e-01,7.197311504711623176e-01,3.897099490076622041e-01,2.556569988054135933e-01,4.153842827155062589e-01,2.621889915468276766e-01,3.853987574325962173e-02,3.473885911634769785e-01,7.071328730754453673e-01,3.279066883447221414e-01,7.436848223756679088e-01,7.486146399617988889e-01,7.595353137527870446e-01,7.738409851555169139e-01,6.189054833231294461e-01,6.859484525268544353e-01,7.720223672371251400e-01,6.601950972091945591e-01,5.989873911056317057e-01,8.631775316675314169e-01,6.565556940814898379e-01,6.454961243714884001e-01,7.153219431270644302e-01,4.713229279873674127e-01,4.040136336639513770e-01
1.320897595400749025e-01,2.399831486900826094e-01,-4.396863737672596605e-03,-1.702938291840673524e-01,2.264965555853453993e-01,1.000000000000000000e+00,-3.367693417495857822e-01,7.485697864844126359e-02,8.722600377308771524e-02,2.621149912786749914e-01,4.557963763122955814e-01,-3.117957489467688692e-01,-1.230448309830473042e-01,2.469198046539964886e-01,-2.825155683956632191e-01,1.406110530379133527e-01,6.004940191476353384e-01,-2.608718263199961140e-01,-9.890339686719208656e-02,-3.807527735731031648e-01,1.809617659773078702e-01,-1.200884176896431788e-01,2.007807007639052926e-02,-2.654016011435585409e-01,5.488441090056187660e-02,1.994435795474971407e-01,1.815781317472595913e-01,9.191347437033495216e-02,4.361309717364311167e-01,1.516532408749829142e-01,3.383394854251364076e-02,4.255379551311470054e-01,4.009304375417724886e-01,2.174207002174049219e-01,2.734380375176199696e-01,2.860287772148931151e-01,3.645002993536432534e-01,-3.523404984951651331e-01,-3.191727105921647323e-01
3.137638579854352128e-01,3.870901117285343584e-01,5.204821530238074034e-01,-1.414665258063528726e-02,3.657747321570197774e-01,-3.367693417495857822e-01,1.000000000000000000e+00,-5.409070270481253218e-01,4.910763179599696437e-01,3.559910574703913366e-01,2.058259209816311885e-01,4.112104036614240843e-01,-2.338559676426674450e-01,3.087650000474015943e-01,3.665736247348366783e-01,3.761094854129764520e-01,-1.570080623514860663e-01,3.994308285215896759e-01,4.884198503527240609e-01,4.632356946025757427e-01,2.051379928990534549e-02,4.814050134221964372e-01,5.653484350003101788e-01,4.957540300511167897e-01,5.549215010220280853e-01,3.123976690214964602e-01,4.709197836094174971e-01,4.108177486082210117e-01,6.279707934577566375e-02,3.828059228135725633e-01,5.311118417606570663e-01,2.265009506772291403e-01,2.132292433763994244e-01,4.431038293844477560e-01,3.431297801351791965e-01,2.645099271713868827e-01,2.938256278801161248e-01,5.400909880864719348e-01,6.494328689079456041e-01
-3.342910307144884019e-01,-6.038036944343594392e-01,-9.466878342608986419e-01,3.314501669146160401e-01,-7.113845126741998870e-01,7.485697864844126359e-02,-5.409070270481253218e-01,1.000000000000000000e+00,-6.570446551710024119e-01,-4.782013706062084313e-01,-4.037128677074200978e-01,-3.882044763273517218e-01,4.246638229051730717e-01,-6.189774916213132139e-01,-5.598911063287556056e-01,-3.954059624996807965e-01,4.343664183750194085e-02,-9.682149777041497429e-02,-3.971967833676173232e-01,-2.393612724721979612e-01,-2.249618585007389648e-01,-4.741665016958581114e-01,-5.923153828047658109e-01,-5.562302536751280169e-01,-7.664346470961203028e-01,-3.671152400251032066e-01,-6.301351229394915876e-01,-6.118075975167942548e-01,-1.409013214012886928e-01,-3.443362952500811369e-01,-7.353406996138552865e-01,-4.428924637908682738e-01,-6.901881740101255547e-01,-7.660380387290438575e-01,-3.379939303587895516e-01,-3.166666662669066490e-01,-4.693156482170291466e-01,-4.054550958331032962e-01,-6.614026523051282913e-01
6.413890921558689229e-01,6.868697846035797250e-01,6.957930321514609329e-01,-1.881319263871367720e-01,8.038616117415556817e-01,8.722600377308771524e-02,4.910763179599696437e-01,-6.570446551710024119e-01,1.000000000000000000e+00,6.052803852325878697e-01,5.926944948772177035e-01,2.834102448671066976e-01,-4.017342630246393820e-01,7.224503308741822005e-01,2.380605109572674072e-01,6.150974599939158516e-01,3.089394069752137706e-01,4.344458184320748595e-01,6.561907152094270668e-01,2.317094351019472476e-01,1.767179431932044964e-01,4.052891676965637013e-01,6.669208911368482706e-01,5.154191427004377601e-01,7.296359690870278802e-01,5.941517302769409037e-01,6.556762707605886531e-01,6.258783663772320427e-01,4.544839533227841843e-01,6.324675885107130524e-01,6.299834680160167899e-01,5.220285625719008893e-01,5.322110202247595234e-01,8.190762252749640426e-01,5.125975890344477426e-01,4.479300203509678502e-01,5.949274210008402841e-01,5.696309476430880814e-01,6.096506971503541372e-01
6.699136407376373725e-01,8.622990363027946970e-01,4.987680465246108197e-01,-3.609440473501830948e-01,7.387996648898923491e-01,2.621149912786749914e-01,3.559910574703913366e-01,-4.782013706062084313e-01,6.052803852325878697e-01,1.000000000000000000e+00,5.944331050626111557e-01,3.297950976207932317e-01,-6.069561861707618577e-01,3.751567104357419469e-01,9.241067906050275116e-02,8.915523197448210757e-01,5.014569487364871625e-01,3.386812496398234895e-01,2.999810801165136431e-01,3.819824954694995278e-01,-5.805351133345176828e-02,3.938257778432972533e-01,8.351678763588940013e-01,1.657492172283115128e-01,6.944402760738229707e-01,8.190707561022105843e-01,7.786593323050516879e-01,7.375918212069428881e-01,7.087151571270173811e-01,8.568883815201416843e-01,7.686445055426600614e-01,7.529016771330611091e-01,3.691426187608175535e-01,6.900100201115384468e-01,8.186796395548204819e-01,8.513935868669862961e-01,7.954450523994903710e-01,3.678690195381207340e-01,2.580017222000401400e-01
4.339003396193557571e-01,6.224880367624796573e-01,4.483272434777220705e-01,-1.660584917995135412e-01,5.768781522432907538e-01,4.557963763122955814e-01,2.058259209816311885e-01,-4.037128677074200978e-01,5.926944948772177035e-01,5.944331050626111557e-01,1.000000000000000000e+00,1.214496122513789300e-01,-2.959854998305536666e-01,5.262972667477072708e-01,8.623679852559099079e-02,5.334355695735055747e-01,6.388743085610306682e-01,2.474770472221216322e-01,3.288825568128914134e-01,7.274837844387589680e-02,1.389240365714420333e-01,2.677901044059523561e-01,6.298078749656434994e-01,2.085157422648774850e-01,5.720049149861438087e-01,4.821027883060630681e-01,5.808962500729727418e-01,5.000741135794548597e-01,5.024435247457887943e-01,5.155660682988292276e-01,5.081493732031416855e-01,5.948565755862141868e-01,4.329353429661516595e-01,5.872523294763493107e-01,5.212952801979524597e-01,4.896357779422666479e-01,6.328292432012173618e-01,1.909780759568927566e-01,2.602755696819011866e-01
1.479577312753082019e-01,2.641379518045328112e-01,3.732483958481984110e-01,2.744509026232148582e-02,2.731658598547810901e-01,-3.117957489467688692e-01,4.112104036614240843e-01,-3.882044763273517218e-01,2.834102448671066976e-01,3.297950976207932317e-01,1.214496122513789300e-01,1.000000000000000000e+00,-2.754107566839799071e-01,1.097698139239891846e-01,2.373538517685085669e-01,3.406022520918097207e-01,-1.329972562204867204e-01,2.914400311665243937e-01,7.901277749659929572e-02,4.357272552016351330e-01,-1.340888243817647818e-01,4.486162333447841766e-01,4.469965786519787265e-01,2.870661178237667310e-01,4.130313758554043368e-01,2.321496258402621082e-01,2.829194463098567147e-01,3.226238088843183527e-01,1.651172746270330657e-02,2.829981768786323792e-01,4.335536103617542159e-01,1.483984124835390217e-01,5.619590935496927148e-02,2.650228126945566864e-01,2.374895426171761137e-01,2.270438048634796924e-01,1.792272805323588958e-01,3.278121404294541685e-01,3.438382042653013171e-01
-3.736946242450107647e-01,-6.642363714316399381e-01,-4.227925404052282343e-01,4.879220460144289007e-01,-6.156164508095868237e-01,-1.230448309830473042e-01,-2.338559676426674450e-01,4.246638229051730717e-01,-4.017342630246393820e-01,-6.069561861707618577e-01,-2.959854998305536666e-01,-2.754107566839799071e-01,1.000000000000000000e+00,-3.772186214272674198e-01,-1.088291710269605750e-01,-5.702981162774355406e-01,-1.765574757488269919e-01,4.151270140505413514e-02,-5.727027416582725072e-02,-2.015237164524599778e-01,1.631047268283150053e-01,-3.590368360560136085e-01,-5.698777905234148067e-01,-1.484696858498367467e-01,-4.905987253037801255e-01,-5.735085547898437497e-01,-6.549631954527588285e-01,-5.390252309365082262e-01,-4.523215008377377000e-01,-5.699695667062125715e-01,-7.366662687622645977e-01,-5.912860169124232179e-01,-4.111021188440081575e-01,-5.642355541425240206e-01,-5.493190164342934834e-01,-5.959366959515552953e-01,-5.350243673391216204e-01,-1.260680625808408284e-01,-1.434432002451549726e-01
3.224584263266653816e-01,5.327242036059472996e-01,6.681517179957566777e-01,-2.120387129172655594e-01,6.417390003682880151e-01,2.469198046539964886e-01,3.087650000474015943e-01,-6.189774916213132139e-01,7.224503308741822005e-01,3.751567104357419469e-01,5.262972667477072708e-01,1.097698139239891846e-01,-3.772186214272674198e-01,1.000000000000000000e+00,2.578008363469131425e-01,2.988958761236232831e-01,2.239486202509305413e-01,3.623738402292560334e-02,4.282464938835606194e-01,1.887523614756992166e-02,4.524910155941234136e-01,3.808526746538121732e-01,4.023508459578121199e-01,5.866930110948621602e-01,6.100802522546806550e-01,2.845789191922535322e-01,4.649185865340780821e-01,3.994578310503198448e-01,2.843410622630034856e-01,3.552804727808893115e-01,4.736498626227335085e-01,5.099996577881191762e-01,7.124708848821242890e-01,6.580367555422913517e-01,2.685865935781956981e-01,2.404466637397372764e-01,5.345707955033890402e-01,2.054949510745467389e-01,4.430862181415497481e-01
4.124394890136112712e-02,2.676847245418002563e-01,5.194084850964771904e-01,-2.894863003720323791e-01,2.775392206197362377e-01,-2.825155683956632191e-01,3.665736247348366783e-01,-5.598911063287556056e-01,2.380605109572674072e-01,9.241067906050275116e-02,8.623679852559099079e-02,2.373538517685085669e-01,-1.088291710269605750e-01,2.578008363469131425e-01,1.000000000000000000e+00,6.391027316680231163e-02,-2.666958612645438653e-01,-1.187033743718378664e-01,6.314924796631750381e-02,2.687972115241525350e-01,1.149141890583194603e-01,3.020726485112198989e-01,2.348579194785792856e-01,4.155121834705301498e-01,4.439545433163469834e-01,2.951150543446303537e-02,2.627344287894500807e-01,3.002711181880917124e-01,-1.139697505537393407e-01,-1.761960601770971510e-02,3.390240799683840733e-01,1.390335685900905560e-01,3.189395451839079354e-01,3.330268666590331383e-01,7.400242079541165773e-03,9.764663509523595006e-03,1.713100302591668012e-01,1.398573689301221279e-01,3.993825943681406088e-01
7.818786411031828365e-01,7.987091888523311090e-01,4.037205000497564589e-01,-3.063376049618604657e-01,7.197311504711623176e-01,1.406110530379133527e-01,3.761094854129764520e-01,-3.954059624996807965e-01,6.150974599939158516e-01,8.915523197448210757e-01,5.334355695735055747e-01,3.406022520918097207e-01,-5.702981162774355406e-01,2.988958761236232831e-01,6.391027316680231163e-02,1.000000000000000000e+00,5.260422505477353461e-01,4.976854895267941448e-01,3.076908978159791919e-01,4.835928375998749251e-01,-1.365319871160733667e-01,3.081673280923433178e-01,8.266474894241238047e-01,1.174170109337756285e-01,6.189545713589393872e-01,8.835053722802511667e-01,7.086817694078116903e-01,7.762861363374009560e-01,7.673595460188884498e-01,8.981021983747600190e-01,6.961389960638422192e-01,6.553539865273082521e-01,1.846275036994925178e-01,6.298604044488429476e-01,8.071537958741270558e-01,8.463991546457937387e-01,7.399537947303460594e-01,5.074347442750851700e-01,1.985941979077569808e-01
5.209350206036127418e-01,4.097871937800435238e-01,7.763856815800471850e-03,-1.807566573041440028e-01,3.897099490076622041e-01,6.004940191476353384e-01,-1.570080623514860663e-01,4.343664183750194085e-02,3.089394069752137706e-01,5.014569487364871625e-01,6.388743085610306682e-01,-1.329972562204867204e-01,-1.765574757488269919e-01,2.239486202509305413e-01,-2.666958612645438653e-01,5.260422505477353461e-01,1.000000000000000000e+00,2.132475191039069073e-01,8.460274129556293043e-02,-1.361797733424822444e-02,6.016669479584408481e-02,-1.479463878606998850e-01,3.345138010466877088e-01,-1.792448513217640427e-01,1.427662242296269535e-01,5.377085017466789463e-01,2.713960866456704424e-01,4.046999163854444470e-01,7.427094922383015163e-01,5.267686294898017429e-01,1.459670030541942443e-01,4.856526024914947226e-01,9.435559988246147722e-02,2.943877122182958495e-01,5.262135341367952801e-01,5.249230366805958115e-01,5.378744205077649054e-01,9.305676706496972261e-02,-2.613749117725928106e-01
6.040927352590956811e-01,2.177934670015664875e-01,9.491170630564088606e-02,2.138044160476928190e-01,2.556569988054135933e-01,-2.608718263199961140e-01,3.994308285215896759e-01,-9.682149777041497429e-02,4.344458184320748595e-01,3.386812496398234895e-01,2.474770472221216322e-01,2.914400311665243937e-01,4.151270140505413514e-02,3.623738402292560334e-02,-1.187033743718378664e-01,4.976854895267941448e-01,2.132475191039069073e-01,1.000000000000000000e+00,5.221750652414314242e-01,4.586816556710845982e-01,-3.485800993237490875e-02,6.772349720264150830e-02,4.616721562247953492e-01,1.533086373831723526e-01,2.407642229020692248e-01,4.884889641281272010e-01,1.872771016437086156e-01,4.273775862052373031e-01,3.664394465987835803e-01,4.823663045016799988e-01,1.782636665648292817e-01,8.070421364118667007e-02,-2.968049367929660454e-01,1.397204529104481840e-01,3.614338839836070960e-01,3.331368117049157140e-01,2.912246593912693471e-01,7.432731420442822978e-01,2.664704231518635891e-01
4.383490011322661584e-01,3.210850151915696782e-01,4.235618524554854436e-01,1.086214275729160267e-01,4.153842827155062589e-01,-9.890339686719208656e-02,4.884198503527240609e-01,-3.971967833676173232e-01,6.561907152094270668e-01,2.999810801165136431e-01,3.288825568128914134e-01,7.901277749659929572e-02,-5.727027416582725072e-02,4.282464938835606194e-01,6.314924796631750381e-02,3.076908978159791919e-01,8.460274129556293043e-02,5.221750652414314242e-01,1.000000000000000000e+00,1.609649426109745485e-01,1.741146611192557203e-01,2.839999705490847126e-01,4.436051672220519548e-01,4.490347809792142875e-01,4.691520787911198087e-01,3.324007281985560947e-01,4.515304329234585690e-01,3.257533174932831233e-01,2.003058347377139892e-01,3.994502725952792099e-01,3.629298126107192712e-01,2.055039864977246111e-01,2.829101090953410336e-01,4.536308968638176342e-01,3.501157394809767398e-01,2.118893214639631095e-01,2.929140976554474030e-01,6.285380267562266088e-01,7.009394939438192695e-01
4.176380343054781341e-01,3.062579521315930697e-01,2.044194847026457595e-01,-5.035922204569087679e-02,2.621889915468276766e-01,-3.807527735731031648e-01,4.632356946025757427e-01,-2.393612724721979612e-01,2.317094351019472476e-01,3.819824954694995278e-01,7.274837844387589680e-02,4.357272552016351330e-01,-2.015237164524599778e-01,1.887523614756992166e-02,2.687972115241525350e-01,4.835928375998749251e-01,-1.361797733424822444e-02,4.586816556710845982e-01,1.609649426109745485e-01,1.000000000000000000e+00,-1.403596468426419608e-01,3.242965793035100797e-01,4.696417304397635384e-01,2.502613727721408332e-01,3.506093924411352036e-01,4.186608994613714718e-01,2.781984344632821848e-01,4.602605791825310488e-01,2.507502275720767670e-01,3.907325157464868748e-01,3.670170447444400796e-01,1.413134297079707558e-01,-1.366530266922140746e-01,2.086323295278948720e-01,3.324612568383018552e-01,3.702345290184893556e-01,2.823358763336786814e-01,4.985245374954648256e-01,2.264703232244036912e-01
-1.488037382141027196e-02,-2.098835603943749462e-02,2.851354954850351398e-01,-2.928232658816031300e-02,3.853987574325962173e-02,1.809617659773078702e-01,2.051379928990534549e-02,-2.249618585007389648e-01,1.767179431932044964e-01,-5.805351133345176828e-02,1.389240365714420333e-01,-1.340888243817647818e-01,1.631047268283150053e-01,4.524910155941234136e-01,1.149141890583194603e-01,-1.365319871160733667e-01,6.016669479584408481e-02,-3.485800993237490875e-02,1.741146611192557203e-01,-1.403596468426419608e-01,1.000000000000000000e+00,4.369262911859824600e-02,-1.319768373261822059e-01,3.648496419824169834e-01,8.674197822664594937e-02,-1.288275597829405539e-01,-9.738562626621639906e-02,1.196907908554392802e-01,4.537545655194462520e-03,-1.025650240269061209e-01,-7.707327955308279632e-02,5.639429896901983902e-02,3.666843095484644821e-01,6.961528534975068572e-02,-1.523363483358462223e-01,-1.628208215426032168e-01,1.975753343617122348e-01,6.118164788795513870e-03,1.190800030873676585e-01
1.230233627276721975e-01,4.045207167348809363e-01,4.768884277193839449e-01,-8.686715544360200381e-02,3.473885911634769785e-01,-1.200884176896431788e-01,4.814050134221964372e-01,-4.741665016958581114e-01,4.052891676965637013e-01,3.938257778432972533e-01,2.677901044059523561e-01,4.486162333447841766e-01,-3.590368360560136085e-01,3.808526746538121732e-01,3.020726485112198989e-01,3.081673280923433178e-01,-1.479463878606998850e-01,6.772349720264150830e-02,2.839999705490847126e-01,3.242965793035100797e-01,4.369262911859824600e-02,1.000000000000000000e+00,5.219952008542834143e-01,5.424543065713390844e-01,6.172128502245766146e-01,2.219500453818826491e-01,5.076573712028216168e-01,2.715669389352430851e-01,4.825798792304387096e-03,3.211148443218398985e-01,5.759355641523802305e-01,2.937981692211608098e-01,4.070909575475439302e-01,4.787025463057441033e-01,3.053565408420245153e-01,1.972357410820423373e-01,2.823849585214852631e-01,2.409338078278412121e-01,5.355311867441343576e-01
6.581048375191247413e-01,8.101474254120291096e-01,5.880512476113758380e-01,-2.473799171538193786e-01,7.071328730754453673e-01,2.007807007639052926e-02,5.653484350003101788e-01,-5.923153828047658109e-01,6.669208911368482706e-01,8.351678763588940013e-01,6.298078749656434994e-01,4.469965786519787265e-01,-5.698777905234148067e-01,4.023508459578121199e-01,2.348579194785792856e-01,8.266474894241238047e-01,3.345138010466877088e-01,4.616721562247953492e-01,4.436051672220519548e-01,4.696417304397635384e-01,-1.319768373261822059e-01,5.219952008542834143e-01,1.000000000000000000e+00,3.429817297948063448e-01,8.036615930702700750e-01,7.504460755115716086e-01,8.248165680282240064e-01,7.197581550516110038e-01,5.413900418454571373e-01,7.988500308653628812e-01,8.322556384694662635e-01,6.125903608687910396e-01,3.377166470607608217e-01,7.121565616624565553e-01,7.750015614929313124e-01,7.559617755733279987e-01,6.848302572474777028e-01,5.372764021022605752e-01,5.021189053388918078e-01
1.461292877984577410e-01,3.064586436516167356e-01,5.638316022065332778e-01,-1.043739153888897514e-01,3.279066883447221414e-01,-2.654016011435585409e-01,4.957540300511167897e-01,-5.562302536751280169e-01,5.154191427004377601e-01,1.657492172283115128e-01,2.085157422648774850e-01,2.870661178237667310e-01,-1.484696858498367467e-01,5.866930110948621602e-01,4.155121834705301498e-01,1.174170109337756285e-01,-1.792448513217640427e-01,1.533086373831723526e-01,4.490347809792142875e-01,2.502613727721408332e-01,3.648496419824169834e-01,5.424543065713390844e-01,3.429817297948063448e-01,1.000000000000000000e+00,5.798928218411293356e-01,6.995558852648567361e-02,3.527763303343776080e-01,2.509761859380084115e-01,-6.930162953496477041e-02,1.471152299331860425e-01,3.877084579957334465e-01,1.977113404826175147e-01,4.179227835007641723e-01,4.184348634816748569e-01,1.147469960161031644e-01,-6.332127099495686584e-02,2.548504827162078601e-01,3.453846092134379986e-01,6.265701529536112924e-01
5.175323545782816170e-01,7.654191884599884643e-01,7.675364425063385676e-01,-2.932857441347326288e-01,7.436848223756679088e-01,5.488441090056187660e-02,5.549215010220280853e-01,-7.664346470961203028e-01,7.296359690870278802e-01,6.944402760738229707e-01,5.720049149861438087e-01,4.130313758554043368e-01,-4.905987253037801255e-01,6.100802522546806550e-01,4.439545433163469834e-01,6.189545713589393872e-01,1.427662242296269535e-01,2.407642229020692248e-01,4.691520787911198087e-01,3.506093924411352036e-01,8.674197822664594937e-02,6.172128502245766146e-01,8.036615930702700750e-01,5.798928218411293356e-01,1.000000000000000000e+00,5.757755898784219228e-01,8.136409811563821703e-01,6.549980685951358739e-01,3.531870149709987472e-01,6.027313210448160818e-01,8.037045829327512658e-01,5.617549767147115292e-01,6.034687129774357617e-01,7.974042462922837915e-01,5.837930548623171401e-01,5.329106272402654998e-01,6.244559197967955999e-01,4.376100095118378719e-01,6.270711897646743527e-01
8.579688515833397977e-01,7.270857187933749133e-01,3.657054429047650879e-01,-3.938171341832288341e-01,7.486146399617988889e-01,1.994435795474971407e-01,3.123976690214964602e-01,-3.671152400251032066e-01,5.941517302769409037e-01,8.190707561022105843e-01,4.821027883060630681e-01,2.321496258402621082e-01,-5.735085547898437497e-01,2.845789191922535322e-01,2.951150543446303537e-02,8.835053722802511667e-01,5.377085017466789463e-01,4.884889641281272010e-01,3.324007281985560947e-01,4.186608994613714718e-01,-1.288275597829405539e-01,2.219500453818826491e-01,7.504460755115716086e-01,6.995558852648567361e-02,5.757755898784219228e-01,1.000000000000000000e+00,7.157552936668625243e-01,8.257618646937114892e-01,8.535498955319049674e-01,8.477488312815900651e-01,6.694008881743714889e-01,5.990181470537787600e-01,2.003232892260771725e-01,6.185653792534073769e-01,8.253199438218792316e-01,8.388885008928632647e-01,7.180363068568272888e-01,5.741542864210801289e-01,1.483349408385991053e-01
5.886108167724763973e-01,8.132060847752942134e-01,6.321297408753810965e-01,-3.936262361576421398e-01,7.595353137527870446e-01,1.815781317472595913e-01,4.709197836094174971e-01,-6.301351229394915876e-01,6.556762707605886531e-01,7.786593323050516879e-01,5.808962500729727418e-01,2.829194463098567147e-01,-6.549631954527588285e-01,4.649185865340780821e-01,2.627344287894500807e-01,7.086817694078116903e-01,2.713960866456704424e-01,1.872771016437086156e-01,4.515304329234585690e-01,2.781984344632821848e-01,-9.738562626621639906e-02,5.076573712028216168e-01,8.248165680282240064e-01,3.527763303343776080e-01,8.136409811563821703e-01,7.157552936668625243e-01,1.000000000000000000e+00,6.841791878589837950e-01,5.242026053587329759e-01,6.838576658690451726e-01,8.645297524751054397e-01,6.472124316031941937e-01,5.509693382404952100e-01,7.967977923541188501e-01,7.431234282445886574e-01,6.955387361247625799e-01,6.500228985386410363e-01,3.962582506585572983e-01,5.307610655285488477e-01
7.634352597753769620e-01,6.855312123113121991e-01,6.080517888330961851e-01,-4.989560441000048807e-01,7.738409851555169139e-01,9.191347437033495216e-02,4.108177486082210117e-01,-6.118075975167942548e-01,6.258783663772320427e-01,7.375918212069428881e-01,5.000741135794548597e-01,3.226238088843183527e-01,-5.390252309365082262e-01,3.994578310503198448e-01,3.002711181880917124e-01,7.762861363374009560e-01,4.046999163854444470e-01,4.273775862052373031e-01,3.257533174932831233e-01,4.602605791825310488e-01,1.196907908554392802e-01,2.715669389352430851e-01,7.197581550516110038e-01,2.509761859380084115e-01,6.549980685951358739e-01,8.257618646937114892e-01,6.841791878589837950e-01,1.000000000000000000e+00,7.017242193371007186e-01,7.059060768232388039e-01,7.278727173213355162e-01,5.343275604792381284e-01,3.274954686592825848e-01,6.729696694908047228e-01,6.833067281369287205e-01,7.088205725959771941e-01,7.129954175608291811e-01,6.183059381330785476e-01,2.857645678665143851e-01
7.846417144649200370e-01,6.068759570352685317e-01,1.669785719555818004e-01,-3.820218716117673718e-01,6.189054833231294461e-01,4.361309717364311167e-01,6.279707934577566375e-02,-1.409013214012886928e-01,4.544839533227841843e-01,7.087151571270173811e-01,5.024435247457887943e-01,1.651172746270330657e-02,-4.523215008377377000e-01,2.843410622630034856e-01,-1.139697505537393407e-01,7.673595460188884498e-01,7.427094922383015163e-01,3.664394465987835803e-01,2.003058347377139892e-01,2.507502275720767670e-01,4.537545655194462520e-03,4.825798792304387096e-03,5.413900418454571373e-01,-6.930162953496477041e-02,3.531870149709987472e-01,8.535498955319049674e-01,5.242026053587329759e-01,7.017242193371007186e-01,1.000000000000000000e+00,7.598633014689132326e-01,4.287807848467909966e-01,6.205603356427503714e-01,1.560341133001149350e-01,4.529066485640754203e-01,7.569424654680694253e-01,7.714087116837642366e-01,7.321270903209196046e-01,3.647530971464307825e-01,-1.282636995529694290e-01
7.436842888336125945e-01,7.491689763287497916e-01,3.613927157057604811e-01,-2.626433477669377070e-01,6.859484525268544353e-01,1.516532408749829142e-01,3.828059228135725633e-01,-3.443362952500811369e-01,6.324675885107130524e-01,8.568883815201416843e-01,5.155660682988292276e-01,2.829981768786323792e-01,-5.699695667062125715e-01,3.552804727808893115e-01,-1.761960601770971510e-02,8.981021983747600190e-01,5.267686294898017429e-01,4.823663045016799988e-01,3.994502725952792099e-01,3.907325157464868748e-01,-1.025650240269061209e-01,3.211148443218398985e-01,7.988500308653628812e-01,1.471152299331860425e-01,6.027313210448160818e-01,8.477488312815900651e-01,6.838576658690451726e-01,7.059060768232388039e-01,7.598633014689132326e-01,1.000000000000000000e+00,6.737007326241097882e-01,6.283108967910094877e-01,2.144766305419785746e-01,6.047826793838161352e-01,8.190776492278093457e-01,8.303804901614625367e-01,7.369676288507178707e-01,5.079458120958113554e-01,2.281295027790647689e-01
4.871731399330781476e-01,7.956342817866539630e-01,7.274200672993057504e-01,-4.360071226626469620e-01,7.720223672371251400e-01,3.383394854251364076e-02,5.311118417606570663e-01,-7.353406996138552865e-01,6.299834680160167899e-01,7.686445055426600614e-01,5.081493732031416855e-01,4.335536103617542159e-01,-7.366662687622645977e-01,4.736498626227335085e-01,3.390240799683840733e-01,6.961389960638422192e-01,1.459670030541942443e-01,1.782636665648292817e-01,3.629298126107192712e-01,3.670170447444400796e-01,-7.707327955308279632e-02,5.759355641523802305e-01,8.322556384694662635e-01,3.877084579957334465e-01,8.037045829327512658e-01,6.694008881743714889e-01,8.645297524751054397e-01,7.278727173213355162e-01,4.287807848467909966e-01,6.737007326241097882e-01,1.000000000000000000e+00,6.173287022587163886e-01,5.429360978700400464e-01,7.777270064754556733e-01,6.873048586819509032e-01,6.673841543455204528e-01,6.404068141898829891e-01,4.103145856756729715e-01,5.394683904030940225e-01
4.619613202401288699e-01,8.277766929131269436e-01,4.736960584686971121e-01,-3.567528577488330854e-01,6.601950972091945591e-01,4.255379551311470054e-01,2.265009506772291403e-01,-4.428924637908682738e-01,5.220285625719008893e-01,7.529016771330611091e-01,5.948565755862141868e-01,1.483984124835390217e-01,-5.912860169124232179e-01,5.099996577881191762e-01,1.390335685900905560e-01,6.553539865273082521e-01,4.856526024914947226e-01,8.070421364118667007e-02,2.055039864977246111e-01,1.413134297079707558e-01,5.639429896901983902e-02,2.937981692211608098e-01,6.125903608687910396e-01,1.977113404826175147e-01,5.617549767147115292e-01,5.990181470537787600e-01,6.472124316031941937e-01,5.343275604792381284e-01,6.205603356427503714e-01,6.283108967910094877e-01,6.173287022587163886e-01,1.000000000000000000e+00,5.166364054664134287e-01,6.160210379582884421e-01,6.397034022021222954e-01,6.492094996002248930e-01,8.408322314157180566e-01,7.006246109225396090e-02,1.128391070575327920e-01
1.321806565663390665e-01,4.997763115527875666e-01,7.351830815911289951e-01,-3.507147485867599945e-01,5.989873911056317057e-01,4.009304375417724886e-01,2.132292433763994244e-01,-6.901881740101255547e-01,5.322110202247595234e-01,3.691426187608175535e-01,4.329353429661516595e-01,5.619590935496927148e-02,-4.111021188440081575e-01,7.124708848821242890e-01,3.189395451839079354e-01,1.846275036994925178e-01,9.435559988246147722e-02,-2.968049367929660454e-01,2.829101090953410336e-01,-1.366530266922140746e-01,3.666843095484644821e-01,4.070909575475439302e-01,3.377166470607608217e-01,4.179227835007641723e-01,6.034687129774357617e-01,2.003232892260771725e-01,5.509693382404952100e-01,3.274954686592825848e-01,1.560341133001149350e-01,2.144766305419785746e-01,5.429360978700400464e-01,5.166364054664134287e-01,1.000000000000000000e+00,7.136842918389020296e-01,2.645680166302418201e-01,2.171291106565576001e-01,4.319062409102305544e-01,-2.516502634009439368e-02,4.277547007139996249e-01
5.617707885229241693e-01,7.700169338807172359e-01,7.879780881195224129e-01,-3.870691936561225788e-01,8.631775316675314169e-01,2.174207002174049219e-01,4.431038293844477560e-01,-7.660380387290438575e-01,8.190762252749640426e-01,6.900100201115384468e-01,5.872523294763493107e-01,2.650228126945566864e-01,-5.642355541425240206e-01,6.580367555422913517e-01,3.330268666590331383e-01,6.298604044488429476e-01,2.943877122182958495e-01,1.397204529104481840e-01,4.536308968638176342e-01,2.086323295278948720e-01,6.961528534975068572e-02,4.787025463057441033e-01,7.121565616624565553e-01,4.184348634816748569e-01,7.974042462922837915e-01,6.185653792534073769e-01,7.967977923541188501e-01,6.729696694908047228e-01,4.529066485640754203e-01,6.047826793838161352e-01,7.777270064754556733e-01,6.160210379582884421e-01,7.136842918389020296e-01,1.000000000000000000e+00,5.590499515324387492e-01,5.536367066245815316e-01,6.118696801703152888e-01,3.909892640650678430e-01,5.455606178955004770e-01
7.247014781074841983e-01,7.334289244919870443e-01,3.486032361833685811e-01,-3.244578094170127436e-01,6.565556940814898379e-01,2.734380375176199696e-01,3.431297801351791965e-01,-3.379939303587895516e-01,5.125975890344477426e-01,8.186796395548204819e-01,5.212952801979524597e-01,2.374895426171761137e-01,-5.493190164342934834e-01,2.685865935781956981e-01,7.400242079541165773e-03,8.071537958741270558e-01,5.262135341367952801e-01,3.614338839836070960e-01,3.501157394809767398e-01,3.324612568383018552e-01,-1.523363483358462223e-01,3.053565408420245153e-01,7.750015614929313124e-01,1.147469960161031644e-01,5.837930548623171401e-01,8.253199438218792316e-01,7.431234282445886574e-01,6.833067281369287205e-01,7.569424654680694253e-01,8.190776492278093457e-01,6.873048586819509032e-01,6.397034022021222954e-01,2.645680166302418201e-01,5.590499515324387492e-01,1.000000000000000000e+00,8.211654402904347005e-01,7.244234992654663419e-01,4.496203582978977598e-01,2.312748187310337822e-01
7.218275515890848482e-01,7.476194563706617391e-01,3.216004349062298040e-01,-3.252113806998426226e-01,6.454961243714884001e-01,2.860287772148931151e-01,2.645099271713868827e-01,-3.166666662669066490e-01,4.479300203509678502e-01,8.513935868669862961e-01,4.896357779422666479e-01,2.270438048634796924e-01,-5.959366959515552953e-01,2.404466637397372764e-01,9.764663509523595006e-03,8.463991546457937387e-01,5.249230366805958115e-01,3.331368117049157140e-01,2.118893214639631095e-01,3.702345290184893556e-01,-1.628208215426032168e-01,1.972357410820423373e-01,7.559617755733279987e-01,-6.332127099495686584e-02,5.329106272402654998e-01,8.388885008928632647e-01,6.955387361247625799e-01,7.088205725959771941e-01,7.714087116837642366e-01,8.303804901614625367e-01,6.673841543455204528e-01,6.492094996002248930e-01,2.171291106565576001e-01,5.536367066245815316e-01,8.211654402904347005e-01,1.000000000000000000e+00,7.241756673380496112e-01,3.653431342946739657e-01,1.112833734215423614e-01
6.401632533206623732e-01,8.183120752027960298e-01,4.987640330368259822e-01,-3.519877838761725775e-01,7.153219431270644302e-01,3.645002993536432534e-01,2.938256278801161248e-01,-4.693156482170291466e-01,5.949274210008402841e-01,7.954450523994903710e-01,6.328292432012173618e-01,1.792272805323588958e-01,-5.350243673391216204e-01,5.345707955033890402e-01,1.713100302591668012e-01,7.399537947303460594e-01,5.378744205077649054e-01,2.912246593912693471e-01,2.929140976554474030e-01,2.823358763336786814e-01,1.975753343617122348e-01,2.823849585214852631e-01,6.848302572474777028e-01,2.548504827162078601e-01,6.244559197967955999e-01,7.180363068568272888e-01,6.500228985386410363e-01,7.129954175608291811e-01,7.321270903209196046e-01,7.369676288507178707e-01,6.404068141898829891e-01,8.408322314157180566e-01,4.319062409102305544e-01,6.118696801703152888e-01,7.244234992654663419e-01,7.241756673380496112e-01,1.000000000000000000e+00,3.147326522452674191e-01,1.692675551493965647e-01
6.954786485307398181e-01,2.920040067163564568e-01,3.829347993906195846e-01,-1.826329433365042262e-02,4.713229279873674127e-01,-3.523404984951651331e-01,5.400909880864719348e-01,-4.054550958331032962e-01,5.696309476430880814e-01,3.678690195381207340e-01,1.909780759568927566e-01,3.278121404294541685e-01,-1.260680625808408284e-01,2.054949510745467389e-01,1.398573689301221279e-01,5.074347442750851700e-01,9.305676706496972261e-02,7.432731420442822978e-01,6.285380267562266088e-01,4.985245374954648256e-01,6.118164788795513870e-03,2.409338078278412121e-01,5.372764021022605752e-01,3.453846092134379986e-01,4.376100095118378719e-01,5.741542864210801289e-01,3.962582506585572983e-01,6.183059381330785476e-01,3.647530971464307825e-01,5.079458120958113554e-01,4.103145856756729715e-01,7.006246109225396090e-02,-2.516502634009439368e-02,3.909892640650678430e-01,4.496203582978977598e-01,3.653431342946739657e-01,3.147326522452674191e-01,1.000000000000000000e+00,5.370310165949401249e-01
2.246379692864796662e-01,3.528868765793368167e-01,6.605316872422034580e-01,4.622371623020758019e-02,4.040136336639513770e-01,-3.191727105921647323e-01,6.494328689079456041e-01,-6.614026523051282913e-01,6.096506971503541372e-01,2.580017222000401400e-01,2.602755696819011866e-01,3.438382042653013171e-01,-1.434432002451549726e-01,4.430862181415497481e-01,3.993825943681406088e-01,1.985941979077569808e-01,-2.613749117725928106e-01,2.664704231518635891e-01,7.009394939438192695e-01,2.264703232244036912e-01,1.190800030873676585e-01,5.355311867441343576e-01,5.021189053388918078e-01,6.265701529536112924e-01,6.270711897646743527e-01,1.483349408385991053e-01,5.307610655285488477e-01,2.857645678665143851e-01,-1.282636995529694290e-01,2.281295027790647689e-01,5.394683904030940225e-01,1.128391070575327920e-01,4.277547007139996249e-01,5.455606178955004770e-01,2.312748187310337822e-01,1.112833734215423614e-01,1.692675551493965647e-01,5.370310165949401249e-01,1.000000000000000000e+00
