1.000000000000000000e+00,6.002949485222925929e-01,3.320504630692701353e-03,2.580448889027451842e-01,2.893778859518260638e-01,2.360684673401275135e-01,3.646555377237244849e-02,-3.099635348167953386e-01,4.055328778554855851e-01,5.108695850566017382e-01,-2.036999055501037548e-02,2.616870042553980369e-01,1.402590878675984143e-01,4.276836283867074817e-01,1.513685969436081580e-01,6.292060654153255328e-01,3.440738837863072663e-01,4.178427151769070202e-01,3.088133792029318925e-01,-2.452847248312388095e-01,2.318750719538646421e-01,2.262393955508429644e-01,4.676010045454199182e-01,2.622604105085298842e-01,4.723474945745851361e-01,3.554121683147027366e-01,3.398829861306237321e-01,-5.810481782414513539e-03,3.507604443725062526e-01,5.501447859104459104e-01,5.674311363464538960e-02,3.010686447507811003e-01,3.442241141421082951e-01,2.459121670815287153e-01,1.695941804007630449e-01,-1.825501672591813285e-01,2.406172053147763168e-01,-8.317362064893006612e-02,1.211269022201384438e-01
6.002949485222925929e-01,1.000000000000000000e+00,-5.484892277144791661e-01,6.737192282398659637e-01,3.454165679932981181e-01,7.581342380075322129e-01,3.174337077623077819e-01,-6.158825269365444388e-01,2.306207919366337344e-01,8.102319384821685677e-01,-4.824478745392514756e-01,7.302287282768592513e-01,6.218302613125247236e-01,3.281689895441329274e-01,4.766425528443775650e-01,6.161956645728988713e-01,4.158830514628872321e-01,5.165847138998176380e-01,1.431105168206540657e-01,-7.396978897425142696e-01,7.442993691895620767e-01,4.931547754697541142e-01,5.297292192420107737e-01,9.332351928363639970e-02,5.069157482377552038e-01,1.063683720120145865e-01,3.254284823762126910e-01,-4.036072206971080267e-01,8.256210186977185339e-01,2.359753863636173121e-01,-9.871150816840411346e-02,7.930249355290710511e-01,7.701067473993109536e-01,3.269918816341561008e-01,5.670377470551248855e-01,-1.877204717074459212e-02,7.848486371191122357e-01,-1.191022904730747595e-01,2.866811080877720297e-01
3.320504630692701353e-03,-5.484892277144791661e-01,1.000000000000000000e+00,-3.969473127998933148e-01,1.402958793037089036e-01,-7.405403489921226212e-01,-2.839460301005705678e-01,4.000640870928721116e-01,3.343630932947773693e-01,-5.477588092385842211e-01,8.144744787025788302e-01,-5.472980817866632819e-01,-7.588813265987286449e-01,1.588752380715741375e-01,-4.450532250331249440e-01,-1.321005501168637519e-01,-1.333487711002598053e-01,-9.612454024255111251e-03,3.527241991056644377e-01,7.289447442755331297e-01,-7.243398758012513650e-01,-2.961605627877358371e-01,-1.242696208413980596e-01,2.262600096366981783e-01,-7.242685751733941857e-02,4.652900206832414898e-01,2.771908349202580335e-01,8.338181844058718539e-01,-6.641154077693365299e-01,8.485343075524820478e-02,5.468665145218014612e-01,-6.169878255249788834e-01,-5.466595154201062678e-01,1.558719354631548926e-01,-5.683079966373856262e-01,-4.698443903843783215e-02,-7.373777945863320138e-01,3.815484079387321814e-01,7.057777125061537316e-02
2.580448889027451842e-01,6.737192282398659637e-01,-3.969473127998933148e-01,1.000000000000000000e+00,6.148770704944370724e-01,6.227229717460855962e-01,4.158487700418240784e-01,-6.016451218921381461e-01,3.880878010183714255e-01,6.326334953310447373e-01,-4.913100286525451943e-01,7.413323915158869237e-01,5.405157542682661465e-01,3.207426942851064333e-01,3.906271436592523849e-01,5.232212317250731770e-01,2.180052359054983624e-01,7.230836212004906338e-01,3.099767175526362273e-01,-6.952585077124786572e-01,6.884788095967580013e-01,5.496158490916297490e-01,4.251287157920460302e-01,9.644552222530625163e-02,4.293906056077805289e-01,-9.209110966575935475e-02,3.788735759698640404e-01,-2.775628656117577475e-01,6.974862993197394889e-01,1.221375114706547277e-01,3.976086123123032806e-02,6.574473477348056205e-01,7.317071335796191400e-01,5.646387086384782039e-01,4.376572698071577450e-01,1.979524424146037603e-02,6.930387569831126804e-01,-1.645420237652953366e-01,2.830653410787069002e-01
2.893778859518260638e-01,3.454165679932981181e-01,1.402958793037089036e-01,6.148770704944370724e-01,1.000000000000000000e+00,2.838462894931071956e-01,2.751922343797845172e-01,-5.507735514037768176e-01,6.874966642975912645e-01,3.205952355154159106e-01,2.676623740897461287e-02,4.184430435651324554e-01,4.762220777606559347e-02,6.459849811829962984e-01,2.050360415515137535e-01,4.177963437910958699e-01,3.057196533957061146e-01,6.811808641171058776e-01,2.802116227249200620e-01,-3.616668495214791501e-01,3.588535368091912980e-01,1.921772517209095754e-01,4.469638172642129703e-01,3.554217589381666320e-01,5.030244991778998198e-01,2.514713652264535249e-01,5.417112274053281773e-01,2.138098381333426723e-01,3.914435436629078446e-01,2.664475515345440249e-01,4.659161920258796385e-01,3.876794046377483038e-01,3.979144044102493893e-01,8.703472447612495833e-01,1.891299454302043381e-01,3.103398837268854168e-02,3.244276897141465943e-01,1.496601007656055138e-01,3.551850332398953647e-01
2.360684673401275135e-01,7.581342380075322129e-01,-7.405403489921226212e-01,6.227229717460855962e-01,2.838462894931071956e-01,1.000000000000000000e+00,4.968341831946128107e-01,-7.966547117703635106e-01,1.106447229580744679e-01,7.709145058000257400e-01,-6.999333604817634669e-01,7.963474504494311157e-01,7.842498928374179723e-01,2.683316636292749080e-01,6.092272433885642657e-01,4.287259693871646182e-01,4.647330615327393000e-01,4.199703662038400953e-01,-7.872705258587479882e-02,-9.032032458125939245e-01,9.166258483026384907e-01,4.258311647294067970e-01,5.541177544128483845e-01,1.853728620237776303e-03,4.963187652328263089e-01,-2.243549179970000251e-01,1.047036640219624476e-01,-5.997013590749429301e-01,9.059025132592718466e-01,8.765509805025702150e-02,-1.411452041630535670e-01,8.635080449842614803e-01,8.154448112732112230e-01,2.622218471199715961e-01,7.625463974102605347e-01,1.565419152803811664e-01,9.187388048016685849e-01,-2.678363287376449020e-01,1.484094137537137481e-01
3.646555377237244849e-02,3.174337077623077819e-01,-2.839460301005705678e-01,4.158487700418240784e-01,2.751922343797845172e-01,4.968341831946128107e-01,1.000000000000000000e+00,-5.247404410029802291e-01,1.877184862065702509e-01,4.177061792391778550e-01,-3.223421999355973733e-01,4.634583265295269539e-01,4.449577286008075672e-01,2.049159464246914364e-01,4.147158868537950127e-01,2.900054959483318040e-01,1.529916367456323478e-01,3.216675913456511493e-01,1.538468382554084579e-01,-4.717019555759156546e-01,5.098927735183663712e-01,2.798489896555709788e-01,3.552426330287276612e-01,1.975949052879487911e-01,2.759792416393673786e-01,-1.522856843393950443e-01,1.467902269927859049e-01,-9.719904031412952838e-02,4.751877151626390794e-01,1.700305366117665362e-01,9.936688998666252937e-03,4.918380705542663711e-01,4.527220474796966876e-01,2.385074423006694477e-01,4.897406659856426980e-01,1.200911554357395467e-01,4.889286627997310175e-01,-8.928616983886455971e-02,1.516147088768790008e-01
-3.099635348167953386e-01,-6.158825269365444388e-01,4.000640870928721116e-01,-6.016451218921381461e-01,-5.507735514037768176e-01,-7.966547117703635106e-01,-5.247404410029802291e-01,1.000000000000000000e+00,-4.046230915390957583e-01,-6.775876078412980119e-01,4.984035093327517374e-01,-6.777524551408480313e-01,-5.916672118444283868e-01,-5.372422774578532456e-01,-4.956320492856591819e-01,-4.805529231684145808e-01,-5.374220982210150543e-01,-6.220637207204882113e-01,-5.430896186571301104e-02,7.982811402792607813e-01,-8.148151053229265584e-01,-2.394049247106532219e-01,-7.187397553117192972e-01,-2.292521564347423657e-01,-6.972631212692395053e-01,1.130461226025121224e-01,-2.537680566621611788e-01,3.359309984651190906e-01,-7.781417898641308506e-01,-2.321782458101081803e-01,-1.159756314210178274e-01,-7.261746838258744674e-01,-6.967874562233391522e-01,-4.924736987292884782e-01,-6.494025969894617889e-01,-2.185732664027887351e-01,-7.557770832646009129e-01,1.955206940142090732e-01,-1.371241949233136248e-01
4.055328778554855851e-01,2.306207919366337344e-01,3.343630932947773693e-01,3.880878010183714255e-01,6.874966642975912645e-01,1.106447229580744679e-01,1.877184862065702509e-01,-4.046230915390957583e-01,1.000000000000000000e+00,3.314513637286344294e-01,2.040468451632778124e-01,3.340914813517655291e-01,-3.224991225732965622e-02,7.232646672603157967e-01,2.896721991600171298e-01,5.709419841620984037e-01,3.184064606642172945e-01,6.391810274992160146e-01,5.918254573041481503e-01,-1.718334448204763831e-01,1.749187457909508470e-01,2.747534980857820330e-01,5.787921085507733432e-01,5.071687452849195088e-01,6.579895781874126603e-01,3.527254206829761873e-01,6.901313123276764383e-01,3.828424388210207585e-01,2.464452662464890198e-01,4.855458623194680579e-01,5.121891295269314082e-01,2.683663606463564388e-01,3.460904054983913736e-01,7.041490096642141205e-01,1.076769860766033510e-01,1.007196542421807950e-01,1.601263410514161545e-01,2.147211891294703578e-01,4.334036038994644735e-01
5.108695850566017382e-01,8.102319384821685677e-01,-5.477588092385842211e-01,6.326334953310447373e-01,3.205952355154159106e-01,7.709145058000257400e-01,4.177061792391778550e-01,-6.775876078412980119e-01,3.314513637286344294e-01,1.000000000000000000e+00,-5.786288670240391507e-01,7.353924562042823965e-01,6.514451222484289872e-01,4.206844594977489082e-01,5.540342702137941444e-01,7.547020607281780258e-01,4.534769252668346962e-01,5.843217990786803151e-01,2.192011181105467110e-01,-7.751420546185722182e-01,7.891479031186106052e-01,4.935712443845022834e-01,6.110792795892298068e-01,1.332098640695054959e-01,6.159380430442448207e-01,-7.200140353939177285e-02,2.460148324272239950e-01,-4.128387922914108499e-01,7.962845528963959918e-01,4.576063156024635092e-01,-1.296830724416090375e-01,7.704976173100385184e-01,7.867735125013648467e-01,2.599518783270904909e-01,6.138490174566922919e-01,7.218563804459562916e-02,7.856133184545388559e-01,-2.658391003916916739e-01,1.665372883565415796e-01
-2.036999055501037548e-02,-4.824478745392514756e-01,8.144744787025788302e-01,-4.913100286525451943e-01,2.676623740897461287e-02,-6.999333604817634669e-01,-3.223421999355973733e-01,4.984035093327517374e-01,2.040468451632778124e-01,-5.786288670240391507e-01,1.000000000000000000e+00,-5.798562658864696573e-01,-7.639199149393427479e-01,5.599094737595790988e-02,-4.204950752690760907e-01,-2.860144875852634883e-01,-3.486552485021629511e-02,-2.179024515828790198e-01,1.880763817541900307e-01,7.487431718501685873e-01,-7.470367593846730658e-01,-2.949770596606245965e-01,-2.610734703181368799e-01,2.394653913321204142e-01,-1.829254413553152714e-01,6.480667318364602414e-01,3.064678626900957381e-01,7.741527145013225031e-01,-6.071856073587280633e-01,-2.370775360751643107e-02,4.561326608171750729e-01,-5.205146868645850189e-01,-5.867894419461411326e-01,6.880349785758170522e-02,-5.311871730280086634e-01,-1.203753400598898959e-01,-6.927657510249711770e-01,6.046399453573471083e-01,1.528080109303442680e-01
2.616870042553980369e-01,7.302287282768592513e-01,-5.472980817866632819e-01,7.413323915158869237e-01,4.184430435651324554e-01,7.963474504494311157e-01,4.634583265295269539e-01,-6.777524551408480313e-01,3.340914813517655291e-01,7.353924562042823965e-01,-5.798562658864696573e-01,1.000000000000000000e+00,6.766078941873876484e-01,4.028333610484365890e-01,7.823458469875606003e-01,5.544191920083046954e-01,4.042298082731920483e-01,5.253188959071457553e-01,2.379455403949382597e-01,-8.228576177520199320e-01,8.264061803769213732e-01,6.332347499289268100e-01,5.790493213474426915e-01,1.705402110583227604e-01,5.049297793911975418e-01,-1.336597695709763611e-01,2.791669576551928378e-01,-3.791602916436346837e-01,8.330515120774878435e-01,1.349422666917187152e-01,6.578199632021529408e-02,8.195385455547740117e-01,9.102888861484450533e-01,4.598399375740873096e-01,6.543908249578863634e-01,1.177802480864103690e-01,8.363622115313731342e-01,-1.693448450853630716e-01,3.531294558898768754e-01
1.402590878675984143e-01,6.218302613125247236e-01,-7.588813265987286449e-01,5.405157542682661465e-01,4.762220777606559347e-02,7.842498928374179723e-01,4.449577286008075672e-01,-5.916672118444283868e-01,-3.224991225732965622e-02,6.514451222484289872e-01,-7.639199149393427479e-01,6.766078941873876484e-01,1.000000000000000000e+00,7.943038210290852275e-02,5.310820755572925878e-01,3.266170043296642289e-01,2.057189906419932546e-01,3.048839757472023293e-01,-5.309063911411671804e-02,-7.747582181204539786e-01,7.893987908074120430e-01,4.312935335606525311e-01,3.818293139527022539e-01,-6.595395757526201219e-02,3.357469260384674525e-01,-3.982331619438513326e-01,-3.792000123793885791e-02,-6.681701527250464290e-01,7.495345948653225898e-01,6.004421856270743957e-02,-3.649413408720345031e-01,6.813404008179795301e-01,7.102747143284163789e-01,4.336555527735210316e-03,6.449225784870598055e-01,1.160443702711244918e-01,7.810685206853307250e-01,-3.602881206046149587e-01,2.686589751629651218e-02
4.276836283867074817e-01,3.281689895441329274e-01,1.588752380715741375e-01,3.207426942851064333e-01,6.459849811829962984e-01,2.683316636292749080e-01,2.049159464246914364e-01,-5.372422774578532456e-01,7.232646672603157967e-01,4.206844594977489082e-01,5.599094737595790988e-02,4.028333610484365890e-01,7.943038210290852275e-02,1.000000000000000000e+00,3.837307181751716256e-01,5.550148596278472457e-01,4.947883213982831041e-01,5.728933031260561304e-01,3.323856822479369644e-01,-3.037347053408127606e-01,3.195553331819955822e-01,1.660203001602233719e-01,6.214380236202368124e-01,6.226946497216228060e-01,6.610463918379635428e-01,3.108001376408580096e-01,5.240936920545982147e-01,2.778936541547504246e-01,3.578101284911871516e-01,4.772119891680952630e-01,4.041901443400092719e-01,3.875049515905054642e-01,3.759492606505830392e-01,6.294981950866810338e-01,2.736794300193254315e-01,1.275697430955197165e-01,2.785668457142272958e-01,1.811263201303942305e-01,3.288717745516848145e-01
1.513685969436081580e-01,4.766425528443775650e-01,-4.450532250331249440e-01,3.906271436592523849e-01,2.050360415515137535e-01,6.092272433885642657e-01,4.147158868537950127e-01,-4.956320492856591819e-01,2.896721991600171298e-01,5.540342702137941444e-01,-4.204950752690760907e-01,7.823458469875606003e-01,5.310820755572925878e-01,3.837307181751716256e-01,1.000000000000000000e+00,4.331357647044453141e-01,3.081148846493774185e-01,2.359423604968305666e-01,2.239833097645751170e-01,-6.209400272907033003e-01,6.273792807349932721e-01,5.433757215726378043e-01,4.511356473726524374e-01,2.543100745274447516e-01,3.687476570991650715e-01,-8.898623794340460025e-02,1.681420482038757658e-01,-3.001716867261621235e-01,6.202915991243393989e-01,1.370009780191639437e-01,5.929260284451507920e-03,6.496986992793345461e-01,7.343758524969072887e-01,2.668145326871546041e-01,5.627378295915080875e-01,1.540556521698042969e-01,6.376121336995428379e-01,-5.500182333897526109e-03,3.863486893431090641e-01
6.292060654153255328e-01,6.161956645728988713e-01,-1.321005501168637519e-01,5.232212317250731770e-01,4.177963437910958699e-01,4.287259693871646182e-01,2.900054959483318040e-01,-4.805529231684145808e-01,5.709419841620984037e-01,7.547020607281780258e-01,-2.860144875852634883e-01,5.544191920083046954e-01,3.266170043296642289e-01,5.550148596278472457e-01,4.331357647044453141e-01,1.000000000000000000e+00,3.174994699790677499e-01,6.704822631082110185e-01,5.330078960434014856e-01,-4.730097719707294646e-01,4.852857325015289547e-01,4.415433205707259834e-01,6.591376954525997034e-01,2.984100242166802253e-01,6.522538875772302402e-01,1.115807903248974969e-01,3.983076890656340185e-01,-4.015323788409957961e-02,4.992312205692757132e-01,5.965216629579375152e-01,5.550540896482187431e-02,4.944663423937956104e-01,5.810909189039408229e-01,3.695030543388148070e-01,3.314367934865659060e-01,6.564327391972225867e-02,4.541576966976619834e-01,-1.768266284939387645e-01,2.123672040011104767e-01
3.440738837863072663e-01,4.158830514628872321e-01,-1.333487711002598053e-01,2.180052359054983624e-01,3.057196533957061146e-01,4.647330615327393000e-01,1.529916367456323478e-01,-5.374220982210150543e-01,3.184064606642172945e-01,4.534769252668346962e-01,-3.486552485021629511e-02,4.042298082731920483e-01,2.057189906419932546e-01,4.947883213982831041e-01,3.081148846493774185e-01,3.174994699790677499e-01,1.000000000000000000e+00,3.539246377490198325e-01,4.626766902604884796e-02,-4.202100115161009342e-01,4.352113047652290123e-01,1.194381962122096075e-01,5.492585443157768088e-01,3.482145739655877481e-01,5.861815920894080101e-01,2.719240704672523101e-01,2.541601371658895325e-01,-5.782816666900503916e-02,4.962557808966867601e-01,2.200557752596219163e-01,2.997304261094494438e-01,4.809992528330052641e-01,4.036436599352026811e-01,3.036106154135585489e-01,3.218445344276360531e-01,8.216405083803018927e-02,3.946429281326013783e-01,6.706201613904075320e-02,4.665950720238787319e-02
4.178427151769070202e-01,5.165847138998176380e-01,-9.612454024255111251e-03,7.230836212004906338e-01,6.811808641171058776e-01,4.199703662038400953e-01,3.216675913456511493e-01,-6.220637207204882113e-01,6.391810274992160146e-01,5.843217990786803151e-01,-2.179024515828790198e-01,5.253188959071457553e-01,3.048839757472023293e-01,5.728933031260561304e-01,2.359423604968305666e-01,6.704822631082110185e-01,3.539246377490198325e-01,1.000000000000000000e+00,5.501515141570898493e-01,-4.857488929192555482e-01,4.940713928272583710e-01,3.603611329315341560e-01,5.924880480474895572e-01,2.725582814310955615e-01,6.552409901914861834e-01,1.131811252080182489e-01,5.064030667015356757e-01,3.389422967294113825e-02,5.180763093989083634e-01,3.617908582783040949e-01,2.510720179032673305e-01,4.871491693820587110e-01,5.502293804912602448e-01,5.975339627282953980e-01,2.944556335388657242e-01,1.151004848815218862e-01,4.514130994792908691e-01,-6.918641208512549268e-02,2.652253898029695023e-01
3.088133792029318925e-01,1.431105168206540657e-01,3.527241991056644377e-01,3.099767175526362273e-01,2.802116227249200620e-01,-7.872705258587479882e-02,1.538468382554084579e-01,-5.430896186571301104e-02,5.918254573041481503e-01,2.192011181105467110e-01,1.880763817541900307e-01,2.379455403949382597e-01,-5.309063911411671804e-02,3.323856822479369644e-01,2.239833097645751170e-01,5.330078960434014856e-01,4.626766902604884796e-02,5.501515141570898493e-01,1.000000000000000000e+00,3.486209476351684322e-02,-1.773318381043290440e-02,3.847801762004287029e-01,3.408778911403998468e-01,3.031429325543187336e-01,3.367579754123499747e-01,2.685227877937063079e-01,5.468849165147180447e-01,3.892893037792043986e-01,5.954804489241954935e-02,3.286323938461500060e-01,3.033565167320630973e-01,9.614882649676896598e-02,2.579371559573682138e-01,2.729906169021112383e-01,-2.376611274258166179e-02,-5.640567959108657575e-02,-4.750631513129694936e-04,9.262936997708447195e-02,3.477210518458298538e-01
-2.452847248312388095e-01,-7.396978897425142696e-01,7.289447442755331297e-01,-6.952585077124786572e-01,-3.616668495214791501e-01,-9.032032458125939245e-01,-4.717019555759156546e-01,7.982811402792607813e-01,-1.718334448204763831e-01,-7.751420546185722182e-01,7.487431718501685873e-01,-8.228576177520199320e-01,-7.747582181204539786e-01,-3.037347053408127606e-01,-6.209400272907033003e-01,-4.730097719707294646e-01,-4.202100115161009342e-01,-4.857488929192555482e-01,3.486209476351684322e-02,1.000000000000000000e+00,-9.274892261897517143e-01,-4.262460378837700237e-01,-5.586066168880707838e-01,-4.639168473461957598e-02,-5.113622876131920236e-01,2.863138115912342574e-01,-9.568567904282275494e-02,6.114670071801514561e-01,-8.792710266582315359e-01,-1.379794649650583072e-01,1.459424440393758682e-01,-8.226826432085769802e-01,-8.308467325328509068e-01,-3.210072786569506120e-01,-7.023946442432201787e-01,-1.287803148240880546e-01,-8.977203477483145511e-01,3.454700008194153127e-01,-1.036489699281780558e-01
2.318750719538646421e-01,7.442993691895620767e-01,-7.243398758012513650e-01,6.884788095967580013e-01,3.588535368091912980e-01,9.166258483026384907e-01,5.098927735183663712e-01,-8.148151053229265584e-01,1.749187457909508470e-01,7.891479031186106052e-01,-7.470367593846730658e-01,8.264061803769213732e-01,7.893987908074120430e-01,3.195553331819955822e-01,6.273792807349932721e-01,4.852857325015289547e-01,4.352113047652290123e-01,4.940713928272583710e-01,-1.773318381043290440e-02,-9.274892261897517143e-01,1.000000000000000000e+00,4.232670543867759205e-01,5.732849442115477423e-01,6.582014393174261124e-02,5.310912464141325229e-01,-2.830627304984457693e-01,9.436647815495814717e-02,-5.848194256614064335e-01,8.952326504324564782e-01,1.488653707510721180e-01,-1.182274896718672613e-01,8.401432466775979879e-01,8.379137754017764728e-01,3.177838018700288591e-01,7.288989207057359199e-01,1.364763977419221064e-01,9.066435349247453646e-01,-3.279262684194041433e-01,1.195859608465460883e-01
2.262393955508429644e-01,4.931547754697541142e-01,-2.961605627877358371e-01,5.496158490916297490e-01,1.921772517209095754e-01,4.258311647294067970e-01,2.798489896555709788e-01,-2.394049247106532219e-01,2.747534980857820330e-01,4.935712443845022834e-01,-2.949770596606245965e-01,6.332347499289268100e-01,4.312935335606525311e-01,1.660203001602233719e-01,5.433757215726378043e-01,4.415433205707259834e-01,1.194381962122096075e-01,3.603611329315341560e-01,3.847801762004287029e-01,-4.262460378837700237e-01,4.232670543867759205e-01,1.000000000000000000e+00,2.385067544306409271e-01,4.521005651707119682e-02,2.208068683524662956e-01,-1.416720251276690212e-02,2.991584451575684533e-01,-2.141920026339854122e-01,5.053605173351457536e-01,1.585324630629649512e-01,-5.185340767812011975e-02,5.165343547391869627e-01,6.512917682959905585e-01,2.820170498194130015e-01,3.261172769046613573e-01,5.163843786703302408e-02,4.916642560742549573e-01,-3.812239202730198506e-02,3.933213626938798502e-01
4.676010045454199182e-01,5.297292192420107737e-01,-1.242696208413980596e-01,4.251287157920460302e-01,4.469638172642129703e-01,5.541177544128483845e-01,3.552426330287276612e-01,-7.187397553117192972e-01,5.787921085507733432e-01,6.110792795892298068e-01,-2.610734703181368799e-01,5.790493213474426915e-01,3.818293139527022539e-01,6.214380236202368124e-01,4.511356473726524374e-01,6.591376954525997034e-01,5.492585443157768088e-01,5.924880480474895572e-01,3.408778911403998468e-01,-5.586066168880707838e-01,5.732849442115477423e-01,2.385067544306409271e-01,1.000000000000000000e+00,3.537270122747275258e-01,8.393814148730184277e-01,5.393307858799183813e-02,3.928208619768098764e-01,-5.910604209962271038e-02,5.904378549814217614e-01,3.959168402921465768e-01,3.157016140377246205e-01,5.479135160758255019e-01,5.866265089329008031e-01,4.445622196945461235e-01,4.764838157784918038e-01,2.753567064639061979e-01,5.416201945318412925e-01,-1.493391610961013749e-01,1.930083117609262267e-01
2.622604105085298842e-01,9.332351928363639970e-02,2.262600096366981783e-01,9.644552222530625163e-02,3.554217589381666320e-01,1.853728620237776303e-03,1.975949052879487911e-01,-2.292521564347423657e-01,5.071687452849195088e-01,1.332098640695054959e-01,2.394653913321204142e-01,1.705402110583227604e-01,-6.595395757526201219e-02,6.226946497216228060e-01,2.543100745274447516e-01,2.984100242166802253e-01,3.482145739655877481e-01,2.725582814310955615e-01,3.031429325543187336e-01,-4.639168473461957598e-02,6.582014393174261124e-02,4.521005651707119682e-02,3.537270122747275258e-01,1.000000000000000000e+00,4.131048647547377883e-01,3.003706864505317764e-01,4.106628793063795135e-01,3.340752078282228643e-01,8.525346350807054552e-02,2.926625360633196560e-01,2.820789212117764677e-01,1.463950141806061034e-01,8.982893409671424689e-02,3.653109364652132318e-01,-3.659817133041146781e-02,-4.721405048583290215e-02,-2.694812228777182083e-03,2.492007454676210265e-01,2.362657348455002304e-01
4.723474945745851361e-01,5.069157482377552038e-01,-7.242685751733941857e-02,4.293906056077805289e-01,5.030244991778998198e-01,4.963187652328263089e-01,2.759792416393673786e-01,-6.972631212692395053e-01,6.579895781874126603e-01,6.159380430442448207e-01,-1.829254413553152714e-01,5.049297793911975418e-01,3.357469260384674525e-01,6.610463918379635428e-01,3.687476570991650715e-01,6.522538875772302402e-01,5.861815920894080101e-01,6.552409901914861834e-01,3.367579754123499747e-01,-5.113622876131920236e-01,5.310912464141325229e-01,2.208068683524662956e-01,8.393814148730184277e-01,4.131048647547377883e-01,1.000000000000000000e+00,1.400685245504209031e-01,5.033711331164388847e-01,-3.718227859809536406e-02,5.518268724378060375e-01,4.183891773920740964e-01,2.920651001272813740e-01,5.118133458667488700e-01,5.339243302041696282e-01,4.681515274076831767e-01,3.884416925204466353e-01,2.290347681837944238e-01,4.792196552931918818e-01,-9.443842472193503257e-02,2.184440397321910088e-01
3.554121683147027366e-01,1.063683720120145865e-01,4.652900206832414898e-01,-9.209110966575935475e-02,2.514713652264535249e-01,-2.243549179970000251e-01,-1.522856843393950443e-01,1.130461226025121224e-01,3.527254206829761873e-01,-7.200140353939177285e-02,6.480667318364602414e-01,-1.336597695709763611e-01,-3.982331619438513326e-01,3.108001376408580096e-01,-8.898623794340460025e-02,1.115807903248974969e-01,2.719240704672523101e-01,1.131811252080182489e-01,2.685227877937063079e-01,2.863138115912342574e-01,-2.830627304984457693e-01,-1.416720251276690212e-02,5.393307858799183813e-02,3.003706864505317764e-01,1.400685245504209031e-01,1.000000000000000000e+00,5.819891676079020915e-01,5.370580843433758744e-01,-7.359507050309729848e-02,2.679074106956941259e-02,3.980640008666967988e-01,-7.729107332005389144e-03,-1.051724703901098928e-01,2.645809126668399736e-01,-1.700273777893311355e-01,-2.521309431298312531e-01,-2.103356787145261864e-01,7.117929371291006335e-01,3.224549952936832664e-01
3.398829861306237321e-01,3.254284823762126910e-01,2.771908349202580335e-01,3.788735759698640404e-01,5.417112274053281773e-01,1.047036640219624476e-01,1.467902269927859049e-01,-2.537680566621611788e-01,6.901313123276764383e-01,2.460148324272239950e-01,3.064678626900957381e-01,2.791669576551928378e-01,-3.792000123793885791e-02,5.240936920545982147e-01,1.681420482038757658e-01,3.983076890656340185e-01,2.541601371658895325e-01,5.064030667015356757e-01,5.468849165147180447e-01,-9.568567904282275494e-02,9.436647815495814717e-02,2.991584451575684533e-01,3.928208619768098764e-01,4.106628793063795135e-01,5.033711331164388847e-01,5.819891676079020915e-01,1.000000000000000000e+00,4.247106549677776566e-01,2.459939001144768045e-01,1.629733103523760274e-01,4.411555720649077972e-01,3.584525980035939141e-01,3.094247176585533388e-01,5.815280428936542290e-01,8.320064719359589189e-02,-1.869669877471671210e-02,1.708230910912291733e-01,4.468628844618797169e-01,6.249197709009660651e-01
-5.810481782414513539e-03,-4.036072206971080267e-01,8.338181844058718539e-01,-2.775628656117577475e-01,2.138098381333426723e-01,-5.997013590749429301e-01,-9.719904031412952838e-02,3.359309984651190906e-01,3.828424388210207585e-01,-4.128387922914108499e-01,7.741527145013225031e-01,-3.791602916436346837e-01,-6.681701527250464290e-01,2.778936541547504246e-01,-3.001716867261621235e-01,-4.015323788409957961e-02,-5.782816666900503916e-02,3.389422967294113825e-02,3.892893037792043986e-01,6.114670071801514561e-01,-5.848194256614064335e-01,-2.141920026339854122e-01,-5.910604209962271038e-02,3.340752078282228643e-01,-3.718227859809536406e-02,5.370580843433758744e-01,4.247106549677776566e-01,1.000000000000000000e+00,-5.092161409004988259e-01,1.065158833544068567e-01,6.204245756997091021e-01,-3.872239265870138780e-01,-3.992911373313876022e-01,2.607452003328265544e-01,-4.032234099250399662e-01,-5.776950035509644671e-02,-5.642883657734198977e-01,4.806976900220905624e-01,2.186294200114227149e-01
3.507604443725062526e-01,8.256210186977185339e-01,-6.641154077693365299e-01,6.974862993197394889e-01,3.914435436629078446e-01,9.059025132592718466e-01,4.751877151626390794e-01,-7.781417898641308506e-01,2.464452662464890198e-01,7.962845528963959918e-01,-6.071856073587280633e-01,8.330515120774878435e-01,7.495345948653225898e-01,3.578101284911871516e-01,6.202915991243393989e-01,4.992312205692757132e-01,4.962557808966867601e-01,5.180763093989083634e-01,5.954804489241954935e-02,-8.792710266582315359e-01,8.952326504324564782e-01,5.053605173351457536e-01,5.904378549814217614e-01,8.525346350807054552e-02,5.518268724378060375e-01,-7.359507050309729848e-02,2.459939001144768045e-01,-5.092161409004988259e-01,1.000000000000000000e+00,1.739293397117316897e-01,-4.408548983406388594e-02,8.936075668708970410e-01,8.703796597229925824e-01,3.770606965139344791e-01,7.430457688137384054e-01,1.066379541134850478e-01,9.159392432276284302e-01,-1.572948857332389927e-01,2.510744612304881551e-01
5.501447859104459104e-01,2.359753863636173121e-01,8.485343075524820478e-02,1.221375114706547277e-01,2.664475515345440249e-01,8.765509805025702150e-02,1.700305366117665362e-01,-2.321782458101081803e-01,4.855458623194680579e-01,4.576063156024635092e-01,-2.370775360751643107e-02,1.349422666917187152e-01,6.004421856270743957e-02,4.772119891680952630e-01,1.370009780191639437e-01,5.965216629579375152e-01,2.200557752596219163e-01,3.617908582783040949e-01,3.286323938461500060e-01,-1.379794649650583072e-01,1.488653707510721180e-01,1.585324630629649512e-01,3.959168402921465768e-01,2.926625360633196560e-01,4.183891773920740964e-01,2.679074106956941259e-02,1.629733103523760274e-01,1.065158833544068567e-01,1.739293397117316897e-01,1.000000000000000000e+00,1.027432826128541060e-01,1.568684404662123999e-01,2.037940875163054832e-01,2.085544419045965436e-01,1.799986272098716700e-01,9.447430308972526447e-02,1.188417511497807666e-01,-1.505615505755959205e-01,4.961624959479518648e-02
5.674311363464538960e-02,-9.871150816840411346e-02,5.468665145218014612e-01,3.976086123123032806e-02,4.659161920258796385e-01,-1.411452041630535670e-01,9.936688998666252937e-03,-1.159756314210178274e-01,5.121891295269314082e-01,-1.296830724416090375e-01,4.561326608171750729e-01,6.578199632021529408e-02,-3.649413408720345031e-01,4.041901443400092719e-01,5.929260284451507920e-03,5.550540896482187431e-02,2.997304261094494438e-01,2.510720179032673305e-01,3.033565167320630973e-01,1.459424440393758682e-01,-1.182274896718672613e-01,-5.185340767812011975e-02,3.157016140377246205e-01,2.820789212117764677e-01,2.920651001272813740e-01,3.980640008666967988e-01,4.411555720649077972e-01,6.204245756997091021e-01,-4.408548983406388594e-02,1.027432826128541060e-01,1.000000000000000000e+00,-7.748747985973374400e-03,5.634558544811896913e-02,5.696066025945638600e-01,-2.977825507583508474e-02,1.332085226697382052e-01,-1.113344426513076940e-01,3.337571217429558534e-01,3.176376404358103867e-01
3.010686447507811003e-01,7.930249355290710511e-01,-6.169878255249788834e-01,6.574473477348056205e-01,3.876794046377483038e-01,8.635080449842614803e-01,4.918380705542663711e-01,-7.261746838258744674e-01,2.683663606463564388e-01,7.704976173100385184e-01,-5.205146868645850189e-01,8.195385455547740117e-01,6.813404008179795301e-01,3.875049515905054642e-01,6.496986992793345461e-01,4.944663423937956104e-01,4.809992528330052641e-01,4.871491693820587110e-01,9.614882649676896598e-02,-8.226826432085769802e-01,8.401432466775979879e-01,5.165343547391869627e-01,5.479135160758255019e-01,1.463950141806061034e-01,5.118133458667488700e-01,-7.729107332005389144e-03,3.584525980035939141e-01,-3.872239265870138780e-01,8.936075668708970410e-01,1.568684404662123999e-01,-7.748747985973374400e-03,1.000000000000000000e+00,8.380925457271914958e-01,4.051062456039265514e-01,7.079909984585397442e-01,1.375332757633701275e-01,8.920968961187792923e-01,-2.710112889715236492e-02,4.276338256054855180e-01
3.442241141421082951e-01,7.701067473993109536e-01,-5.466595154201062678e-01,7.317071335796191400e-01,3.979144044102493893e-01,8.154448112732112230e-01,4.527220474796966876e-01,-6.967874562233391522e-01,3.460904054983913736e-01,7.867735125013648467e-01,-5.867894419461411326e-01,9.102888861484450533e-01,7.102747143284163789e-01,3.759492606505830392e-01,7.343758524969072887e-01,5.810909189039408229e-01,4.036436599352026811e-01,5.502293804912602448e-01,2.579371559573682138e-01,-8.308467325328509068e-01,8.379137754017764728e-01,6.512917682959905585e-01,5.866265089329008031e-01,8.982893409671424689e-02,5.339243302041696282e-01,-1.051724703901098928e-01,3.094247176585533388e-01,-3.992911373313876022e-01,8.703796597229925824e-01,2.037940875163054832e-01,5.634558544811896913e-02,8.380925457271914958e-01,1.000000000000000000e+00,4.203674577021556669e-01,6.808573700557533082e-01,1.001790467154360653e-01,8.553193387524088420e-01,-1.813443690521338025e-01,3.416000189192276437e-01
2.459121670815287153e-01,3.269918816341561008e-01,1.558719354631548926e-01,5.646387086384782039e-01,8.703472447612495833e-01,2.622218471199715961e-01,2.385074423006694477e-01,-4.924736987292884782e-01,7.041490096642141205e-01,2.599518783270904909e-01,6.880349785758170522e-02,4.598399375740873096e-01,4.336555527735210316e-03,6.294981950866810338e-01,2.668145326871546041e-01,3.695030543388148070e-01,3.036106154135585489e-01,5.975339627282953980e-01,2.729906169021112383e-01,-3.210072786569506120e-01,3.177838018700288591e-01,2.820170498194130015e-01,4.445622196945461235e-01,3.653109364652132318e-01,4.681515274076831767e-01,2.645809126668399736e-01,5.815280428936542290e-01,2.607452003328265544e-01,3.770606965139344791e-01,2.085544419045965436e-01,5.696066025945638600e-01,4.051062456039265514e-01,4.203674577021556669e-01,1.000000000000000000e+00,2.015273712816134377e-01,1.612861398255215906e-01,3.224792684378101626e-01,2.155273006958430826e-01,4.992102796953136190e-01
1.695941804007630449e-01,5.670377470551248855e-01,-5.683079966373856262e-01,4.376572698071577450e-01,1.891299454302043381e-01,7.625463974102605347e-01,4.897406659856426980e-01,-6.494025969894617889e-01,1.076769860766033510e-01,6.138490174566922919e-01,-5.311871730280086634e-01,6.543908249578863634e-01,6.449225784870598055e-01,2.736794300193254315e-01,5.627378295915080875e-01,3.314367934865659060e-01,3.218445344276360531e-01,2.944556335388657242e-01,-2.376611274258166179e-02,-7.023946442432201787e-01,7.288989207057359199e-01,3.261172769046613573e-01,4.764838157784918038e-01,-3.659817133041146781e-02,3.884416925204466353e-01,-1.700273777893311355e-01,8.320064719359589189e-02,-4.032234099250399662e-01,7.430457688137384054e-01,1.799986272098716700e-01,-2.977825507583508474e-02,7.079909984585397442e-01,6.808573700557533082e-01,2.015273712816134377e-01,1.000000000000000000e+00,2.045499572350401030e-01,7.762643015656770507e-01,-1.562181187441295527e-01,1.339389319012083690e-01
-1.825501672591813285e-01,-1.877204717074459212e-02,-4.698443903843783215e-02,1.979524424146037603e-02,3.103398837268854168e-02,1.565419152803811664e-01,1.200911554357395467e-01,-2.185732664027887351e-01,1.007196542421807950e-01,7.218563804459562916e-02,-1.203753400598898959e-01,1.177802480864103690e-01,1.160443702711244918e-01,1.275697430955197165e-01,1.540556521698042969e-01,6.564327391972225867e-02,8.216405083803018927e-02,1.151004848815218862e-01,-5.640567959108657575e-02,-1.287803148240880546e-01,1.364763977419221064e-01,5.163843786703302408e-02,2.753567064639061979e-01,-4.721405048583290215e-02,2.290347681837944238e-01,-2.521309431298312531e-01,-1.869669877471671210e-02,-5.776950035509644671e-02,1.066379541134850478e-01,9.447430308972526447e-02,1.332085226697382052e-01,1.375332757633701275e-01,1.001790467154360653e-01,1.612861398255215906e-01,2.045499572350401030e-01,1.000000000000000000e+00,1.717041307727748267e-01,-2.894316410960132754e-03,2.052156308922836181e-01
2.406172053147763168e-01,7.848486371191122357e-01,-7.373777945863320138e-01,6.930387569831126804e-01,3.244276897141465943e-01,9.187388048016685849e-01,4.889286627997310175e-01,-7.557770832646009129e-01,1.601263410514161545e-01,7.856133184545388559e-01,-6.927657510249711770e-01,8.363622115313731342e-01,7.810685206853307250e-01,2.785668457142272958e-01,6.376121336995428379e-01,4.541576966976619834e-01,3.946429281326013783e-01,4.514130994792908691e-01,-4.750631513129694936e-04,-8.977203477483145511e-01,9.066435349247453646e-01,4.916642560742549573e-01,5.416201945318412925e-01,-2.694812228777182083e-03,4.792196552931918818e-01,-2.103356787145261864e-01,1.708230910912291733e-01,-5.642883657734198977e-01,9.159392432276284302e-01,1.188417511497807666e-01,-1.113344426513076940e-01,8.920968961187792923e-01,8.553193387524088420e-01,3.224792684378101626e-01,7.762643015656770507e-01,1.717041307727748267e-01,1.000000000000000000e+00,-2.213609756593088451e-01,2.532631909510821289e-01
-8.317362064893006612e-02,-1.191022904730747595e-01,3.815484079387321814e-01,-1.645420237652953366e-01,1.496601007656055138e-01,-2.678363287376449020e-01,-8.928616983886455971e-02,1.955206940142090732e-01,2.147211891294703578e-01,-2.658391003916916739e-01,6.046399453573471083e-01,-1.693448450853630716e-01,-3.602881206046149587e-01,1.811263201303942305e-01,-5.500182333897526109e-03,-1.768266284939387645e-01,6.706201613904075320e-02,-6.918641208512549268e-02,9.262936997708447195e-02,3.454700008194153127e-01,-3.279262684194041433e-01,-3.812239202730198506e-02,-1.493391610961013749e-01,2.492007454676210265e-01,-9.443842472193503257e-02,7.117929371291006335e-01,4.468628844618797169e-01,4.806976900220905624e-01,-1.572948857332389927e-01,-1.505615505755959205e-01,3.337571217429558534e-01,-2.710112889715236492e-02,-1.813443690521338025e-01,2.155273006958430826e-01,-1.562181187441295527e-01,-2.894316410960132754e-03,-2.213609756593088451e-01,1.000000000000000000e+00,5.152729768333388360e-01
1.211269022201384438e-01,2.866811080877720297e-01,7.057777125061537316e-02,2.830653410787069002e-01,3.551850332398953647e-01,1.484094137537137481e-01,1.516147088768790008e-01,-1.371241949233136248e-01,4.334036038994644735e-01,1.665372883565415796e-01,1.528080109303442680e-01,3.531294558898768754e-01,2.686589751629651218e-02,3.288717745516848145e-01,3.863486893431090641e-01,2.123672040011104767e-01,4.665950720238787319e-02,2.652253898029695023e-01,3.477210518458298538e-01,-1.036489699281780558e-01,1.195859608465460883e-01,3.933213626938798502e-01,1.930083117609262267e-01,2.362657348455002304e-01,2.184440397321910088e-01,3.224549952936832664e-01,6.249197709009660651e-01,2.186294200114227149e-01,2.510744612304881551e-01,4.961624959479518648e-02,3.176376404358103867e-01,4.276338256054855180e-01,3.416000189192276437e-01,4.992102796953136190e-01,1.339389319012083690e-01,2.052156308922836181e-01,2.532631909510821289e-01,5.152729768333388360e-01,1.000000000000000000e+00
