1.000000000000000000e+00,7.985116414284203490e-01,5.449224489544506334e-01,5.864864205325071023e-01,5.510823319678107568e-01,-8.371244863193922497e-03,3.356458467376734478e-01,-4.917573135728958711e-01,7.735270794525347382e-01,6.889755510747697098e-01,-2.883734366457285647e-02,2.193600484867409828e-01,3.563676488149513655e-01,6.246096065608476300e-01,4.842679719229850965e-01,3.656362293564681676e-01,1.416491473271092871e-01,4.052749455881647922e-01,1.456152181288806746e-01,5.536220948076888693e-01,3.229397378716566958e-01,2.837541245130912326e-01,3.612307507167136222e-01,5.113584625146938567e-01,5.978583271616700889e-01,6.914518941866403257e-01,3.435559053788696943e-02,5.268310061784478027e-01,7.509964583645780678e-01,7.388333945567246985e-01,8.607044185747497744e-02,6.880090950974786512e-01,4.799898164823302449e-01,5.690710804768703834e-01,5.153933521212882285e-01,5.449819482210518373e-01,3.911527540022921579e-01,6.685404811095485567e-01,3.331602238102251978e-01
7.985116414284203490e-01,1.000000000000000000e+00,4.125781071717175563e-01,4.874997488966887338e-01,4.366080095980428011e-01,-4.776898765733216673e-02,2.824281765486974516e-01,-3.820131625408478282e-01,6.636747407555781963e-01,5.000964312910047838e-01,-3.164260773193257326e-02,1.966036818270449349e-01,2.148140781307493197e-01,5.368506341929549786e-01,3.993685544320113023e-01,1.776901308540126123e-01,2.121562258141602986e-02,2.002604884419924569e-01,9.272024016116675593e-02,4.494521750663310056e-01,1.940715749817022717e-01,2.198300767379172682e-01,2.872948329236045262e-01,5.492745252645807597e-01,4.277522426201729733e-01,5.586484735577879057e-01,1.444621238400571883e-01,3.691812170578909758e-01,6.444970558954057349e-01,6.880180858254810738e-01,1.777709677230060806e-02,6.466456513771190462e-01,3.979172663897321272e-01,4.986876181478034353e-01,3.930230318956219882e-01,5.826810368252187677e-01,3.491892457217400936e-01,5.947361602004028747e-01,3.722764612912574100e-01
5.449224489544506334e-01,4.125781071717175563e-01,1.000000000000000000e+00,2.690722946203988331e-01,8.504379677830798956e-01,-6.132336022875860271e-02,2.251680233626461858e-01,-8.890437419648175021e-01,7.101112988025446437e-01,6.598011036502590132e-01,-6.660521482769406199e-02,3.374248046272535495e-01,3.468790253634800314e-01,5.894903210542463690e-01,1.482111466149327872e-01,6.633299412744665391e-01,-2.024705522755669909e-02,4.287052420234148675e-01,4.509476331700420504e-01,2.525399212364862755e-01,7.122522000635386208e-01,5.565081743708765183e-01,5.309288163420047280e-01,5.071330734185819367e-01,5.419340381944381946e-01,4.918281403762409520e-01,2.673183691559914976e-01,3.260513213897777707e-01,5.076000991868550027e-01,7.098283629111656889e-01,5.517990022209298129e-01,6.401922651548356269e-01,2.885034459834303067e-01,7.465863212214716160e-01,1.634834231014736516e-01,4.666239810248457021e-02,2.378553412774579989e-01,4.019004338756239081e-01,4.474877150497219014e-01
5.864864205325071023e-01,4.874997488966887338e-01,2.690722946203988331e-01,1.000000000000000000e+00,4.382968419939486937e-01,-2.068853510704090903e-01,5.408041429095646890e-01,-1.966495675903929818e-01,6.152237718880670947e-01,4.437376869806047286e-01,-2.348278159872617676e-01,2.463475124412723705e-01,2.991340087105821000e-01,3.690914501238066192e-01,6.359546276713938795e-01,1.345410677755042306e-01,8.655450506790750287e-02,5.986875363538756156e-01,1.606258937360863781e-01,7.173909217063411115e-01,1.092866604500962596e-01,-1.084627619607259896e-01,8.542928728224135487e-03,3.581635391505319510e-01,4.453437558865170343e-01,6.721796710024423582e-01,-1.999248996540445578e-01,5.858987920321918619e-01,6.417490082391082984e-01,3.639579053312883561e-01,-2.004131883649519219e-01,4.232258971709371709e-01,3.401911871703539036e-01,4.372459719278927182e-01,4.688415083648256321e-01,3.504000057335288631e-01,1.310206527832553924e-01,6.864945428638569158e-01,1.493596894870394820e-01
5.510823319678107568e-01,4.366080095980428011e-01,8.504379677830798956e-01,4.382968419939486937e-01,1.000000000000000000e+00,-8.403541944848538781e-02,3.407458787080908658e-01,-8.101176837762871230e-01,7.321952123832954351e-01,6.470872839719182812e-01,-1.082341616912721460e-01,4.349025357744901732e-01,3.797600475347391313e-01,5.881486016329861011e-01,3.036514449762903745e-01,6.081242056609003077e-01,-3.876113471944547806e-02,5.575933067511866792e-01,5.223314404910727182e-01,3.400623101861273700e-01,5.723699183535928547e-01,4.032988959204423796e-01,4.365620128286846202e-01,4.644416865180768794e-01,5.736638831506770675e-01,5.631770601592511749e-01,2.338537979173240244e-01,3.853244081257573561e-01,5.579700276912511470e-01,6.704075418809052334e-01,4.256116610022865898e-01,6.547895935961294267e-01,3.187095658376876695e-01,7.673736372883029899e-01,1.974861326275936246e-01,1.319841692393675381e-01,2.315398408323054158e-01,4.914142095647617281e-01,5.061353765323086673e-01
-8.371244863193922497e-03,-4.776898765733216673e-02,-6.132336022875860271e-02,-2.068853510704090903e-01,-8.403541944848538781e-02,1.000000000000000000e+00,1.096676727649752298e-01,8.737437956495128222e-02,-2.380639535631731418e-01,1.328201223062920044e-01,8.453423366805111749e-01,-1.891270502763247041e-01,1.175752057995818195e-01,3.620871234650596682e-01,4.301793057067523907e-02,1.298067558691660683e-01,7.210196781816967659e-01,3.174066704179775815e-03,-3.313418275989620798e-01,1.183630651177011300e-01,-2.503204335900138799e-01,2.140574893021765512e-01,3.511638663061724674e-01,-2.718798675666432296e-01,2.967355099433266474e-01,4.963141553947370693e-02,2.758705127403187629e-01,2.252894239135699861e-01,6.566649842728432274e-02,-8.390835662917390386e-03,1.943668380123407535e-02,8.509141871016508152e-02,5.380857066408986089e-01,-3.833639530173624244e-01,4.242077710290688697e-01,1.619458334586278137e-01,5.871384481265820021e-01,-1.682251572767148873e-01,1.086871632211836199e-02
3.356458467376734478e-01,2.824281765486974516e-01,2.251680233626461858e-01,5.408041429095646890e-01,3.407458787080908658e-01,1.096676727649752298e-01,1.000000000000000000e+00,-1.814012217210682343e-01,2.890800276861200668e-01,3.146337168575806253e-01,8.126312238030970747e-02,-7.016881868618261853e-02,5.306131550309504258e-02,3.405956865981031312e-01,3.066923212122067421e-01,1.997843933187042897e-01,2.586765859452110905e-01,3.125525077152787046e-01,1.053998002696249908e-01,5.632336889288009907e-01,5.382747328150555566e-02,-1.232536868224392707e-01,9.672818720495428291e-02,8.431427842484237600e-02,3.431545719148416107e-01,4.464285403942449548e-01,-6.813687037119442458e-02,5.094032213296373346e-01,3.538984775110931014e-01,1.884610605368767788e-01,-1.424709405057319189e-01,2.077399167372890321e-01,3.825173819528231434e-01,1.625496270794676845e-01,3.161738548537922355e-01,2.659818836998324998e-01,2.632058265090854166e-01,3.858573914640268665e-01,5.766756686650529456e-02
-4.917573135728958711e-01,-3.820131625408478282e-01,-8.890437419648175021e-01,-1.966495675903929818e-01,-8.101176837762871230e-01,8.737437956495128222e-02,-1.814012217210682343e-01,1.000000000000000000e+00,-6.732224998524947157e-01,-5.837331810576150692e-01,7.820621822984553939e-02,-2.863764727699658064e-01,-3.406406999984344930e-01,-5.574773772937785532e-01,-8.369172512149286591e-02,-6.256589101455007906e-01,3.895718118551791398e-02,-3.399468417731983383e-01,-3.846655324794210906e-01,-1.824695899254903109e-01,-6.576449899727656589e-01,-4.946416945722733050e-01,-5.061919101226051154e-01,-4.498697853366541155e-01,-4.660249150079372460e-01,-4.443423861435036870e-01,-3.131598025617747250e-01,-2.767784426377932205e-01,-4.528503381874475209e-01,-6.817431145622752098e-01,-5.291560323003157151e-01,-6.160127719794182832e-01,-2.322946937757670027e-01,-7.087832544261092327e-01,-1.148647976391732606e-01,-3.174300231064687561e-02,-2.167749643607398413e-01,-3.512273814295714391e-01,-4.530508754097771762e-01
7.735270794525347382e-01,6.636747407555781963e-01,7.101112988025446437e-01,6.152237718880670947e-01,7.321952123832954351e-01,-2.380639535631731418e-01,2.890800276861200668e-01,-6.732224998524947157e-01,1.000000000000000000e+00,6.477731632882053336e-01,-2.279775001186690742e-01,3.857783834025027558e-01,4.100050216418211213e-01,5.759340880179792954e-01,4.042438677915469736e-01,4.609700459888534940e-01,-4.759549163212262179e-02,5.187866891143568804e-01,3.333221688916613856e-01,4.532756426986586096e-01,5.345540210551699145e-01,3.412233108115710900e-01,3.675565101192346251e-01,5.908958390316665366e-01,5.390389455184951828e-01,6.827995298280234993e-01,1.237061021268021505e-01,4.601045842889688875e-01,7.120894662286436638e-01,7.746671574878595257e-01,2.856178415419470262e-01,7.230629062988931377e-01,3.215826949136266211e-01,8.004479579265524336e-01,3.465849186104802970e-01,2.741033405971499692e-01,2.270709393596631320e-01,6.718665769545723032e-01,4.638727138457228172e-01
6.889755510747697098e-01,5.000964312910047838e-01,6.598011036502590132e-01,4.437376869806047286e-01,6.470872839719182812e-01,1.328201223062920044e-01,3.146337168575806253e-01,-5.837331810576150692e-01,6.477731632882053336e-01,1.000000000000000000e+00,9.235570891340917632e-02,2.600325802532686414e-01,2.980999852125110205e-01,6.284831980801619533e-01,3.595265733501975536e-01,6.577368229640754294e-01,1.962280714431641204e-01,5.691439891794061179e-01,3.210359349714870802e-01,5.023240565450446393e-01,4.529663928707163278e-01,3.773241999467125130e-01,4.894374205519356757e-01,4.161714627063727301e-01,7.970052815091068776e-01,6.372786400087727676e-01,1.221700296751842274e-01,5.577703172801771192e-01,5.867197145259553936e-01,6.288244265389226761e-01,3.221945673103460694e-01,5.358649622082229946e-01,5.020948195071072151e-01,5.142501493758838693e-01,4.374324025208793931e-01,2.765448668520648634e-01,2.761350088379936341e-01,5.703107022901340306e-01,3.893508206898744217e-01
-2.883734366457285647e-02,-3.164260773193257326e-02,-6.660521482769406199e-02,-2.348278159872617676e-01,-1.082341616912721460e-01,8.453423366805111749e-01,8.126312238030970747e-02,7.820621822984553939e-02,-2.279775001186690742e-01,9.235570891340917632e-02,1.000000000000000000e+00,-2.222923093547658768e-01,1.502269035371872619e-01,3.457777637996145570e-01,2.908009290961474126e-03,8.137903836187000695e-02,6.961496187583035011e-01,-6.945282958235889093e-02,-3.866811086677157117e-01,6.404887853784853313e-02,-2.704639834315858415e-01,2.071330332804424412e-01,3.647398263136055196e-01,-2.485369269651379054e-01,2.510503102298359823e-01,5.171199468842259395e-02,3.481386484174545104e-01,1.945161588628451788e-01,8.011260506715714436e-02,-4.632588384820000502e-03,6.157908720888338738e-02,1.287755307276278460e-01,5.212585442388562029e-01,-3.668113006222107342e-01,4.019499197431475324e-01,1.323467715803103850e-01,5.517796797176369727e-01,-1.604744152937549462e-01,7.515531988840229438e-02
2.193600484867409828e-01,1.966036818270449349e-01,3.374248046272535495e-01,2.463475124412723705e-01,4.349025357744901732e-01,-1.891270502763247041e-01,-7.016881868618261853e-02,-2.863764727699658064e-01,3.857783834025027558e-01,2.600325802532686414e-01,-2.222923093547658768e-01,1.000000000000000000e+00,1.675050705857664968e-01,5.480847592554922293e-02,2.333471321209558691e-01,2.484716055913743227e-01,-3.417449007770001490e-01,3.370548124198380346e-01,4.425859012333642761e-01,-5.259793499822790902e-02,2.526272289920143965e-01,2.068227514125554334e-01,1.403725294814976154e-01,1.751507003404734475e-01,1.414608809265003597e-01,8.830456026065465480e-02,1.807224889808191903e-01,-1.582128482009799719e-01,1.270339412801991807e-01,2.940898471762078414e-01,2.525741840859601073e-01,3.429447037415738753e-01,-1.427685718579786434e-01,4.614420549170715202e-01,-1.803219557935663853e-01,1.158809054856914933e-01,-1.131524678540296175e-01,1.894386899935045221e-01,4.609613631607507034e-01
3.563676488149513655e-01,2.148140781307493197e-01,3.468790253634800314e-01,2.991340087105821000e-01,3.797600475347391313e-01,1.175752057995818195e-01,5.306131550309504258e-02,-3.406406999984344930e-01,4.100050216418211213e-01,2.980999852125110205e-01,1.502269035371872619e-01,1.675050705857664968e-01,1.000000000000000000e+00,4.961510754915025578e-01,4.027539010343583747e-01,1.307475673564143792e-01,2.457672520171747532e-01,3.504831407712185598e-01,2.872177618255454187e-02,2.019175423447261142e-01,3.924465439286513313e-02,3.034511526941339188e-01,2.655527248453058986e-01,2.608365014732108023e-01,4.098647011256251749e-01,4.000955473122727035e-01,1.018888259474553110e-01,3.857783972016182727e-01,5.729718861200114866e-01,3.170419061788422033e-01,1.491087633682191549e-01,5.446199632945771807e-01,5.129234691621944453e-01,3.786397760920630629e-01,4.779418557308298121e-01,9.137927162043130158e-02,3.813457479690938734e-01,3.321993952729743182e-01,2.465586589841080867e-01
6.246096065608476300e-01,5.368506341929549786e-01,5.894903210542463690e-01,3.690914501238066192e-01,5.881486016329861011e-01,3.620871234650596682e-01,3.405956865981031312e-01,-5.574773772937785532e-01,5.759340880179792954e-01,6.284831980801619533e-01,3.457777637996145570e-01,5.480847592554922293e-02,4.961510754915025578e-01,1.000000000000000000e+00,4.167369597604970721e-01,4.676861785932936444e-01,4.838261154547626730e-01,4.670500197755780292e-01,6.081943866408923149e-02,5.227922313419202105e-01,2.800228201098317049e-01,3.968480923708658237e-01,5.564846147570415846e-01,4.298660684875144078e-01,7.155691961176000593e-01,6.814071170744652184e-01,3.156201771420042435e-01,6.805099172541847485e-01,7.110352973483972105e-01,5.823470510077755069e-01,2.324242324934139570e-01,7.055488627546482316e-01,7.627941404689821958e-01,4.496011859995645565e-01,6.698675360619176233e-01,2.854328905109479453e-01,6.673546591475865153e-01,5.078719201312947851e-01,3.474844914988350908e-01
4.842679719229850965e-01,3.993685544320113023e-01,1.482111466149327872e-01,6.359546276713938795e-01,3.036514449762903745e-01,4.301793057067523907e-02,3.066923212122067421e-01,-8.369172512149286591e-02,4.042438677915469736e-01,3.595265733501975536e-01,2.908009290961474126e-03,2.333471321209558691e-01,4.027539010343583747e-01,4.167369597604970721e-01,1.000000000000000000e+00,1.104885741547890349e-01,2.865110318501077336e-01,6.536075461800685549e-01,2.276249718123802557e-01,6.348669884924679208e-01,-1.101011174635601747e-01,-1.572569662448959071e-01,-4.524936057616252977e-02,1.881809397612003165e-01,4.425910937621613250e-01,6.496853033753531292e-01,-8.613444671709694078e-02,6.009194443448024892e-01,5.986365203738159835e-01,2.083696308670370256e-01,-3.393637906585710851e-01,3.890373290038052212e-01,4.315889407176698445e-01,2.636769711277008321e-01,4.714629220612113203e-01,3.630948351900639137e-01,2.166606999335096151e-01,6.870622021297753124e-01,2.311253738697459092e-01
3.656362293564681676e-01,1.776901308540126123e-01,6.633299412744665391e-01,1.345410677755042306e-01,6.081242056609003077e-01,1.298067558691660683e-01,1.997843933187042897e-01,-6.256589101455007906e-01,4.609700459888534940e-01,6.577368229640754294e-01,8.137903836187000695e-02,2.484716055913743227e-01,1.307475673564143792e-01,4.676861785932936444e-01,1.104885741547890349e-01,1.000000000000000000e+00,2.084502029570567683e-01,5.151802558907602192e-01,3.998738877442977735e-01,2.252470072962846903e-01,5.448279359953520640e-01,4.103380931548856192e-01,5.133081047070954250e-01,1.918169040226532229e-01,5.855045559319237425e-01,3.662975947491278750e-01,1.998187624084838687e-01,3.509391356129648587e-01,3.195415745527534490e-01,5.000536989060194726e-01,4.722159814205945105e-01,3.567096846559811296e-01,2.777738858154674695e-01,4.451944621993100815e-01,1.226708327543680616e-01,-6.687594579023987962e-02,2.354470482087917815e-01,3.484236932562138067e-01,3.601572715465856112e-01
1.416491473271092871e-01,2.121562258141602986e-02,-2.024705522755669909e-02,8.655450506790750287e-02,-3.876113471944547806e-02,7.210196781816967659e-01,2.586765859452110905e-01,3.895718118551791398e-02,-4.759549163212262179e-02,1.962280714431641204e-01,6.961496187583035011e-01,-3.417449007770001490e-01,2.457672520171747532e-01,4.838261154547626730e-01,2.865110318501077336e-01,2.084502029570567683e-01,1.000000000000000000e+00,2.295424422617427518e-01,-3.884412117706009249e-01,3.927575243247000136e-01,-2.129206430583170662e-01,3.965177851894647471e-02,2.656364499876622265e-01,-2.097020131372853979e-01,3.909948287331236338e-01,3.244050372708580099e-01,6.104186853157776704e-02,5.593119711239937786e-01,2.964390468365520892e-01,2.686259602707945573e-02,-7.836471005454143102e-02,1.328467804834339572e-01,6.571530347609906286e-01,-2.775778327026569015e-01,6.254293636876390172e-01,9.775918605181546650e-02,6.204861424983305618e-01,1.405210616136803314e-01,-1.276318363966593983e-01
4.052749455881647922e-01,2.002604884419924569e-01,4.287052420234148675e-01,5.986875363538756156e-01,5.575933067511866792e-01,3.174066704179775815e-03,3.125525077152787046e-01,-3.399468417731983383e-01,5.187866891143568804e-01,5.691439891794061179e-01,-6.945282958235889093e-02,3.370548124198380346e-01,3.504831407712185598e-01,4.670500197755780292e-01,6.536075461800685549e-01,5.151802558907602192e-01,2.295424422617427518e-01,1.000000000000000000e+00,5.060769441342012342e-01,5.307154663773610004e-01,2.472833177209426692e-01,4.763416932161364248e-02,1.120610298488692730e-01,2.365116421273051883e-01,6.020063069341896611e-01,6.236058724720038304e-01,2.760718602133914890e-03,6.189465157557194619e-01,5.320537225063456388e-01,3.167604481956167728e-01,7.387453163139745538e-02,4.112442075787376972e-01,3.643737007301942610e-01,4.261893754720157967e-01,3.533959601015869700e-01,1.142282148547560799e-01,1.199170481825693468e-01,5.879176669457548687e-01,3.270146232835537958e-01
1.456152181288806746e-01,9.272024016116675593e-02,4.509476331700420504e-01,1.606258937360863781e-01,5.223314404910727182e-01,-3.313418275989620798e-01,1.053998002696249908e-01,-3.846655324794210906e-01,3.333221688916613856e-01,3.210359349714870802e-01,-3.866811086677157117e-01,4.425859012333642761e-01,2.872177618255454187e-02,6.081943866408923149e-02,2.276249718123802557e-01,3.998738877442977735e-01,-3.884412117706009249e-01,5.060769441342012342e-01,1.000000000000000000e+00,2.106271051881039927e-02,4.363754297234240798e-01,1.061679925316569850e-01,6.926950315466561155e-03,2.841974894009394736e-01,2.047020148112518312e-01,1.619957696232477984e-01,2.614410206253321017e-02,5.689374123940098976e-02,1.135003878543647815e-01,2.550811007748121084e-01,2.734925063802889356e-01,1.811910214267564156e-01,-1.412182442772026980e-01,4.809491422062820987e-01,-2.886194239695865082e-01,-2.328139663661331002e-02,-3.129640158566124319e-01,2.379471878263514084e-01,3.010952677744092587e-01
5.536220948076888693e-01,4.494521750663310056e-01,2.525399212364862755e-01,7.173909217063411115e-01,3.400623101861273700e-01,1.183630651177011300e-01,5.632336889288009907e-01,-1.824695899254903109e-01,4.532756426986586096e-01,5.023240565450446393e-01,6.404887853784853313e-02,-5.259793499822790902e-02,2.019175423447261142e-01,5.227922313419202105e-01,6.348669884924679208e-01,2.252470072962846903e-01,3.927575243247000136e-01,5.307154663773610004e-01,2.106271051881039927e-02,1.000000000000000000e+00,3.249620383974390764e-02,-4.649892034621411901e-02,1.140149328693973313e-01,2.934437938132355983e-01,5.545451084886741100e-01,7.029226964289092550e-01,-1.387312208076158793e-01,7.317885872852715190e-01,6.339959864136791579e-01,2.798153708145730278e-01,-2.951141647255366429e-01,3.467872728473025967e-01,5.695876341146596245e-01,2.114749758328250961e-01,6.444005144837469112e-01,3.149462216059766839e-01,3.917275758675589636e-01,6.532918774349778523e-01,5.701758290964398235e-02
3.229397378716566958e-01,1.940715749817022717e-01,7.122522000635386208e-01,1.092866604500962596e-01,5.723699183535928547e-01,-2.503204335900138799e-01,5.382747328150555566e-02,-6.576449899727656589e-01,5.345540210551699145e-01,4.529663928707163278e-01,-2.704639834315858415e-01,2.526272289920143965e-01,3.924465439286513313e-02,2.800228201098317049e-01,-1.101011174635601747e-01,5.448279359953520640e-01,-2.129206430583170662e-01,2.472833177209426692e-01,4.363754297234240798e-01,3.249620383974390764e-02,1.000000000000000000e+00,5.200236191458105228e-01,4.230371314707775943e-01,5.009710506341497060e-01,3.056129020303617327e-01,2.404174594912746321e-01,1.729793637353083113e-01,1.040536979974249626e-01,2.351882447227838790e-01,5.266275554927879465e-01,6.387234141855758773e-01,3.678269862907982413e-01,-3.229195713980437948e-02,6.612598217602657646e-01,-1.159686597016868215e-01,-1.899256945109451256e-01,-5.418413438323319703e-02,2.161586192833497844e-01,2.601052326804984549e-01
2.837541245130912326e-01,2.198300767379172682e-01,5.565081743708765183e-01,-1.084627619607259896e-01,4.032988959204423796e-01,2.140574893021765512e-01,-1.232536868224392707e-01,-4.946416945722733050e-01,3.412233108115710900e-01,3.773241999467125130e-01,2.071330332804424412e-01,2.068227514125554334e-01,3.034511526941339188e-01,3.968480923708658237e-01,-1.572569662448959071e-01,4.103380931548856192e-01,3.965177851894647471e-02,4.763416932161364248e-02,1.061679925316569850e-01,-4.649892034621411901e-02,5.200236191458105228e-01,1.000000000000000000e+00,6.053866318688921888e-01,3.610260969983111190e-01,3.175641513480867428e-01,7.575512018879719534e-02,3.417887354641402364e-01,-1.299974222941198063e-02,2.464846766410672130e-01,5.176538299603269389e-01,5.566471677283196806e-01,5.007370801566789487e-01,2.505229681694783883e-01,3.917075433504105253e-01,1.450962389479325543e-01,-3.654588564411640622e-02,3.414265866374767699e-01,-2.536123511438731146e-02,3.184078556326440101e-01
3.612307507167136222e-01,2.872948329236045262e-01,5.309288163420047280e-01,8.542928728224135487e-03,4.365620128286846202e-01,3.511638663061724674e-01,9.672818720495428291e-02,-5.061919101226051154e-01,3.675565101192346251e-01,4.894374205519356757e-01,3.647398263136055196e-01,1.403725294814976154e-01,2.655527248453058986e-01,5.564846147570415846e-01,-4.524936057616252977e-02,5.133081047070954250e-01,2.656364499876622265e-01,1.120610298488692730e-01,6.926950315466561155e-03,1.140149328693973313e-01,4.230371314707775943e-01,6.053866318688921888e-01,1.000000000000000000e+00,3.982662477818442182e-01,5.366793637191252797e-01,2.304970220461995123e-01,3.706136879684660546e-01,2.112417521223672046e-01,3.506001214032497537e-01,4.794548385794972778e-01,4.938679718325091339e-01,4.741395585487869213e-01,4.415212821034731339e-01,3.616259679547551564e-01,2.644817918166549320e-01,-8.444402512422384197e-03,4.824113174420354699e-01,1.253993483944674525e-01,3.304981433228119103e-01
5.113584625146938567e-01,5.492745252645807597e-01,5.071330734185819367e-01,3.581635391505319510e-01,4.644416865180768794e-01,-2.718798675666432296e-01,8.431427842484237600e-02,-4.498697853366541155e-01,5.908958390316665366e-01,4.161714627063727301e-01,-2.485369269651379054e-01,1.751507003404734475e-01,2.608365014732108023e-01,4.298660684875144078e-01,1.881809397612003165e-01,1.918169040226532229e-01,-2.097020131372853979e-01,2.365116421273051883e-01,2.841974894009394736e-01,2.934437938132355983e-01,5.009710506341497060e-01,3.610260969983111190e-01,3.982662477818442182e-01,1.000000000000000000e+00,4.108073445652690725e-01,4.156559912727325057e-01,8.362505314428900216e-02,2.716235357422611685e-01,5.494238565910171124e-01,5.292021102040168623e-01,2.565458632416443563e-01,5.089008315183382036e-01,2.789487388626247233e-01,6.463574226241025622e-01,2.135517653853374331e-01,2.088368918894824636e-02,1.627621447184624537e-01,4.087259706330526599e-01,2.424585369193975881e-01
5.978583271616700889e-01,4.277522426201729733e-01,5.419340381944381946e-01,4.453437558865170343e-01,5.736638831506770675e-01,2.967355099433266474e-01,3.431545719148416107e-01,-4.660249150079372460e-01,5.390389455184951828e-01,7.970052815091068776e-01,2.510503102298359823e-01,1.414608809265003597e-01,4.098647011256251749e-01,7.155691961176000593e-01,4.425910937621613250e-01,5.855045559319237425e-01,3.909948287331236338e-01,6.020063069341896611e-01,2.047020148112518312e-01,5.545451084886741100e-01,3.056129020303617327e-01,3.175641513480867428e-01,5.366793637191252797e-01,4.108073445652690725e-01,1.000000000000000000e+00,6.557736789306042313e-01,1.681216054396450776e-01,6.888296384003442796e-01,6.292497490615699407e-01,5.064326062107857851e-01,2.425415887358994826e-01,5.084819176613176728e-01,6.917502452755542874e-01,4.189067308306854698e-01,6.068605831572752018e-01,1.904019840497910288e-01,4.451393369466199457e-01,5.614531966148800235e-01,3.610442324830034910e-01
6.914518941866403257e-01,5.586484735577879057e-01,4.918281403762409520e-01,6.721796710024423582e-01,5.631770601592511749e-01,4.963141553947370693e-02,4.464285403942449548e-01,-4.443423861435036870e-01,6.827995298280234993e-01,6.372786400087727676e-01,5.171199468842259395e-02,8.830456026065465480e-02,4.000955473122727035e-01,6.814071170744652184e-01,6.496853033753531292e-01,3.662975947491278750e-01,3.244050372708580099e-01,6.236058724720038304e-01,1.619957696232477984e-01,7.029226964289092550e-01,2.404174594912746321e-01,7.575512018879719534e-02,2.304970220461995123e-01,4.156559912727325057e-01,6.557736789306042313e-01,1.000000000000000000e+00,9.190510209419776311e-02,7.869131333855480248e-01,8.091518663740133732e-01,5.371154473536169371e-01,-2.230773329999717267e-02,5.901162739724313822e-01,6.114181653686089346e-01,5.182257058170574027e-01,6.012492735161734103e-01,3.093893499105400680e-01,3.804858471167066325e-01,7.630628486041619585e-01,3.082777644687024754e-01
3.435559053788696943e-02,1.444621238400571883e-01,2.673183691559914976e-01,-1.999248996540445578e-01,2.338537979173240244e-01,2.758705127403187629e-01,-6.813687037119442458e-02,-3.131598025617747250e-01,1.237061021268021505e-01,1.221700296751842274e-01,3.481386484174545104e-01,1.807224889808191903e-01,1.018888259474553110e-01,3.156201771420042435e-01,-8.613444671709694078e-02,1.998187624084838687e-01,6.104186853157776704e-02,2.760718602133914890e-03,2.614410206253321017e-02,-1.387312208076158793e-01,1.729793637353083113e-01,3.417887354641402364e-01,3.706136879684660546e-01,8.362505314428900216e-02,1.681216054396450776e-01,9.190510209419776311e-02,1.000000000000000000e+00,5.716169323183659633e-03,1.067839321310135731e-01,2.804271993143356845e-01,3.913218871078087968e-01,4.032238155352648179e-01,1.474418012047602755e-01,1.837738119536264925e-01,-3.928888551763361908e-02,7.216862268518597912e-02,1.908328992103925925e-01,2.005221298309373817e-02,6.428960803065837393e-01
5.268310061784478027e-01,3.691812170578909758e-01,3.260513213897777707e-01,5.858987920321918619e-01,3.853244081257573561e-01,2.252894239135699861e-01,5.094032213296373346e-01,-2.767784426377932205e-01,4.601045842889688875e-01,5.577703172801771192e-01,1.945161588628451788e-01,-1.582128482009799719e-01,3.857783972016182727e-01,6.805099172541847485e-01,6.009194443448024892e-01,3.509391356129648587e-01,5.593119711239937786e-01,6.189465157557194619e-01,5.689374123940098976e-02,7.317885872852715190e-01,1.040536979974249626e-01,-1.299974222941198063e-02,2.112417521223672046e-01,2.716235357422611685e-01,6.888296384003442796e-01,7.869131333855480248e-01,5.716169323183659633e-03,1.000000000000000000e+00,6.947017286855277085e-01,3.328341837278965820e-01,-5.413826193922952751e-02,3.867699245822086018e-01,7.348647647706152419e-01,2.739648298865227094e-01,6.922122598128360726e-01,1.882125594038969174e-01,4.395751148561049537e-01,6.559223049449219856e-01,1.013778247627133561e-01
7.509964583645780678e-01,6.444970558954057349e-01,5.076000991868550027e-01,6.417490082391082984e-01,5.579700276912511470e-01,6.566649842728432274e-02,3.538984775110931014e-01,-4.528503381874475209e-01,7.120894662286436638e-01,5.867197145259553936e-01,8.011260506715714436e-02,1.270339412801991807e-01,5.729718861200114866e-01,7.110352973483972105e-01,5.986365203738159835e-01,3.195415745527534490e-01,2.964390468365520892e-01,5.320537225063456388e-01,1.135003878543647815e-01,6.339959864136791579e-01,2.351882447227838790e-01,2.464846766410672130e-01,3.506001214032497537e-01,5.494238565910171124e-01,6.292497490615699407e-01,8.091518663740133732e-01,1.067839321310135731e-01,6.947017286855277085e-01,1.000000000000000000e+00,6.273234047944226122e-01,5.690167611222402000e-02,7.158128560926221295e-01,6.531900679496458473e-01,5.673421120370452098e-01,6.279158452449760119e-01,3.462105813480143013e-01,4.756938684864112088e-01,7.167858010064105390e-01,3.063919242151528222e-01
7.388333945567246985e-01,6.880180858254810738e-01,7.098283629111656889e-01,3.639579053312883561e-01,6.704075418809052334e-01,-8.390835662917390386e-03,1.884610605368767788e-01,-6.817431145622752098e-01,7.746671574878595257e-01,6.288244265389226761e-01,-4.632588384820000502e-03,2.940898471762078414e-01,3.170419061788422033e-01,5.823470510077755069e-01,2.083696308670370256e-01,5.000536989060194726e-01,2.686259602707945573e-02,3.167604481956167728e-01,2.550811007748121084e-01,2.798153708145730278e-01,5.266275554927879465e-01,5.176538299603269389e-01,4.794548385794972778e-01,5.292021102040168623e-01,5.064326062107857851e-01,5.371154473536169371e-01,2.804271993143356845e-01,3.328341837278965820e-01,6.273234047944226122e-01,1.000000000000000000e+00,3.997625598921998868e-01,7.282838846580328429e-01,3.268193719542403786e-01,6.705300216743184105e-01,2.758539420998588620e-01,3.585680515047482420e-01,3.100399579141241424e-01,4.749975748920380880e-01,4.585621541265786916e-01
8.607044185747497744e-02,1.777709677230060806e-02,5.517990022209298129e-01,-2.004131883649519219e-01,4.256116610022865898e-01,1.943668380123407535e-02,-1.424709405057319189e-01,-5.291560323003157151e-01,2.856178415419470262e-01,3.221945673103460694e-01,6.157908720888338738e-02,2.525741840859601073e-01,1.491087633682191549e-01,2.324242324934139570e-01,-3.393637906585710851e-01,4.722159814205945105e-01,-7.836471005454143102e-02,7.387453163139745538e-02,2.734925063802889356e-01,-2.951141647255366429e-01,6.387234141855758773e-01,5.566471677283196806e-01,4.938679718325091339e-01,2.565458632416443563e-01,2.425415887358994826e-01,-2.230773329999717267e-02,3.913218871078087968e-01,-5.413826193922952751e-02,5.690167611222402000e-02,3.997625598921998868e-01,1.000000000000000000e+00,2.880192924808762656e-01,4.213849762470754656e-02,4.244562550374026411e-01,-1.339516203588868304e-01,-2.836244850825406782e-01,1.367752469907637485e-02,-7.105506711333878234e-02,2.822602606055106822e-01
6.880090950974786512e-01,6.466456513771190462e-01,6.401922651548356269e-01,4.232258971709371709e-01,6.547895935961294267e-01,8.509141871016508152e-02,2.077399167372890321e-01,-6.160127719794182832e-01,7.230629062988931377e-01,5.358649622082229946e-01,1.287755307276278460e-01,3.429447037415738753e-01,5.446199632945771807e-01,7.055488627546482316e-01,3.890373290038052212e-01,3.567096846559811296e-01,1.328467804834339572e-01,4.112442075787376972e-01,1.811910214267564156e-01,3.467872728473025967e-01,3.678269862907982413e-01,5.007370801566789487e-01,4.741395585487869213e-01,5.089008315183382036e-01,5.084819176613176728e-01,5.901162739724313822e-01,4.032238155352648179e-01,3.867699245822086018e-01,7.158128560926221295e-01,7.282838846580328429e-01,2.880192924808762656e-01,1.000000000000000000e+00,4.679261472553888357e-01,6.323693701604287121e-01,4.321886264405202516e-01,3.841265114235009603e-01,4.720471368360579789e-01,4.730669576707067780e-01,5.615623631283301886e-01
4.799898164823302449e-01,3.979172663897321272e-01,2.885034459834303067e-01,3.401911871703539036e-01,3.187095658376876695e-01,5.380857066408986089e-01,3.825173819528231434e-01,-2.322946937757670027e-01,3.215826949136266211e-01,5.020948195071072151e-01,5.212585442388562029e-01,-1.427685718579786434e-01,5.129234691621944453e-01,7.627941404689821958e-01,4.315889407176698445e-01,2.777738858154674695e-01,6.571530347609906286e-01,3.643737007301942610e-01,-1.412182442772026980e-01,5.695876341146596245e-01,-3.229195713980437948e-02,2.505229681694783883e-01,4.415212821034731339e-01,2.789487388626247233e-01,6.917502452755542874e-01,6.114181653686089346e-01,1.474418012047602755e-01,7.348647647706152419e-01,6.531900679496458473e-01,3.268193719542403786e-01,4.213849762470754656e-02,4.679261472553888357e-01,1.000000000000000000e+00,1.596118453951980709e-01,7.893769354559455609e-01,2.260364681625778027e-01,7.486869333907002488e-01,4.317363287680854866e-01,1.333276067451476810e-01
5.690710804768703834e-01,4.986876181478034353e-01,7.465863212214716160e-01,4.372459719278927182e-01,7.673736372883029899e-01,-3.833639530173624244e-01,1.625496270794676845e-01,-7.087832544261092327e-01,8.004479579265524336e-01,5.142501493758838693e-01,-3.668113006222107342e-01,4.614420549170715202e-01,3.786397760920630629e-01,4.496011859995645565e-01,2.636769711277008321e-01,4.451944621993100815e-01,-2.775778327026569015e-01,4.261893754720157967e-01,4.809491422062820987e-01,2.114749758328250961e-01,6.612598217602657646e-01,3.917075433504105253e-01,3.616259679547551564e-01,6.463574226241025622e-01,4.189067308306854698e-01,5.182257058170574027e-01,1.837738119536264925e-01,2.739648298865227094e-01,5.673421120370452098e-01,6.705300216743184105e-01,4.244562550374026411e-01,6.323693701604287121e-01,1.596118453951980709e-01,1.000000000000000000e+00,7.836755656119671898e-02,4.227305512339132182e-02,5.953880503841482014e-02,5.510972833612191035e-01,4.916513179987169746e-01
5.153933521212882285e-01,3.930230318956219882e-01,1.634834231014736516e-01,4.688415083648256321e-01,1.974861326275936246e-01,4.242077710290688697e-01,3.161738548537922355e-01,-1.148647976391732606e-01,3.465849186104802970e-01,4.374324025208793931e-01,4.019499197431475324e-01,-1.803219557935663853e-01,4.779418557308298121e-01,6.698675360619176233e-01,4.714629220612113203e-01,1.226708327543680616e-01,6.254293636876390172e-01,3.533959601015869700e-01,-2.886194239695865082e-01,6.444005144837469112e-01,-1.159686597016868215e-01,1.450962389479325543e-01,2.644817918166549320e-01,2.135517653853374331e-01,6.068605831572752018e-01,6.012492735161734103e-01,-3.928888551763361908e-02,6.922122598128360726e-01,6.279158452449760119e-01,2.758539420998588620e-01,-1.339516203588868304e-01,4.321886264405202516e-01,7.893769354559455609e-01,7.836755656119671898e-02,1.000000000000000000e+00,3.034805086884682646e-01,6.691140705514911913e-01,4.404418167651739102e-01,2.089308279255974385e-02
5.449819482210518373e-01,5.826810368252187677e-01,4.666239810248457021e-02,3.504000057335288631e-01,1.319841692393675381e-01,1.619458334586278137e-01,2.659818836998324998e-01,-3.174300231064687561e-02,2.741033405971499692e-01,2.765448668520648634e-01,1.323467715803103850e-01,1.158809054856914933e-01,9.137927162043130158e-02,2.854328905109479453e-01,3.630948351900639137e-01,-6.687594579023987962e-02,9.775918605181546650e-02,1.142282148547560799e-01,-2.328139663661331002e-02,3.149462216059766839e-01,-1.899256945109451256e-01,-3.654588564411640622e-02,-8.444402512422384197e-03,2.088368918894824636e-02,1.904019840497910288e-01,3.093893499105400680e-01,7.216862268518597912e-02,1.882125594038969174e-01,3.462105813480143013e-01,3.585680515047482420e-01,-2.836244850825406782e-01,3.841265114235009603e-01,2.260364681625778027e-01,4.227305512339132182e-02,3.034805086884682646e-01,1.000000000000000000e+00,2.241918784954449462e-01,3.040487105523556610e-01,1.985368673200233747e-01
3.911527540022921579e-01,3.491892457217400936e-01,2.378553412774579989e-01,1.310206527832553924e-01,2.315398408323054158e-01,5.871384481265820021e-01,2.632058265090854166e-01,-2.167749643607398413e-01,2.270709393596631320e-01,2.761350088379936341e-01,5.517796797176369727e-01,-1.131524678540296175e-01,3.813457479690938734e-01,6.673546591475865153e-01,2.166606999335096151e-01,2.354470482087917815e-01,6.204861424983305618e-01,1.199170481825693468e-01,-3.129640158566124319e-01,3.917275758675589636e-01,-5.418413438323319703e-02,3.414265866374767699e-01,4.824113174420354699e-01,1.627621447184624537e-01,4.451393369466199457e-01,3.804858471167066325e-01,1.908328992103925925e-01,4.395751148561049537e-01,4.756938684864112088e-01,3.100399579141241424e-01,1.367752469907637485e-02,4.720471368360579789e-01,7.486869333907002488e-01,5.953880503841482014e-02,6.691140705514911913e-01,2.241918784954449462e-01,1.000000000000000000e+00,1.770945376247530512e-01,8.792760110823776010e-02
6.685404811095485567e-01,5.947361602004028747e-01,4.019004338756239081e-01,6.864945428638569158e-01,4.914142095647617281e-01,-1.682251572767148873e-01,3.858573914640268665e-01,-3.512273814295714391e-01,6.718665769545723032e-01,5.703107022901340306e-01,-1.604744152937549462e-01,1.894386899935045221e-01,3.321993952729743182e-01,5.078719201312947851e-01,6.870622021297753124e-01,3.484236932562138067e-01,1.405210616136803314e-01,5.879176669457548687e-01,2.379471878263514084e-01,6.532918774349778523e-01,2.161586192833497844e-01,-2.536123511438731146e-02,1.253993483944674525e-01,4.087259706330526599e-01,5.614531966148800235e-01,7.630628486041619585e-01,2.005221298309373817e-02,6.559223049449219856e-01,7.167858010064105390e-01,4.749975748920380880e-01,-7.105506711333878234e-02,4.730669576707067780e-01,4.317363287680854866e-01,5.510972833612191035e-01,4.404418167651739102e-01,3.040487105523556610e-01,1.770945376247530512e-01,1.000000000000000000e+00,4.079104055139027296e-01
3.331602238102251978e-01,3.722764612912574100e-01,4.474877150497219014e-01,1.493596894870394820e-01,5.061353765323086673e-01,1.086871632211836199e-02,5.766756686650529456e-02,-4.530508754097771762e-01,4.638727138457228172e-01,3.893508206898744217e-01,7.515531988840229438e-02,4.609613631607507034e-01,2.465586589841080867e-01,3.474844914988350908e-01,2.311253738697459092e-01,3.601572715465856112e-01,-1.276318363966593983e-01,3.270146232835537958e-01,3.010952677744092587e-01,5.701758290964398235e-02,2.601052326804984549e-01,3.184078556326440101e-01,3.304981433228119103e-01,2.424585369193975881e-01,3.610442324830034910e-01,3.082777644687024754e-01,6.428960803065837393e-01,1.013778247627133561e-01,3.063919242151528222e-01,4.585621541265786916e-01,2.822602606055106822e-01,5.615623631283301886e-01,1.333276067451476810e-01,4.916513179987169746e-01,2.089308279255974385e-02,1.985368673200233747e-01,8.792760110823776010e-02,4.079104055139027296e-01,1.000000000000000000e+00
