1.000000000000000000e+00,5.145441817609466284e-01,5.328872867309263350e-01,-5.408026262532006356e-01,6.561336861746411842e-01,2.268124964508567640e-02,7.572156277484361209e-02,-5.104632292316567677e-01,6.876389184958483503e-01,8.113117422211715279e-01,3.876723274531353458e-01,1.267220158536916663e-01,-4.280078839524965040e-01,7.155970472778893088e-01,5.164864729322814485e-01,8.158026752248170865e-01,4.740052528948169308e-01,5.202189546934935516e-01,2.978700783187613887e-01,1.094074279103175729e-01,6.154015943689153945e-01,3.668854779235985464e-01,6.037164234634161408e-01,6.445419220230462765e-01,7.969113114059214187e-01,7.855348463433207140e-01,4.363914829422850805e-01,7.473630373137885030e-01,7.788106554411832194e-01,7.877922562522614580e-01,3.124178813336232485e-01,1.258331348802789636e-02,4.827604618521822988e-01,4.943222971808027832e-01,6.299603121506620607e-01,5.141465347738846114e-01,5.665023829260097399e-01,6.321447076183647207e-01,3.035920368116297730e-01
5.145441817609466284e-01,1.000000000000000000e+00,3.987419403781393701e-01,-4.243702348585723927e-01,4.723203844468664148e-01,3.729819586048473412e-01,4.867883812271506933e-02,-3.690599950180478150e-01,3.319870550343083093e-01,5.634554356590026902e-01,4.274760206399353391e-01,5.243902728137172370e-02,-4.379370628727141668e-01,4.955101268682824966e-01,-2.229910336563612760e-01,6.007667996466313776e-01,5.564124976213735696e-01,-8.441130297290905249e-02,-2.273276057163549080e-01,-1.937359244886332349e-02,3.035103534214472765e-01,3.143838526219664420e-01,6.273929147622404612e-01,4.363781921094607164e-01,4.220975558416756868e-01,1.248085920748456534e-01,4.563502749956537818e-01,2.355568570517662108e-01,3.018479712148454674e-01,4.583842093686045782e-01,5.516487453472661562e-01,5.715124196929070033e-01,4.653586506990944338e-01,2.700285360074382024e-01,3.645353886758450623e-01,4.641436584272882748e-01,6.638861534779915141e-01,-1.438772752254532765e-02,3.101233717912633137e-01
5.328872867309263350e-01,3.987419403781393701e-01,1.000000000000000000e+00,-6.025935490568204989e-01,8.198005703491618723e-01,1.985466190660673813e-01,-8.564552667837034561e-02,-9.467314245124196503e-01,6.728728391168306011e-01,6.915688973350093693e-01,4.966424743352070847e-01,4.962464727101165152e-01,-6.380946017905716472e-01,7.228539150706591032e-01,3.517627094003677457e-01,6.632414171879578157e-01,5.233100169794212553e-01,2.334125733926448454e-01,1.516158717301781256e-01,-1.369778913976999191e-01,8.178672051007939148e-01,7.365030455580284796e-01,6.816324684374326370e-01,7.137203376978196179e-01,6.591941174609217136e-01,5.335153865035887621e-01,6.363975161928046020e-01,7.593009728884511089e-01,4.893059421258700858e-01,5.426486393535316921e-01,7.146467644303671207e-01,2.609050414828131270e-01,7.544521767591847450e-01,8.048273444255941156e-01,6.251165435640755330e-01,4.676172737100378618e-01,5.885759365995621994e-01,4.355993439789372368e-01,6.041066672062695986e-01
-5.408026262532006356e-01,-4.243702348585723927e-01,-6.025935490568204989e-01,1.000000000000000000e+00,-6.144570175220326336e-01,-1.660882799347708494e-01,2.272562327291275663e-01,6.095024077351319791e-01,-5.286101713926456558e-01,-5.787975816331120127e-01,-4.019253757503700175e-01,-2.693025813780743905e-01,5.224617076909555680e-01,-5.024732100721419625e-01,-3.144157571604070944e-01,-6.040903862312757555e-01,-4.559487782949050994e-01,-1.267023439386008032e-01,-8.916082297531885414e-02,1.844754014969506584e-01,-4.891139496592263880e-01,-3.857691731289747405e-01,-5.738902752950704178e-01,-4.935261629095123448e-01,-5.329360361011503677e-01,-4.627429363477453816e-01,-5.419184372630764246e-01,-5.471114438691740967e-01,-4.853931567162099170e-01,-4.504710436321383016e-01,-4.087029651582868572e-01,-2.382037518277028976e-01,-5.512796475481959169e-01,-5.560983397161800568e-01,-4.950420455296531963e-01,-3.879987879741917389e-01,-5.394713318993287210e-01,-4.584134873242529662e-01,-3.799010722625369429e-01
6.561336861746411842e-01,4.723203844468664148e-01,8.198005703491618723e-01,-6.144570175220326336e-01,1.000000000000000000e+00,1.093977015221611199e-01,-8.441679409161241543e-02,-8.081489702378948925e-01,7.202991794684689975e-01,7.458449377252629464e-01,4.556632242274372691e-01,3.983460013668357891e-01,-5.969377669544677634e-01,7.630762065297669317e-01,3.704885026458293873e-01,7.510431812219801051e-01,5.848445916594343652e-01,3.255127996839581317e-01,2.139091454812531712e-01,-4.958439191469569268e-02,6.735549879430307030e-01,6.492996344729732305e-01,6.615836120891043226e-01,6.854995292900079029e-01,6.893915612164611684e-01,5.836435289005382776e-01,6.048157398516508243e-01,7.261207649596851388e-01,5.276098355084581915e-01,6.473254094613635212e-01,5.359009811871210394e-01,2.564402306129406339e-01,6.342578160646353824e-01,7.491411432759309541e-01,5.813329009417885773e-01,4.868740868703441138e-01,6.011986031192669833e-01,5.264311950121057793e-01,6.036735355177342832e-01
2.268124964508567640e-02,3.729819586048473412e-01,1.985466190660673813e-01,-1.660882799347708494e-01,1.093977015221611199e-01,1.000000000000000000e+00,4.602256829201618188e-02,-1.513289068666958392e-01,-2.327201014162165738e-01,1.333910147594980222e-01,7.016786399358619919e-01,1.554457494305695395e-02,-1.893748314853285764e-01,3.247190192936329489e-01,-3.175522868419733968e-01,1.677475800033244313e-01,4.394974161775718202e-01,-1.620941528276439447e-01,-3.587066753016768250e-01,-1.589050875948036859e-02,2.685307067281615390e-01,1.151904108823334494e-01,5.194925519017385973e-01,1.047678511964982018e-01,1.691865205520545201e-01,-9.873524162933859649e-02,5.729735345438078387e-01,6.536651958703099119e-02,3.113907059215529904e-01,-1.279969287861841554e-01,6.291579767856456673e-01,6.459356041913908442e-01,5.823732306603688347e-01,4.008341067952551906e-02,4.399056632737225470e-01,5.523312910707774970e-01,6.704868160166125302e-01,-3.149408791546668418e-01,4.097846936828714037e-03
7.572156277484361209e-02,4.867883812271506933e-02,-8.564552667837034561e-02,2.272562327291275663e-01,-8.441679409161241543e-02,4.602256829201618188e-02,1.000000000000000000e+00,1.140442804881540012e-01,-1.694262780504546539e-01,1.535111983705207683e-02,2.018306400185967686e-01,-3.333304271716525657e-01,1.692711454985160180e-01,3.298694903757597163e-02,-1.310358548696365436e-03,-3.055963793880561372e-02,-9.165088885838711119e-02,1.769414259964919023e-01,-2.584598692657034263e-02,2.885124476557298645e-01,5.939288016224469197e-02,-9.551657752254739953e-02,4.045227181433078828e-03,-4.157684891065882571e-02,9.251294107589019822e-02,5.821583779651431229e-02,-8.906837613184820368e-02,7.009327308916202259e-02,1.553840917192359783e-01,-1.188791287797890533e-01,-2.329818906058840969e-02,-1.051227340057511034e-01,3.672141315237514858e-02,-1.642566687962016825e-01,1.110491485760862693e-02,-3.333067069678376237e-03,-1.360260572873977537e-02,-3.421264585998956553e-02,-5.772824125619092223e-02
-5.104632292316567677e-01,-3.690599950180478150e-01,-9.467314245124196503e-01,6.095024077351319791e-01,-8.081489702378948925e-01,-1.513289068666958392e-01,1.140442804881540012e-01,1.000000000000000000e+00,-6.886649397638596737e-01,-6.725408681507546449e-01,-4.423502627979410962e-01,-5.027909950276162609e-01,6.374779549960338798e-01,-6.957407011892312587e-01,-3.642815999524184889e-01,-6.459325640623806430e-01,-5.067068921949753335e-01,-2.060019802933523991e-01,-1.408114680747090952e-01,1.816869291113656637e-01,-8.051052591022588301e-01,-7.396743572217454599e-01,-6.502327104107383793e-01,-7.113150966732653124e-01,-6.384394952856898842e-01,-5.268446380935478679e-01,-5.963140861156708272e-01,-7.462653586721184062e-01,-4.517704804837162080e-01,-5.385077082746906330e-01,-6.805727673091294117e-01,-2.309968574061307678e-01,-7.241490018510425841e-01,-8.305187568736946968e-01,-6.004376181897347342e-01,-4.316278026787457867e-01,-5.459478801418574667e-01,-4.501688579090883935e-01,-6.027594553989807924e-01
6.876389184958483503e-01,3.319870550343083093e-01,6.728728391168306011e-01,-5.286101713926456558e-01,7.202991794684689975e-01,-2.327201014162165738e-01,-1.694262780504546539e-01,-6.886649397638596737e-01,1.000000000000000000e+00,7.195168415001635953e-01,1.330523373345455507e-01,3.554152825824795636e-01,-4.779522714735216504e-01,6.273659008358428713e-01,5.555585673697543969e-01,7.222213163531759905e-01,3.826348708369738949e-01,4.573585661679795966e-01,4.549984410453877248e-01,-1.116037320574663483e-01,5.275745030891167975e-01,5.372755875427756012e-01,5.037170302581174264e-01,6.591695395756023146e-01,6.598831687346581321e-01,6.942788626740026281e-01,3.178221470427682327e-01,6.914399031078716229e-01,4.554469497254949872e-01,8.274510254457919656e-01,2.698500985280450903e-01,-7.023629410181025934e-02,4.004373325338629885e-01,6.743554058946060747e-01,4.110027279964513780e-01,2.764164166524278321e-01,3.286211583794197422e-01,7.174843553035126220e-01,5.212224706150869746e-01
8.113117422211715279e-01,5.634554356590026902e-01,6.915688973350093693e-01,-5.787975816331120127e-01,7.458449377252629464e-01,1.333910147594980222e-01,1.535111983705207683e-02,-6.725408681507546449e-01,7.195168415001635953e-01,1.000000000000000000e+00,4.968124977103669515e-01,2.177392803773101071e-01,-4.932222890721155717e-01,8.098163632782706678e-01,4.194472822143627821e-01,9.013696390602569108e-01,5.117768066350137923e-01,4.555589854286008489e-01,3.081847854727405300e-01,4.224475235674755164e-02,6.888119031751183119e-01,4.452758732561865052e-01,7.333968368032096619e-01,7.341754041618383519e-01,8.366206465380090496e-01,6.874891481486342659e-01,5.445122515626258375e-01,7.761693821465071030e-01,7.265792642903651233e-01,7.943017509242824570e-01,4.917033924225172048e-01,1.156650160238409386e-01,6.029465891104035524e-01,5.717498195802892536e-01,6.521594974609193907e-01,5.756166722244714373e-01,6.569908442807346205e-01,5.404217926091759994e-01,4.928872673123357862e-01
3.876723274531353458e-01,4.274760206399353391e-01,4.966424743352070847e-01,-4.019253757503700175e-01,4.556632242274372691e-01,7.016786399358619919e-01,2.018306400185967686e-01,-4.423502627979410962e-01,1.330523373345455507e-01,4.968124977103669515e-01,1.000000000000000000e+00,8.194652507531845209e-02,-3.269956422459366907e-01,6.124873502435583816e-01,7.576463519237111588e-02,4.874733107428987910e-01,5.176507378555861294e-01,1.994469316126804836e-01,-2.728767748010719335e-02,1.520666743655477160e-01,5.533201281745047106e-01,3.236163071374468791e-01,6.650210680506027927e-01,4.083951826779004257e-01,5.417123098696023931e-01,3.163432763869992725e-01,6.741996714769913357e-01,5.071601353512908972e-01,6.401270202538683618e-01,1.649007292378261158e-01,6.691465097610596047e-01,4.335709635574368503e-01,7.624079741379424791e-01,3.107378033590559863e-01,6.437361408289508091e-01,6.057663307053783308e-01,7.410036209942483243e-01,9.330949021602992499e-02,2.935307163825178756e-01
1.267220158536916663e-01,5.243902728137172370e-02,4.962464727101165152e-01,-2.693025813780743905e-01,3.983460013668357891e-01,1.554457494305695395e-02,-3.333304271716525657e-01,-5.027909950276162609e-01,3.554152825824795636e-01,2.177392803773101071e-01,8.194652507531845209e-02,1.000000000000000000e+00,-3.121023224420973463e-01,3.222887959928292800e-01,3.595575501976117638e-01,2.086206467501172668e-01,2.001158056346369618e-01,2.206657086175830007e-01,1.999345889746538818e-01,-4.651324124039240768e-03,3.823670325641234102e-01,6.527017809238687684e-01,2.292431519467367229e-01,3.225133923950897485e-01,1.492110056353721792e-01,2.336626719803722163e-01,4.392673982384659448e-01,3.404213469261321845e-01,1.138391818321923404e-01,2.279773056487253702e-01,4.263066826609315796e-01,2.052969471795789147e-01,3.875824310461037925e-01,4.889473413439867078e-01,2.488279041857854867e-01,2.979070004480080525e-01,2.472651669781448514e-01,2.827939252613744237e-01,3.750734318406658829e-01
-4.280078839524965040e-01,-4.379370628727141668e-01,-6.380946017905716472e-01,5.224617076909555680e-01,-5.969377669544677634e-01,-1.893748314853285764e-01,1.692711454985160180e-01,6.374779549960338798e-01,-4.779522714735216504e-01,-4.932222890721155717e-01,-3.269956422459366907e-01,-3.121023224420973463e-01,1.000000000000000000e+00,-4.053267606460804195e-01,-5.946824738480727124e-02,-5.118296323869250264e-01,-5.282811323186171748e-01,4.167413048469940928e-02,1.615446786554139424e-02,1.571269416138410258e-01,-4.921663454265124416e-01,-5.440719162775624618e-01,-4.488948734938351670e-01,-4.829552353653048247e-01,-3.365566621872762010e-01,-3.441624055666863136e-01,-5.372630648649254770e-01,-4.731834559957663333e-01,-3.121656263167432721e-01,-4.074834306740658385e-01,-5.799797051394254277e-01,-3.898354343654932275e-01,-5.344924944384603638e-01,-5.717299406121189032e-01,-4.834449986652507580e-01,-3.237327108375247509e-01,-5.518056485282886170e-01,-2.438618631886320109e-01,-3.993262965499415618e-01
7.155970472778893088e-01,4.955101268682824966e-01,7.228539150706591032e-01,-5.024732100721419625e-01,7.630762065297669317e-01,3.247190192936329489e-01,3.298694903757597163e-02,-6.957407011892312587e-01,6.273659008358428713e-01,8.098163632782706678e-01,6.124873502435583816e-01,3.222887959928292800e-01,-4.053267606460804195e-01,1.000000000000000000e+00,4.396276740488782031e-01,7.900337407632171960e-01,5.827387268524208963e-01,4.688044551159410989e-01,1.679644959013307792e-01,4.874653382668311247e-02,7.377735868651073003e-01,5.551756602916255723e-01,7.729858207517708024e-01,7.626491336950109723e-01,8.196125410721017968e-01,6.586568944822340788e-01,6.102584261332536508e-01,7.794166921332262854e-01,7.441495145155754276e-01,6.623763691228722328e-01,5.957092996376481819e-01,1.856623949258705553e-01,7.516038797714970077e-01,6.545815021247782806e-01,7.319161240568826665e-01,6.906736986499860675e-01,7.147516887084027770e-01,4.542171507411057463e-01,4.158895761070752206e-01
5.164864729322814485e-01,-2.229910336563612760e-01,3.517627094003677457e-01,-3.144157571604070944e-01,3.704885026458293873e-01,-3.175522868419733968e-01,-1.310358548696365436e-03,-3.642815999524184889e-01,5.555585673697543969e-01,4.194472822143627821e-01,7.576463519237111588e-02,3.595575501976117638e-01,-5.946824738480727124e-02,4.396276740488782031e-01,1.000000000000000000e+00,3.500407586904654700e-01,-2.971577697810407967e-02,7.440979484315941583e-01,5.439423532377378745e-01,2.058639936207818932e-01,4.657662646261512274e-01,3.066720442953876913e-01,1.148833772012907151e-01,3.487714913204456590e-01,5.138660578757977548e-01,7.865618554339594004e-01,7.569272683007698121e-02,6.925316728442453273e-01,5.566549312886909240e-01,4.478223032746607157e-01,-5.104780770867705514e-02,-5.365335501461291345e-01,2.390568174296567872e-01,4.486763764122434495e-01,3.445030751601123042e-01,1.881720117797867353e-01,2.195439510955219872e-02,7.492609953236273324e-01,1.135455687732914443e-01
8.158026752248170865e-01,6.007667996466313776e-01,6.632414171879578157e-01,-6.040903862312757555e-01,7.510431812219801051e-01,1.677475800033244313e-01,-3.055963793880561372e-02,-6.459325640623806430e-01,7.222213163531759905e-01,9.013696390602569108e-01,4.874733107428987910e-01,2.086206467501172668e-01,-5.118296323869250264e-01,7.900337407632171960e-01,3.500407586904654700e-01,1.000000000000000000e+00,5.470520993388795494e-01,3.592153350526219868e-01,2.623325597210606208e-01,2.022376243919833672e-02,6.190392207776728162e-01,4.297330656246465264e-01,7.588273831048152340e-01,7.199291233579826477e-01,8.067640629302521571e-01,6.235182475516988232e-01,5.803971392677215180e-01,7.136915950467980219e-01,6.861289223700576256e-01,7.943445332985975549e-01,4.696538111432980167e-01,2.154191833082889085e-01,6.059752882626407988e-01,5.707726218516825378e-01,6.473673390892447088e-01,6.194420923534531553e-01,6.841177790505625911e-01,5.137248223562259630e-01,4.901557548440568235e-01
4.740052528948169308e-01,5.564124976213735696e-01,5.233100169794212553e-01,-4.559487782949050994e-01,5.848445916594343652e-01,4.394974161775718202e-01,-9.165088885838711119e-02,-5.067068921949753335e-01,3.826348708369738949e-01,5.117768066350137923e-01,5.176507378555861294e-01,2.001158056346369618e-01,-5.282811323186171748e-01,5.827387268524208963e-01,-2.971577697810407967e-02,5.470520993388795494e-01,1.000000000000000000e+00,9.772939952035887209e-03,-1.148203257718767578e-01,-1.102263523715267673e-01,4.712374536380452561e-01,5.193744520337829629e-01,6.632685955990730298e-01,6.002468503089897212e-01,4.280003213137203444e-01,3.143348506369019191e-01,5.990848200923183375e-01,4.206356746897424448e-01,4.356436305377852647e-01,4.185514020161400506e-01,6.088045202131513456e-01,6.071357254438575213e-01,5.767218757797470952e-01,4.854219813668227967e-01,5.924268310998630493e-01,5.085959847006265022e-01,7.423466527071828081e-01,2.533683959149112264e-01,3.883337325215810432e-01
5.202189546934935516e-01,-8.441130297290905249e-02,2.334125733926448454e-01,-1.267023439386008032e-01,3.255127996839581317e-01,-1.620941528276439447e-01,1.769414259964919023e-01,-2.060019802933523991e-01,4.573585661679795966e-01,4.555589854286008489e-01,1.994469316126804836e-01,2.206657086175830007e-01,4.167413048469940928e-02,4.688044551159410989e-01,7.440979484315941583e-01,3.592153350526219868e-01,9.772939952035887209e-03,1.000000000000000000e+00,6.151262356857098990e-01,3.062729008176075518e-01,3.688044375514450968e-01,1.694080890526672989e-01,1.969042852973578450e-01,3.152059758497329778e-01,5.093165652695640366e-01,7.317611740933372966e-01,1.037146194922366343e-01,6.007623049198700382e-01,6.167014577454047464e-01,4.633892372939342197e-01,-2.043445832282529337e-02,-4.289704812874062245e-01,2.186176503764432066e-01,1.486760352483624814e-01,3.241221623144448505e-01,2.499888348519996584e-01,1.084133366274005889e-01,6.319416862567532878e-01,7.664860524506529604e-02
2.978700783187613887e-01,-2.273276057163549080e-01,1.516158717301781256e-01,-8.916082297531885414e-02,2.139091454812531712e-01,-3.587066753016768250e-01,-2.584598692657034263e-02,-1.408114680747090952e-01,4.549984410453877248e-01,3.081847854727405300e-01,-2.728767748010719335e-02,1.999345889746538818e-01,1.615446786554139424e-02,1.679644959013307792e-01,5.439423532377378745e-01,2.623325597210606208e-01,-1.148203257718767578e-01,6.151262356857098990e-01,1.000000000000000000e+00,1.427339065124778594e-01,1.444299254416104017e-01,3.564467588195283781e-02,3.339695310491060110e-02,8.958143506653076793e-02,2.672790741290384520e-01,4.719886318864773278e-01,5.941275600517616912e-02,3.322823044141869353e-01,3.005772110477522574e-01,4.127973399894265816e-01,-1.357408864882675148e-01,-3.706196232497595000e-01,-2.072984376547764088e-02,2.342454419257530840e-02,3.579569136119313544e-02,4.716268834873882376e-02,-8.937446801105662642e-02,6.445143120780121304e-01,3.510591014608701599e-01
1.094074279103175729e-01,-1.937359244886332349e-02,-1.369778913976999191e-01,1.844754014969506584e-01,-4.958439191469569268e-02,-1.589050875948036859e-02,2.885124476557298645e-01,1.816869291113656637e-01,-1.116037320574663483e-01,4.224475235674755164e-02,1.520666743655477160e-01,-4.651324124039240768e-03,1.571269416138410258e-01,4.874653382668311247e-02,2.058639936207818932e-01,2.022376243919833672e-02,-1.102263523715267673e-01,3.062729008176075518e-01,1.427339065124778594e-01,1.000000000000000000e+00,-5.700599556843916754e-02,6.106972958607068082e-04,-1.052406935443820357e-01,-1.440070232058296151e-01,2.747858481027546859e-02,1.303208429070889240e-01,-6.099654275350038790e-02,1.134875688028536139e-01,2.064687067237875873e-01,-1.753666382910894564e-02,-1.150087530877727665e-01,-1.700796821150450944e-01,1.077863476933103339e-02,-1.461201286486760176e-01,2.769312467957034049e-02,6.557403348365280216e-02,5.424515181069924225e-03,2.609527935722426653e-02,-1.437458434895141357e-01
6.154015943689153945e-01,3.035103534214472765e-01,8.178672051007939148e-01,-4.891139496592263880e-01,6.735549879430307030e-01,2.685307067281615390e-01,5.939288016224469197e-02,-8.051052591022588301e-01,5.275745030891167975e-01,6.888119031751183119e-01,5.533201281745047106e-01,3.823670325641234102e-01,-4.921663454265124416e-01,7.377735868651073003e-01,4.657662646261512274e-01,6.190392207776728162e-01,4.712374536380452561e-01,3.688044375514450968e-01,1.444299254416104017e-01,-5.700599556843916754e-02,1.000000000000000000e+00,5.929948156685312943e-01,6.376558464605450727e-01,6.786900517056636550e-01,7.227659173003737614e-01,6.387030787025055334e-01,5.738492831830076524e-01,8.127057706293642214e-01,6.639582249712450146e-01,4.900277441515905053e-01,6.563649822368624598e-01,1.107750057508968683e-01,7.382147024313938655e-01,6.982985184706383963e-01,6.869160544723093009e-01,5.331504338088238759e-01,5.798992027459238807e-01,4.442740996111883556e-01,4.118984032244448201e-01
3.668854779235985464e-01,3.143838526219664420e-01,7.365030455580284796e-01,-3.857691731289747405e-01,6.492996344729732305e-01,1.151904108823334494e-01,-9.551657752254739953e-02,-7.396743572217454599e-01,5.372755875427756012e-01,4.452758732561865052e-01,3.236163071374468791e-01,6.527017809238687684e-01,-5.440719162775624618e-01,5.551756602916255723e-01,3.066720442953876913e-01,4.297330656246465264e-01,5.193744520337829629e-01,1.694080890526672989e-01,3.564467588195283781e-02,6.106972958607068082e-04,5.929948156685312943e-01,1.000000000000000000e+00,4.531900627965929629e-01,5.842756352078684046e-01,3.800349817329671254e-01,4.012449879120992269e-01,5.010362708431487233e-01,5.662047193006876089e-01,2.837418263598540658e-01,4.069382138317540476e-01,5.983425537013624673e-01,3.033844389012106957e-01,6.108302409893348051e-01,7.344814542305896365e-01,4.784318368925348230e-01,3.547857822042045917e-01,4.603659629488358052e-01,3.321942972969024743e-01,4.669270930317858670e-01
6.037164234634161408e-01,6.273929147622404612e-01,6.816324684374326370e-01,-5.738902752950704178e-01,6.615836120891043226e-01,5.194925519017385973e-01,4.045227181433078828e-03,-6.502327104107383793e-01,5.037170302581174264e-01,7.333968368032096619e-01,6.650210680506027927e-01,2.292431519467367229e-01,-4.488948734938351670e-01,7.729858207517708024e-01,1.148833772012907151e-01,7.588273831048152340e-01,6.632685955990730298e-01,1.969042852973578450e-01,3.339695310491060110e-02,-1.052406935443820357e-01,6.376558464605450727e-01,4.531900627965929629e-01,1.000000000000000000e+00,6.741846023875572858e-01,7.444982007708389471e-01,4.077014762670512216e-01,7.295158400587384850e-01,5.851164143458845723e-01,6.070959778341998847e-01,5.580933012839908169e-01,6.890917513980023834e-01,4.984887558165694288e-01,7.381498493595308741e-01,5.042314461040954265e-01,6.618447405425003094e-01,6.739499430376209022e-01,7.956046184125149523e-01,2.967007559262709870e-01,5.172235197196103362e-01
6.445419220230462765e-01,4.363781921094607164e-01,7.137203376978196179e-01,-4.935261629095123448e-01,6.854995292900079029e-01,1.047678511964982018e-01,-4.157684891065882571e-02,-7.113150966732653124e-01,6.591695395756023146e-01,7.341754041618383519e-01,4.083951826779004257e-01,3.225133923950897485e-01,-4.829552353653048247e-01,7.626491336950109723e-01,3.487714913204456590e-01,7.199291233579826477e-01,6.002468503089897212e-01,3.152059758497329778e-01,8.958143506653076793e-02,-1.440070232058296151e-01,6.786900517056636550e-01,5.842756352078684046e-01,6.741846023875572858e-01,1.000000000000000000e+00,6.935108432986900606e-01,5.954491980620852942e-01,4.841094034680927249e-01,7.163972879869673349e-01,5.672788986836392322e-01,6.299500397018932274e-01,5.080753107236630761e-01,1.701459913339848640e-01,6.313796428976249375e-01,6.980698300749336171e-01,6.544201498858729371e-01,4.732313772757800741e-01,5.957537099177440121e-01,4.534877222570551925e-01,4.897837314772598982e-01
7.969113114059214187e-01,4.220975558416756868e-01,6.591941174609217136e-01,-5.329360361011503677e-01,6.893915612164611684e-01,1.691865205520545201e-01,9.251294107589019822e-02,-6.384394952856898842e-01,6.598831687346581321e-01,8.366206465380090496e-01,5.417123098696023931e-01,1.492110056353721792e-01,-3.365566621872762010e-01,8.196125410721017968e-01,5.138660578757977548e-01,8.067640629302521571e-01,4.280003213137203444e-01,5.093165652695640366e-01,2.672790741290384520e-01,2.747858481027546859e-02,7.227659173003737614e-01,3.800349817329671254e-01,7.444982007708389471e-01,6.935108432986900606e-01,1.000000000000000000e+00,7.324655371548677296e-01,5.569414833737126314e-01,8.004570692955705891e-01,7.931400478997471248e-01,6.985365954343324413e-01,4.493085462097623495e-01,-7.448163000222904860e-03,6.345386352521036333e-01,5.857378293991954976e-01,7.053175889957342681e-01,6.173664933192551940e-01,6.058687333671085584e-01,5.607661416247321506e-01,4.422331277089931456e-01
7.855348463433207140e-01,1.248085920748456534e-01,5.335153865035887621e-01,-4.627429363477453816e-01,5.836435289005382776e-01,-9.873524162933859649e-02,5.821583779651431229e-02,-5.268446380935478679e-01,6.942788626740026281e-01,6.874891481486342659e-01,3.163432763869992725e-01,2.336626719803722163e-01,-3.441624055666863136e-01,6.586568944822340788e-01,7.865618554339594004e-01,6.235182475516988232e-01,3.143348506369019191e-01,7.317611740933372966e-01,4.719886318864773278e-01,1.303208429070889240e-01,6.387030787025055334e-01,4.012449879120992269e-01,4.077014762670512216e-01,5.954491980620852942e-01,7.324655371548677296e-01,1.000000000000000000e+00,3.185497851637995592e-01,8.570900256503874992e-01,8.016991290851211982e-01,6.518529237579264723e-01,2.323808038885038507e-01,-2.966865213037544469e-01,4.877610653306121979e-01,5.449928294052229782e-01,6.064293457208377314e-01,3.984993324178897622e-01,3.714636562442858447e-01,8.049530128391507722e-01,2.391367376024327307e-01
4.363914829422850805e-01,4.563502749956537818e-01,6.363975161928046020e-01,-5.419184372630764246e-01,6.048157398516508243e-01,5.729735345438078387e-01,-8.906837613184820368e-02,-5.963140861156708272e-01,3.178221470427682327e-01,5.445122515626258375e-01,6.741996714769913357e-01,4.392673982384659448e-01,-5.372630648649254770e-01,6.102584261332536508e-01,7.569272683007698121e-02,5.803971392677215180e-01,5.990848200923183375e-01,1.037146194922366343e-01,5.941275600517616912e-02,-6.099654275350038790e-02,5.738492831830076524e-01,5.010362708431487233e-01,7.295158400587384850e-01,4.841094034680927249e-01,5.569414833737126314e-01,3.185497851637995592e-01,1.000000000000000000e+00,4.792323660573837851e-01,5.488827775751109472e-01,3.219297385151445035e-01,7.677067920925352285e-01,5.825095943754465821e-01,7.633337701257328911e-01,4.873298937880451431e-01,6.924370881071836292e-01,7.174649189203113897e-01,8.077232390040802734e-01,2.315561196054513327e-01,5.667355827584261707e-01
7.473630373137885030e-01,2.355568570517662108e-01,7.593009728884511089e-01,-5.471114438691740967e-01,7.261207649596851388e-01,6.536651958703099119e-02,7.009327308916202259e-02,-7.462653586721184062e-01,6.914399031078716229e-01,7.761693821465071030e-01,5.071601353512908972e-01,3.404213469261321845e-01,-4.731834559957663333e-01,7.794166921332262854e-01,6.925316728442453273e-01,7.136915950467980219e-01,4.206356746897424448e-01,6.007623049198700382e-01,3.322823044141869353e-01,1.134875688028536139e-01,8.127057706293642214e-01,5.662047193006876089e-01,5.851164143458845723e-01,7.163972879869673349e-01,8.004570692955705891e-01,8.570900256503874992e-01,4.792323660573837851e-01,1.000000000000000000e+00,7.868244757606179807e-01,6.202683017622364625e-01,4.737717414319551068e-01,-1.122969757814062108e-01,6.812181979629894357e-01,7.097066215763211394e-01,6.977903357270799356e-01,5.011771551964747662e-01,5.130439745173961397e-01,6.743100179452236054e-01,3.854417629612074125e-01
7.788106554411832194e-01,3.018479712148454674e-01,4.893059421258700858e-01,-4.853931567162099170e-01,5.276098355084581915e-01,3.113907059215529904e-01,1.553840917192359783e-01,-4.517704804837162080e-01,4.554469497254949872e-01,7.265792642903651233e-01,6.401270202538683618e-01,1.138391818321923404e-01,-3.121656263167432721e-01,7.441495145155754276e-01,5.566549312886909240e-01,6.861289223700576256e-01,4.356436305377852647e-01,6.167014577454047464e-01,3.005772110477522574e-01,2.064687067237875873e-01,6.639582249712450146e-01,2.837418263598540658e-01,6.070959778341998847e-01,5.672788986836392322e-01,7.931400478997471248e-01,8.016991290851211982e-01,5.488827775751109472e-01,7.868244757606179807e-01,1.000000000000000000e+00,5.389265188878016311e-01,4.195005053371279602e-01,-2.882024896706312719e-02,6.598659477766820602e-01,4.052623946970040913e-01,7.650571178123710681e-01,6.324431232698161098e-01,6.449004070120240018e-01,5.759264952033141816e-01,2.043565482852220394e-01
7.877922562522614580e-01,4.583842093686045782e-01,5.426486393535316921e-01,-4.504710436321383016e-01,6.473254094613635212e-01,-1.279969287861841554e-01,-1.188791287797890533e-01,-5.385077082746906330e-01,8.274510254457919656e-01,7.943017509242824570e-01,1.649007292378261158e-01,2.279773056487253702e-01,-4.074834306740658385e-01,6.623763691228722328e-01,4.478223032746607157e-01,7.943445332985975549e-01,4.185514020161400506e-01,4.633892372939342197e-01,4.127973399894265816e-01,-1.753666382910894564e-02,4.900277441515905053e-01,4.069382138317540476e-01,5.580933012839908169e-01,6.299500397018932274e-01,6.985365954343324413e-01,6.518529237579264723e-01,3.219297385151445035e-01,6.202683017622364625e-01,5.389265188878016311e-01,1.000000000000000000e+00,2.417293723584762188e-01,3.596991486751791121e-03,3.403357569276390659e-01,4.846242645385026027e-01,4.594033573406429150e-01,4.030015045058730760e-01,4.185761158621050804e-01,5.923935405181911529e-01,3.847144946587546799e-01
3.124178813336232485e-01,5.516487453472661562e-01,7.146467644303671207e-01,-4.087029651582868572e-01,5.359009811871210394e-01,6.291579767856456673e-01,-2.329818906058840969e-02,-6.805727673091294117e-01,2.698500985280450903e-01,4.917033924225172048e-01,6.691465097610596047e-01,4.263066826609315796e-01,-5.799797051394254277e-01,5.957092996376481819e-01,-5.104780770867705514e-02,4.696538111432980167e-01,6.088045202131513456e-01,-2.043445832282529337e-02,-1.357408864882675148e-01,-1.150087530877727665e-01,6.563649822368624598e-01,5.983425537013624673e-01,6.890917513980023834e-01,5.080753107236630761e-01,4.493085462097623495e-01,2.323808038885038507e-01,7.677067920925352285e-01,4.737717414319551068e-01,4.195005053371279602e-01,2.417293723584762188e-01,1.000000000000000000e+00,6.078136519431086571e-01,8.118688270563825249e-01,5.250373036258029202e-01,6.342641841740769282e-01,5.985482226130603989e-01,7.614520731793966712e-01,4.739099924518111462e-02,4.523292067050044274e-01
1.258331348802789636e-02,5.715124196929070033e-01,2.609050414828131270e-01,-2.382037518277028976e-01,2.564402306129406339e-01,6.459356041913908442e-01,-1.051227340057511034e-01,-2.309968574061307678e-01,-7.023629410181025934e-02,1.156650160238409386e-01,4.335709635574368503e-01,2.052969471795789147e-01,-3.898354343654932275e-01,1.856623949258705553e-01,-5.365335501461291345e-01,2.154191833082889085e-01,6.071357254438575213e-01,-4.289704812874062245e-01,-3.706196232497595000e-01,-1.700796821150450944e-01,1.107750057508968683e-01,3.033844389012106957e-01,4.984887558165694288e-01,1.701459913339848640e-01,-7.448163000222904860e-03,-2.966865213037544469e-01,5.825095943754465821e-01,-1.122969757814062108e-01,-2.882024896706312719e-02,3.596991486751791121e-03,6.078136519431086571e-01,1.000000000000000000e+00,3.919771289894715682e-01,1.043215386151884749e-01,2.598706029603972123e-01,3.646118626217015879e-01,6.159243831961513926e-01,-3.005818730564041585e-01,2.873689436483834458e-01
4.827604618521822988e-01,4.653586506990944338e-01,7.544521767591847450e-01,-5.512796475481959169e-01,6.342578160646353824e-01,5.823732306603688347e-01,3.672141315237514858e-02,-7.241490018510425841e-01,4.004373325338629885e-01,6.029465891104035524e-01,7.624079741379424791e-01,3.875824310461037925e-01,-5.344924944384603638e-01,7.516038797714970077e-01,2.390568174296567872e-01,6.059752882626407988e-01,5.767218757797470952e-01,2.186176503764432066e-01,-2.072984376547764088e-02,1.077863476933103339e-02,7.382147024313938655e-01,6.108302409893348051e-01,7.381498493595308741e-01,6.313796428976249375e-01,6.345386352521036333e-01,4.877610653306121979e-01,7.633337701257328911e-01,6.812181979629894357e-01,6.598659477766820602e-01,3.403357569276390659e-01,8.118688270563825249e-01,3.919771289894715682e-01,1.000000000000000000e+00,6.481834460236467477e-01,7.656695007084586280e-01,7.051114953518197170e-01,7.882947832980924385e-01,2.777424521623116926e-01,4.109104626655899484e-01
4.943222971808027832e-01,2.700285360074382024e-01,8.048273444255941156e-01,-5.560983397161800568e-01,7.491411432759309541e-01,4.008341067952551906e-02,-1.642566687962016825e-01,-8.305187568736946968e-01,6.743554058946060747e-01,5.717498195802892536e-01,3.107378033590559863e-01,4.889473413439867078e-01,-5.717299406121189032e-01,6.545815021247782806e-01,4.486763764122434495e-01,5.707726218516825378e-01,4.854219813668227967e-01,1.486760352483624814e-01,2.342454419257530840e-02,-1.461201286486760176e-01,6.982985184706383963e-01,7.344814542305896365e-01,5.042314461040954265e-01,6.980698300749336171e-01,5.857378293991954976e-01,5.449928294052229782e-01,4.873298937880451431e-01,7.097066215763211394e-01,4.052623946970040913e-01,4.846242645385026027e-01,5.250373036258029202e-01,1.043215386151884749e-01,6.481834460236467477e-01,1.000000000000000000e+00,5.694927379844557658e-01,3.853491787436730820e-01,4.651290581760371690e-01,4.633582315851899613e-01,5.164885576487637797e-01
6.299603121506620607e-01,3.645353886758450623e-01,6.251165435640755330e-01,-4.950420455296531963e-01,5.813329009417885773e-01,4.399056632737225470e-01,1.110491485760862693e-02,-6.004376181897347342e-01,4.110027279964513780e-01,6.521594974609193907e-01,6.437361408289508091e-01,2.488279041857854867e-01,-4.834449986652507580e-01,7.319161240568826665e-01,3.445030751601123042e-01,6.473673390892447088e-01,5.924268310998630493e-01,3.241221623144448505e-01,3.579569136119313544e-02,2.769312467957034049e-02,6.869160544723093009e-01,4.784318368925348230e-01,6.618447405425003094e-01,6.544201498858729371e-01,7.053175889957342681e-01,6.064293457208377314e-01,6.924370881071836292e-01,6.977903357270799356e-01,7.650571178123710681e-01,4.594033573406429150e-01,6.342641841740769282e-01,2.598706029603972123e-01,7.656695007084586280e-01,5.694927379844557658e-01,1.000000000000000000e+00,6.769417432251774169e-01,7.608612189165507855e-01,3.740693952375314102e-01,2.972224999523590538e-01
5.141465347738846114e-01,4.641436584272882748e-01,4.676172737100378618e-01,-3.879987879741917389e-01,4.868740868703441138e-01,5.523312910707774970e-01,-3.333067069678376237e-03,-4.316278026787457867e-01,2.764164166524278321e-01,5.756166722244714373e-01,6.057663307053783308e-01,2.979070004480080525e-01,-3.237327108375247509e-01,6.906736986499860675e-01,1.881720117797867353e-01,6.194420923534531553e-01,5.085959847006265022e-01,2.499888348519996584e-01,4.716268834873882376e-02,6.557403348365280216e-02,5.331504338088238759e-01,3.547857822042045917e-01,6.739499430376209022e-01,4.732313772757800741e-01,6.173664933192551940e-01,3.984993324178897622e-01,7.174649189203113897e-01,5.011771551964747662e-01,6.324431232698161098e-01,4.030015045058730760e-01,5.985482226130603989e-01,3.646118626217015879e-01,7.051114953518197170e-01,3.853491787436730820e-01,6.769417432251774169e-01,1.000000000000000000e+00,7.522394510498213727e-01,2.132493841735600137e-01,2.753139031967227757e-01
5.665023829260097399e-01,6.638861534779915141e-01,5.885759365995621994e-01,-5.394713318993287210e-01,6.011986031192669833e-01,6.704868160166125302e-01,-1.360260572873977537e-02,-5.459478801418574667e-01,3.286211583794197422e-01,6.569908442807346205e-01,7.410036209942483243e-01,2.472651669781448514e-01,-5.518056485282886170e-01,7.147516887084027770e-01,2.195439510955219872e-02,6.841177790505625911e-01,7.423466527071828081e-01,1.084133366274005889e-01,-8.937446801105662642e-02,5.424515181069924225e-03,5.798992027459238807e-01,4.603659629488358052e-01,7.956046184125149523e-01,5.957537099177440121e-01,6.058687333671085584e-01,3.714636562442858447e-01,8.077232390040802734e-01,5.130439745173961397e-01,6.449004070120240018e-01,4.185761158621050804e-01,7.614520731793966712e-01,6.159243831961513926e-01,7.882947832980924385e-01,4.651290581760371690e-01,7.608612189165507855e-01,7.522394510498213727e-01,1.000000000000000000e+00,1.666036379352194841e-01,3.624897118012587738e-01
6.321447076183647207e-01,-1.438772752254532765e-02,4.355993439789372368e-01,-4.584134873242529662e-01,5.264311950121057793e-01,-3.149408791546668418e-01,-3.421264585998956553e-02,-4.501688579090883935e-01,7.174843553035126220e-01,5.404217926091759994e-01,9.330949021602992499e-02,2.827939252613744237e-01,-2.438618631886320109e-01,4.542171507411057463e-01,7.492609953236273324e-01,5.137248223562259630e-01,2.533683959149112264e-01,6.319416862567532878e-01,6.445143120780121304e-01,2.609527935722426653e-02,4.442740996111883556e-01,3.321942972969024743e-01,2.967007559262709870e-01,4.534877222570551925e-01,5.607661416247321506e-01,8.049530128391507722e-01,2.315561196054513327e-01,6.743100179452236054e-01,5.759264952033141816e-01,5.923935405181911529e-01,4.739099924518111462e-02,-3.005818730564041585e-01,2.777424521623116926e-01,4.633582315851899613e-01,3.740693952375314102e-01,2.132493841735600137e-01,1.666036379352194841e-01,1.000000000000000000e+00,4.014452866465788583e-01
3.035920368116297730e-01,3.101233717912633137e-01,6.041066672062695986e-01,-3.799010722625369429e-01,6.036735355177342832e-01,4.097846936828714037e-03,-5.772824125619092223e-02,-6.027594553989807924e-01,5.212224706150869746e-01,4.928872673123357862e-01,2.935307163825178756e-01,3.750734318406658829e-01,-3.993262965499415618e-01,4.158895761070752206e-01,1.135455687732914443e-01,4.901557548440568235e-01,3.883337325215810432e-01,7.664860524506529604e-02,3.510591014608701599e-01,-1.437458434895141357e-01,4.118984032244448201e-01,4.669270930317858670e-01,5.172235197196103362e-01,4.897837314772598982e-01,4.422331277089931456e-01,2.391367376024327307e-01,5.667355827584261707e-01,3.854417629612074125e-01,2.043565482852220394e-01,3.847144946587546799e-01,4.523292067050044274e-01,2.873689436483834458e-01,4.109104626655899484e-01,5.164885576487637797e-01,2.972224999523590538e-01,2.753139031967227757e-01,3.624897118012587738e-01,4.014452866465788583e-01,1.000000000000000000e+00
