1.000000000000000000e+00,8.071758342518930984e-01,2.945905707198198664e-01,1.793541523065205201e-01,4.226622535821821791e-01,5.729982301762144292e-01,1.744160805742684672e-01,-5.290657333930478545e-01,3.036893409838167801e-01,7.270485173610117258e-01,6.008454625071444344e-01,1.467233863975677538e-02,-1.724638486048008790e-01,6.146466726378528866e-01,4.881016956695451436e-01,7.173537725058419801e-01,5.670345825396508888e-01,4.563328298239143765e-01,5.431666367645593407e-01,3.917020988791757308e-01,-3.139711897851591993e-01,3.709220237646737028e-01,6.757432113326506951e-01,4.241360058290001289e-01,6.990490425723325796e-01,5.342037071271977799e-01,3.943134175610328307e-01,6.502147968845024828e-02,6.847176889413799650e-01,4.591323722334744173e-01,-1.432661696273162533e-01,5.983793384499643819e-01,5.728330916481206847e-01,3.179455115457366920e-01,5.799706343452494250e-01,3.055191273897203130e-01,5.972283126923514374e-01,2.191015076407808182e-01,2.684696511631298188e-01
8.071758342518930984e-01,1.000000000000000000e+00,1.818361127962582480e-01,2.023119324003107289e-01,4.335564829233106154e-01,7.121091073948472294e-01,1.181777274818401058e-01,-5.938952561721841938e-01,2.539460574808449778e-01,7.556400424659230897e-01,7.433163863344594002e-01,-4.502398187054869327e-02,-5.848802252060793239e-02,6.872205407743131600e-01,5.996848244024755026e-01,6.604632225321770411e-01,6.669518205246449671e-01,5.026028699431229763e-01,6.173774328151209190e-01,4.511058281790694680e-01,-4.964470269922044987e-01,4.387339361645353764e-01,7.422324128988769809e-01,4.994655859804858489e-01,7.871074607740650153e-01,5.816019412750245143e-01,4.030971019334194660e-01,-1.069427001337876354e-01,6.943540145562003829e-01,3.500280761851122246e-01,-3.487839963465380055e-01,6.935950456121670049e-01,5.702389766896032164e-01,3.284368500149139614e-01,7.023537416026260916e-01,4.447503884626249349e-01,7.623893165811634898e-01,3.227937993011630313e-01,3.701192195028624177e-01
2.945905707198198664e-01,1.818361127962582480e-01,1.000000000000000000e+00,5.778598721893595663e-02,5.259119452740818046e-01,-4.817360862712345704e-02,4.890757750443767149e-01,-3.058211684357997617e-01,5.337357150155139784e-01,3.401083474897714232e-01,-2.743863589717767532e-02,3.680430780558703319e-01,-2.747517263362291851e-01,2.532103938610155147e-01,-3.146998067815275774e-02,4.121715609496311994e-01,-4.320778005285688672e-02,3.281946219964615996e-01,1.779795303717975896e-01,7.014350837924956950e-02,3.702918886056543735e-01,2.540833935159146351e-01,2.026954690216241917e-01,1.620082106201577166e-01,2.081559763927154361e-01,3.241306061945620764e-01,4.044568962803529177e-01,5.395048642032659325e-01,3.686754567666967741e-01,2.106625737092715223e-01,4.827823595089189568e-01,1.519728413136927081e-01,4.255181666592457446e-01,4.853285757857097038e-01,2.848870122940773755e-02,2.080391748954221187e-01,3.722919993461641652e-02,1.833696484851614350e-01,4.703742217421874039e-01
1.793541523065205201e-01,2.023119324003107289e-01,5.778598721893595663e-02,1.000000000000000000e+00,4.188182675728451820e-01,2.679785629404817793e-01,4.713241545896401652e-01,-8.053966986249194715e-02,5.377124786432217057e-02,2.885980105361147796e-01,2.732507096076873809e-01,-3.268761367616988822e-02,1.957657979863788034e-01,1.466394070276966499e-01,1.004232367189975272e-01,2.665702111447397771e-01,2.841014367577606725e-01,4.082375469149562286e-01,4.735435915133175411e-01,2.142343868342496682e-01,-2.364343377089779263e-01,2.996471688820566137e-01,2.292051793445232244e-01,1.445234205275352235e-01,2.068652420065317521e-01,1.959277277874572343e-01,2.735140627422164711e-02,7.508703138536696690e-04,3.000303492130934613e-01,-1.643478700387225599e-02,-1.867805760108267321e-01,3.461226130951414737e-01,2.873081679322136428e-01,1.459131113905664801e-01,2.880206484967723357e-01,-8.395357888090522469e-02,3.289533310651014397e-01,2.980795262591638684e-02,1.777887949451828140e-02
4.226622535821821791e-01,4.335564829233106154e-01,5.259119452740818046e-01,4.188182675728451820e-01,1.000000000000000000e+00,2.644763540185942619e-01,5.381013521107932407e-01,-3.753961607169070680e-01,5.103280296463621468e-01,6.060705598767428537e-01,2.992652404234729113e-01,2.848057821158526681e-01,-5.463977240133867375e-02,5.003244009811240733e-01,1.963689601641397109e-01,6.136334709874439186e-01,2.785604372671164342e-01,6.257578195298659773e-01,6.434330538279784406e-01,2.136127269399656636e-01,-1.755138811634016915e-01,2.851967812345513331e-01,4.505697009731582381e-01,3.072401186238048476e-01,4.745054908878443833e-01,3.370557385269556394e-01,2.305225761292408193e-01,1.179610703849025694e-01,5.247857714872452561e-01,2.589769985686414810e-01,-6.804975252971921795e-02,4.442948148373072614e-01,3.932805177443852163e-01,6.257342231946974032e-01,3.923881920285063329e-01,9.801220563830929933e-02,4.406532618568014814e-01,1.397035394433125688e-01,3.149107898193762023e-01
5.729982301762144292e-01,7.121091073948472294e-01,-4.817360862712345704e-02,2.679785629404817793e-01,2.644763540185942619e-01,1.000000000000000000e+00,1.346466086387487493e-01,-5.590643060035715983e-01,-9.696448539703059200e-02,5.437563369745320729e-01,8.934793514971415274e-01,-3.601341054612217651e-01,-6.000182254124465653e-02,5.501150383176595104e-01,5.428676938704393162e-01,4.796648465117143156e-01,8.585968222836967145e-01,4.718694415239169659e-01,6.465624250559033337e-01,4.535719835075333051e-01,-6.911868640487033311e-01,3.900219835889973119e-01,6.577495003583569977e-01,3.654751591301615421e-01,5.974828971775929531e-01,4.821889859225161890e-01,6.943532131901575255e-02,-3.012791654353607629e-01,5.129389664909130842e-01,1.311564521355056655e-02,-5.220626557928521594e-01,6.042779480108592116e-01,5.206168650030056355e-01,8.805181683817768501e-02,7.398692082350820654e-01,3.223598248403310440e-01,8.291189324850554154e-01,1.896590697016996285e-01,4.835815087471416647e-03
1.744160805742684672e-01,1.181777274818401058e-01,4.890757750443767149e-01,4.713241545896401652e-01,5.381013521107932407e-01,1.346466086387487493e-01,1.000000000000000000e+00,-2.010221734726450604e-01,1.475881379480191991e-01,2.773021219807531024e-01,1.553309145549663373e-01,7.095772419752879867e-02,-3.005370351492972492e-02,2.003644872913540320e-01,-1.381067694339324081e-01,3.486881692775987696e-01,1.258082843184713806e-01,4.593213018382325541e-01,4.524710691985560640e-01,2.535859132709842867e-01,3.058927698916199742e-02,2.822229541924129448e-01,1.666156075247545998e-01,1.336483961750433436e-01,1.533899395653033348e-01,9.467875105362501265e-02,4.209369058123405699e-02,2.062296674478816538e-01,2.583505932113417947e-01,4.842890863707340759e-02,8.861062901034039152e-02,1.679525289062779314e-01,3.278572898309571326e-01,2.661363765670836101e-01,2.227520443799076155e-01,-1.711140305872424772e-01,1.992745923949664211e-01,-1.051053963594573842e-01,-1.727671513369857803e-02
-5.290657333930478545e-01,-5.938952561721841938e-01,-3.058211684357997617e-01,-8.053966986249194715e-02,-3.753961607169070680e-01,-5.590643060035715983e-01,-2.010221734726450604e-01,1.000000000000000000e+00,-1.807905169488144281e-01,-5.499536208064609299e-01,-5.331306514485797399e-01,9.215417714587689768e-02,1.415050629383601301e-02,-5.140670063934452694e-01,-5.882771212495591096e-01,-5.587711910514169267e-01,-4.628907070155754977e-01,-4.777903563693515765e-01,-5.419005436547448262e-01,-2.541580841895780818e-01,4.569003567159520274e-01,-2.162897418480137501e-01,-6.115470171017369783e-01,-4.683366594521286563e-01,-6.024661585348207726e-01,-4.481337458320270306e-01,-1.033382400073241114e-01,2.237499258694287674e-01,-4.738455248638421824e-01,-2.196128261534883719e-01,3.738998554910333838e-01,-3.430303816744028622e-01,-3.070088399133327761e-01,-2.587169416563583346e-01,-4.868501852371779348e-01,-4.113438303758754633e-01,-5.538445708678747526e-01,-3.880674735822098320e-01,-2.114689212623668546e-01
3.036893409838167801e-01,2.539460574808449778e-01,5.337357150155139784e-01,5.377124786432217057e-02,5.103280296463621468e-01,-9.696448539703059200e-02,1.475881379480191991e-01,-1.807905169488144281e-01,1.000000000000000000e+00,4.456100235432552958e-01,-2.784192265394279733e-02,6.312860352654489082e-01,-1.298029024806267306e-01,3.021159722366223987e-01,1.888010475894461582e-01,4.234815157846807954e-01,-4.264961159197722812e-02,3.599591887714758687e-01,2.032415429521301775e-01,-6.377670623975381994e-03,1.445633906994344409e-01,2.009391185687388615e-01,3.484173948988779634e-01,2.045055117051221283e-01,3.910857403709181446e-01,2.803324355113649413e-01,5.571066869281955380e-01,2.988883282707357480e-01,3.231757110536681021e-01,3.569615881561877258e-01,2.708960866061086992e-01,2.479374356344993813e-01,2.173702069863351627e-01,7.614966595667381766e-01,2.114484815532261669e-02,3.206568689528751515e-01,5.069009825189601387e-02,2.378926696008271113e-01,7.077281772735279919e-01
7.270485173610117258e-01,7.556400424659230897e-01,3.401083474897714232e-01,2.885980105361147796e-01,6.060705598767428537e-01,5.437563369745320729e-01,2.773021219807531024e-01,-5.499536208064609299e-01,4.456100235432552958e-01,1.000000000000000000e+00,5.689448113178536826e-01,4.321122323256881143e-02,-4.059874657619225863e-02,6.252272358383812456e-01,4.955481508148850134e-01,8.548519457671652777e-01,5.301009500706383992e-01,5.979538669177971721e-01,6.731832576570765392e-01,3.904743957041632019e-01,-3.863369316379334228e-01,4.487414138799106222e-01,7.381746745454187408e-01,4.401026595677065001e-01,7.552201985517368321e-01,5.724044428826935427e-01,3.700911346890578546e-01,-1.003047969570314626e-02,6.940604026686005845e-01,4.502100502918414127e-01,-2.503910442831902006e-01,6.205096891738908216e-01,5.289504847059260939e-01,4.428744368785207941e-01,5.844467969515386718e-01,3.640250091177402170e-01,6.540168791510352353e-01,3.126064325753976081e-01,3.899501384484329036e-01
6.008454625071444344e-01,7.433163863344594002e-01,-2.743863589717767532e-02,2.732507096076873809e-01,2.992652404234729113e-01,8.934793514971415274e-01,1.553309145549663373e-01,-5.331306514485797399e-01,-2.784192265394279733e-02,5.689448113178536826e-01,1.000000000000000000e+00,-3.365661209194636405e-01,-7.692817950455574372e-02,6.255870076607580321e-01,5.127397336715282528e-01,4.920510658037405838e-01,8.987798197221753549e-01,4.711710588089553786e-01,6.688436401995713210e-01,4.755637938793397246e-01,-6.614426922286273935e-01,4.082911694644003053e-01,6.941235126329190486e-01,4.258764649854320239e-01,6.251551438324641774e-01,5.317009086256667683e-01,1.714770056356123840e-01,-2.539386889148300130e-01,5.467420035499003239e-01,-1.559053752367825681e-02,-4.597639139012836274e-01,6.655957234634113373e-01,5.699151208904317256e-01,1.454119320726020292e-01,7.760041245197555337e-01,3.529670921336904299e-01,8.512087154536217559e-01,2.031123163959362710e-01,7.170969900686786913e-02
1.467233863975677538e-02,-4.502398187054869327e-02,3.680430780558703319e-01,-3.268761367616988822e-02,2.848057821158526681e-01,-3.601341054612217651e-01,7.095772419752879867e-02,9.215417714587689768e-02,6.312860352654489082e-01,4.321122323256881143e-02,-3.365661209194636405e-01,1.000000000000000000e+00,1.389315409432981818e-01,-2.895206448786856413e-04,1.661069780748921920e-01,-1.766103032684105886e-02,-3.803369494712778298e-01,3.106847746583177305e-01,-1.414478568741960318e-01,-2.773588518943043146e-02,3.899553179038791062e-01,2.033589679002935913e-01,-6.247338137551337878e-02,1.103283318490651810e-01,1.964453267479530224e-02,2.095021105612979509e-02,3.410010886708286781e-01,3.709599734062568599e-01,1.141299608961279521e-01,3.053925507309248055e-01,2.923626106125594704e-01,1.163763154810684881e-02,7.032154023317641056e-02,5.812749504753224050e-01,-2.305460626035760185e-01,1.551913361574639438e-01,-2.372770606940891036e-01,2.365233667131052264e-01,5.144554476860569991e-01
-1.724638486048008790e-01,-5.848802252060793239e-02,-2.747517263362291851e-01,1.957657979863788034e-01,-5.463977240133867375e-02,-6.000182254124465653e-02,-3.005370351492972492e-02,1.415050629383601301e-02,-1.298029024806267306e-01,-4.059874657619225863e-02,-7.692817950455574372e-02,1.389315409432981818e-01,1.000000000000000000e+00,-1.789288463317913747e-01,2.959372871948336980e-01,-1.697730241619423153e-01,-1.512683974510695972e-01,1.037260636549772186e-01,-2.229554226193103741e-02,2.730859757126878340e-01,-2.853277621528228433e-02,2.435288501175369991e-01,-8.805647180203357571e-02,-9.190348902000150880e-03,-6.787500866849635606e-02,2.935719408974911057e-02,-1.008989348181665302e-01,-1.010192279713250513e-01,1.177226100268143200e-01,1.756376189830669843e-01,-3.344523719034265818e-01,1.616066602190039669e-01,-2.046618258901128709e-02,-1.261747633132339341e-01,1.460032431536961439e-01,-8.726937503522806672e-02,5.895591548503462814e-02,2.755768623028165276e-01,-3.430856201696292490e-02
6.146466726378528866e-01,6.872205407743131600e-01,2.532103938610155147e-01,1.466394070276966499e-01,5.003244009811240733e-01,5.501150383176595104e-01,2.003644872913540320e-01,-5.140670063934452694e-01,3.021159722366223987e-01,6.252272358383812456e-01,6.255870076607580321e-01,-2.895206448786856413e-04,-1.789288463317913747e-01,1.000000000000000000e+00,4.284279560953501154e-01,5.603366275752854619e-01,5.858851857268363439e-01,5.399211574374547240e-01,6.244912374567882507e-01,3.835655282517440035e-01,-3.963675076056812907e-01,3.746933083385395880e-01,6.296191958248981146e-01,7.005710615506344219e-01,6.345457509157185205e-01,4.952291109554580184e-01,3.352778342396839362e-01,-1.857911917486351761e-02,6.008556880482956997e-01,1.785911725115973958e-01,-2.008617284239434808e-01,5.566883570152243443e-01,5.438802509236836391e-01,3.766101024913448558e-01,6.062268928822399650e-01,3.993890367719596934e-01,6.803042071626299592e-01,2.439890540599749247e-01,2.811245571958757572e-01
4.881016956695451436e-01,5.996848244024755026e-01,-3.146998067815275774e-02,1.004232367189975272e-01,1.963689601641397109e-01,5.428676938704393162e-01,-1.381067694339324081e-01,-5.882771212495591096e-01,1.888010475894461582e-01,4.955481508148850134e-01,5.127397336715282528e-01,1.661069780748921920e-01,2.959372871948336980e-01,4.284279560953501154e-01,1.000000000000000000e+00,3.328704520131378630e-01,4.395338908371055897e-01,5.103264364712515322e-01,3.962421334340393009e-01,3.735475799263274221e-01,-4.903472584800179224e-01,4.419820174478903407e-01,5.134518484459532628e-01,4.507338546442585248e-01,5.287107013550261803e-01,4.657625714845386455e-01,1.399011734532016327e-01,-2.613997973486146265e-01,5.338181521844553856e-01,3.419305183335827336e-01,-5.233021498937073801e-01,5.054275925556008797e-01,3.304358493999921542e-01,2.927074392151041704e-01,4.985665868973352954e-01,4.941485062743947720e-01,5.519754563393236557e-01,5.424244542967744387e-01,2.714484017160098683e-01
7.173537725058419801e-01,6.604632225321770411e-01,4.121715609496311994e-01,2.665702111447397771e-01,6.136334709874439186e-01,4.796648465117143156e-01,3.486881692775987696e-01,-5.587711910514169267e-01,4.234815157846807954e-01,8.548519457671652777e-01,4.920510658037405838e-01,-1.766103032684105886e-02,-1.697730241619423153e-01,5.603366275752854619e-01,3.328704520131378630e-01,1.000000000000000000e+00,4.693112977731057067e-01,5.595797898020620220e-01,6.571241597942801826e-01,2.838074128200626656e-01,-3.363329529640692317e-01,3.003273370535752274e-01,7.211467701856383306e-01,3.573038071211736000e-01,7.146695677787512357e-01,4.633181390441448722e-01,2.995583682566517192e-01,-1.782905229237067906e-03,5.517304048319658927e-01,4.370889989735801673e-01,-1.829288755434157476e-01,4.399467003152468525e-01,4.284163731440097656e-01,3.804917230737166478e-01,5.007401806104282427e-01,2.195232670534279507e-01,5.482987457545024368e-01,1.693736546662957532e-01,2.919225433003521664e-01
5.670345825396508888e-01,6.669518205246449671e-01,-4.320778005285688672e-02,2.841014367577606725e-01,2.785604372671164342e-01,8.585968222836967145e-01,1.258082843184713806e-01,-4.628907070155754977e-01,-4.264961159197722812e-02,5.301009500706383992e-01,8.987798197221753549e-01,-3.803369494712778298e-01,-1.512683974510695972e-01,5.858851857268363439e-01,4.395338908371055897e-01,4.693112977731057067e-01,1.000000000000000000e+00,4.202466084056565854e-01,6.500926404242661771e-01,4.261160450398033817e-01,-6.347146393176746892e-01,3.767668999149600406e-01,6.595993904495660587e-01,3.724378837688058219e-01,5.545773573721252125e-01,5.579293823594109192e-01,1.163172227657415930e-01,-2.178840501780302807e-01,4.960080896304970288e-01,-7.134941684194429090e-02,-4.015948930327123967e-01,6.400897922986813482e-01,5.529087086993121902e-01,1.191189813765055616e-01,7.076937250409762736e-01,3.079455857585463030e-01,8.143924870946209760e-01,1.713938179080384261e-01,1.613035677744552657e-02
4.563328298239143765e-01,5.026028699431229763e-01,3.281946219964615996e-01,4.082375469149562286e-01,6.257578195298659773e-01,4.718694415239169659e-01,4.593213018382325541e-01,-4.777903563693515765e-01,3.599591887714758687e-01,5.979538669177971721e-01,4.711710588089553786e-01,3.106847746583177305e-01,1.037260636549772186e-01,5.399211574374547240e-01,5.103264364712515322e-01,5.595797898020620220e-01,4.202466084056565854e-01,1.000000000000000000e+00,6.183689078037146736e-01,3.657353873181448667e-01,-3.125096355022410899e-01,4.782007373707976572e-01,5.204099284281809012e-01,4.675295870514112329e-01,5.027126461996962448e-01,4.564411108208872858e-01,1.705837647179013483e-01,5.576707575542486084e-02,5.512130365891865225e-01,2.888763671559168023e-01,-2.655376917943427784e-01,4.474984761464948502e-01,4.719849978987454286e-01,4.349535995184116155e-01,5.038730194662693895e-01,1.831424185707305197e-01,5.404493955162453789e-01,2.888403285175830115e-01,2.886366732144410308e-01
5.431666367645593407e-01,6.173774328151209190e-01,1.779795303717975896e-01,4.735435915133175411e-01,6.434330538279784406e-01,6.465624250559033337e-01,4.524710691985560640e-01,-5.419005436547448262e-01,2.032415429521301775e-01,6.731832576570765392e-01,6.688436401995713210e-01,-1.414478568741960318e-01,-2.229554226193103741e-02,6.244912374567882507e-01,3.962421334340393009e-01,6.571241597942801826e-01,6.500926404242661771e-01,6.183689078037146736e-01,1.000000000000000000e+00,3.561276425854673633e-01,-6.566935157615910734e-01,3.152471941602513206e-01,7.045739278916637316e-01,4.433988372581588733e-01,6.714227634480645079e-01,3.898446050828638931e-01,1.134462311273814333e-01,-2.992090789521458238e-01,5.318135279979825381e-01,1.403403843798523842e-01,-4.826223688371907294e-01,5.372047277533283927e-01,3.911282639316353560e-01,4.004238399637443102e-01,6.505786667570118142e-01,1.503529908948475768e-01,7.257516462966798754e-01,7.411132218436887464e-02,3.297220851943227088e-02
3.917020988791757308e-01,4.511058281790694680e-01,7.014350837924956950e-02,2.142343868342496682e-01,2.136127269399656636e-01,4.535719835075333051e-01,2.535859132709842867e-01,-2.541580841895780818e-01,-6.377670623975381994e-03,3.904743957041632019e-01,4.755637938793397246e-01,-2.773588518943043146e-02,2.730859757126878340e-01,3.835655282517440035e-01,3.735475799263274221e-01,2.838074128200626656e-01,4.261160450398033817e-01,3.657353873181448667e-01,3.561276425854673633e-01,1.000000000000000000e+00,-1.853199477722619615e-01,6.921756133244045817e-01,3.652818544176813509e-01,3.219328643228119846e-01,3.328219188038493148e-01,3.396200231120973245e-01,2.213853840468935630e-01,1.102134957060485615e-01,5.601160706925714106e-01,2.351883296828959080e-01,-2.144215075146322924e-01,5.233575563011295673e-01,5.766735913301922478e-01,3.066178209594988199e-02,5.226271564164800543e-01,1.246983574827855989e-01,5.566633189964111939e-01,1.720236162133623736e-01,7.571116582286323282e-02
-3.139711897851591993e-01,-4.964470269922044987e-01,3.702918886056543735e-01,-2.364343377089779263e-01,-1.755138811634016915e-01,-6.911868640487033311e-01,3.058927698916199742e-02,4.569003567159520274e-01,1.445633906994344409e-01,-3.863369316379334228e-01,-6.614426922286273935e-01,3.899553179038791062e-01,-2.853277621528228433e-02,-3.963675076056812907e-01,-4.903472584800179224e-01,-3.363329529640692317e-01,-6.347146393176746892e-01,-3.125096355022410899e-01,-6.566935157615910734e-01,-1.853199477722619615e-01,1.000000000000000000e+00,-1.943327277733242903e-02,-5.463246587111325603e-01,-3.165719758650351601e-01,-5.223490264404382355e-01,-1.261063093756449316e-01,1.960886026697945539e-01,7.459827805001801870e-01,-1.870038055929595378e-01,4.966280233271937183e-02,8.136833642881509121e-01,-3.202895030786325203e-01,-1.840267739015339493e-02,-1.048304547703023809e-01,-5.102491537121960352e-01,-1.500462297299039738e-01,-6.198213873658141582e-01,-1.272576007377485864e-02,2.065744473624875344e-01
3.709220237646737028e-01,4.387339361645353764e-01,2.540833935159146351e-01,2.996471688820566137e-01,2.851967812345513331e-01,3.900219835889973119e-01,2.822229541924129448e-01,-2.162897418480137501e-01,2.009391185687388615e-01,4.487414138799106222e-01,4.082911694644003053e-01,2.033589679002935913e-01,2.435288501175369991e-01,3.746933083385395880e-01,4.419820174478903407e-01,3.003273370535752274e-01,3.767668999149600406e-01,4.782007373707976572e-01,3.152471941602513206e-01,6.921756133244045817e-01,-1.943327277733242903e-02,1.000000000000000000e+00,3.509489951529936591e-01,2.969633054208437595e-01,3.137449107305923524e-01,5.120885211232775180e-01,3.743129489138021793e-01,3.252632898003929851e-01,5.955511452063481093e-01,2.488914514158008517e-01,-2.921033017534649390e-02,5.962485842363898225e-01,7.151944416445230601e-01,2.083797323835551996e-01,4.659923582043596357e-01,2.564143635138163568e-01,5.157289260682873522e-01,3.581334013476412115e-01,3.288670690674282970e-01
6.757432113326506951e-01,7.422324128988769809e-01,2.026954690216241917e-01,2.292051793445232244e-01,4.505697009731582381e-01,6.577495003583569977e-01,1.666156075247545998e-01,-6.115470171017369783e-01,3.484173948988779634e-01,7.381746745454187408e-01,6.941235126329190486e-01,-6.247338137551337878e-02,-8.805647180203357571e-02,6.296191958248981146e-01,5.134518484459532628e-01,7.211467701856383306e-01,6.595993904495660587e-01,5.204099284281809012e-01,7.045739278916637316e-01,3.652818544176813509e-01,-5.463246587111325603e-01,3.509489951529936591e-01,1.000000000000000000e+00,4.839895343760736157e-01,8.433098095706017538e-01,5.082658604446079753e-01,3.626812910528121048e-01,-2.187175759171876288e-01,5.514857945484274993e-01,2.881510232129147475e-01,-3.662127955413170266e-01,5.408969316482288292e-01,4.506752200360609750e-01,3.832731970837141566e-01,6.313581654562974155e-01,4.384376550830574315e-01,6.856852729614756337e-01,3.239160757697941984e-01,3.130596906698059900e-01
4.241360058290001289e-01,4.994655859804858489e-01,1.620082106201577166e-01,1.445234205275352235e-01,3.072401186238048476e-01,3.654751591301615421e-01,1.336483961750433436e-01,-4.683366594521286563e-01,2.045055117051221283e-01,4.401026595677065001e-01,4.258764649854320239e-01,1.103283318490651810e-01,-9.190348902000150880e-03,7.005710615506344219e-01,4.507338546442585248e-01,3.573038071211736000e-01,3.724378837688058219e-01,4.675295870514112329e-01,4.433988372581588733e-01,3.219328643228119846e-01,-3.165719758650351601e-01,2.969633054208437595e-01,4.839895343760736157e-01,1.000000000000000000e+00,4.856813266290140874e-01,3.777511650628053164e-01,2.794464837318321182e-01,-8.331866126631592984e-02,4.408051335863367171e-01,2.013956132702782731e-01,-2.598328457402984681e-01,3.684040449040708598e-01,3.487112244465492283e-01,2.602728016645821651e-01,3.954205809305271768e-01,4.822254063989852013e-01,4.535230134437803762e-01,3.237847999361282980e-01,2.467375928068937518e-01
6.990490425723325796e-01,7.871074607740650153e-01,2.081559763927154361e-01,2.068652420065317521e-01,4.745054908878443833e-01,5.974828971775929531e-01,1.533899395653033348e-01,-6.024661585348207726e-01,3.910857403709181446e-01,7.552201985517368321e-01,6.251551438324641774e-01,1.964453267479530224e-02,-6.787500866849635606e-02,6.345457509157185205e-01,5.287107013550261803e-01,7.146695677787512357e-01,5.545773573721252125e-01,5.027126461996962448e-01,6.714227634480645079e-01,3.328219188038493148e-01,-5.223490264404382355e-01,3.137449107305923524e-01,8.433098095706017538e-01,4.856813266290140874e-01,1.000000000000000000e+00,4.114480938420472800e-01,4.063308662961105377e-01,-2.150453529542626641e-01,5.716138058225248564e-01,4.089178095554881764e-01,-3.756958132418463658e-01,5.244293497785532665e-01,4.211284500381287654e-01,4.339519226529128249e-01,5.980924126385318562e-01,4.199820216556279795e-01,6.504523857465770442e-01,2.328987557629369487e-01,3.570140489158422081e-01
5.342037071271977799e-01,5.816019412750245143e-01,3.241306061945620764e-01,1.959277277874572343e-01,3.370557385269556394e-01,4.821889859225161890e-01,9.467875105362501265e-02,-4.481337458320270306e-01,2.803324355113649413e-01,5.724044428826935427e-01,5.317009086256667683e-01,2.095021105612979509e-02,2.935719408974911057e-02,4.952291109554580184e-01,4.657625714845386455e-01,4.633181390441448722e-01,5.579293823594109192e-01,4.564411108208872858e-01,3.898446050828638931e-01,3.396200231120973245e-01,-1.261063093756449316e-01,5.120885211232775180e-01,5.082658604446079753e-01,3.777511650628053164e-01,4.114480938420472800e-01,1.000000000000000000e+00,4.299996424257632732e-01,2.900381167018361572e-01,6.738091630438876045e-01,1.842811658496149863e-01,-1.483153156284874701e-02,6.445494758623034892e-01,6.342886010873315383e-01,2.230960707573072799e-01,4.728338603810962049e-01,4.346603101171506722e-01,5.575509584841065180e-01,6.165855941986597699e-01,4.731545882797970615e-01
3.943134175610328307e-01,4.030971019334194660e-01,4.044568962803529177e-01,2.735140627422164711e-02,2.305225761292408193e-01,6.943532131901575255e-02,4.209369058123405699e-02,-1.033382400073241114e-01,5.571066869281955380e-01,3.700911346890578546e-01,1.714770056356123840e-01,3.410010886708286781e-01,-1.008989348181665302e-01,3.352778342396839362e-01,1.399011734532016327e-01,2.995583682566517192e-01,1.163172227657415930e-01,1.705837647179013483e-01,1.134462311273814333e-01,2.213853840468935630e-01,1.960886026697945539e-01,3.743129489138021793e-01,3.626812910528121048e-01,2.794464837318321182e-01,4.063308662961105377e-01,4.299996424257632732e-01,1.000000000000000000e+00,4.394602148853525847e-01,4.031465932738182989e-01,2.246127793748323720e-01,3.495436385999972084e-01,4.083042899300793338e-01,4.939878158421817655e-01,3.812662894019964721e-01,1.781405596105782863e-01,3.532120324242639664e-01,1.807578846927982430e-01,2.097649713900046342e-01,6.862573351896832374e-01
6.502147968845024828e-02,-1.069427001337876354e-01,5.395048642032659325e-01,7.508703138536696690e-04,1.179610703849025694e-01,-3.012791654353607629e-01,2.062296674478816538e-01,2.237499258694287674e-01,2.988883282707357480e-01,-1.003047969570314626e-02,-2.539386889148300130e-01,3.709599734062568599e-01,-1.010192279713250513e-01,-1.857911917486351761e-02,-2.613997973486146265e-01,-1.782905229237067906e-03,-2.178840501780302807e-01,5.576707575542486084e-02,-2.992090789521458238e-01,1.102134957060485615e-01,7.459827805001801870e-01,3.252632898003929851e-01,-2.187175759171876288e-01,-8.331866126631592984e-02,-2.150453529542626641e-01,2.900381167018361572e-01,4.394602148853525847e-01,1.000000000000000000e+00,2.306595439740633247e-01,1.046233094183139090e-01,7.680540106390969513e-01,8.109618267429308247e-02,4.448080706805269124e-01,6.273948349018626525e-02,-1.722029244253590607e-01,-1.227101414882208162e-02,-2.014493194592484049e-01,9.274026797850359882e-02,3.898626534716306269e-01
6.847176889413799650e-01,6.943540145562003829e-01,3.686754567666967741e-01,3.000303492130934613e-01,5.247857714872452561e-01,5.129389664909130842e-01,2.583505932113417947e-01,-4.738455248638421824e-01,3.231757110536681021e-01,6.940604026686005845e-01,5.467420035499003239e-01,1.141299608961279521e-01,1.177226100268143200e-01,6.008556880482956997e-01,5.338181521844553856e-01,5.517304048319658927e-01,4.960080896304970288e-01,5.512130365891865225e-01,5.318135279979825381e-01,5.601160706925714106e-01,-1.870038055929595378e-01,5.955511452063481093e-01,5.514857945484274993e-01,4.408051335863367171e-01,5.716138058225248564e-01,6.738091630438876045e-01,4.031465932738182989e-01,2.306595439740633247e-01,1.000000000000000000e+00,3.483353399207226309e-01,-1.016390256765073719e-01,7.378651508680427185e-01,6.978517844167936302e-01,3.388524281140392058e-01,6.087592854922500019e-01,3.344458787112973841e-01,6.364985919194069419e-01,4.099759655266412284e-01,3.884160603325909622e-01
4.591323722334744173e-01,3.500280761851122246e-01,2.106625737092715223e-01,-1.643478700387225599e-02,2.589769985686414810e-01,1.311564521355056655e-02,4.842890863707340759e-02,-2.196128261534883719e-01,3.569615881561877258e-01,4.502100502918414127e-01,-1.559053752367825681e-02,3.053925507309248055e-01,1.756376189830669843e-01,1.785911725115973958e-01,3.419305183335827336e-01,4.370889989735801673e-01,-7.134941684194429090e-02,2.888763671559168023e-01,1.403403843798523842e-01,2.351883296828959080e-01,4.966280233271937183e-02,2.488914514158008517e-01,2.881510232129147475e-01,2.013956132702782731e-01,4.089178095554881764e-01,1.842811658496149863e-01,2.246127793748323720e-01,1.046233094183139090e-01,3.483353399207226309e-01,1.000000000000000000e+00,-5.489291819642417442e-02,2.035401725422550934e-01,1.657317368376479694e-01,1.799358837973066283e-01,1.388047880060330475e-01,1.259987141441168135e-01,1.081742260085468560e-01,2.540640636191127122e-01,2.795535682639479491e-01
-1.432661696273162533e-01,-3.487839963465380055e-01,4.827823595089189568e-01,-1.867805760108267321e-01,-6.804975252971921795e-02,-5.220626557928521594e-01,8.861062901034039152e-02,3.738998554910333838e-01,2.708960866061086992e-01,-2.503910442831902006e-01,-4.597639139012836274e-01,2.923626106125594704e-01,-3.344523719034265818e-01,-2.008617284239434808e-01,-5.233021498937073801e-01,-1.829288755434157476e-01,-4.015948930327123967e-01,-2.655376917943427784e-01,-4.826223688371907294e-01,-2.144215075146322924e-01,8.136833642881509121e-01,-2.921033017534649390e-02,-3.662127955413170266e-01,-2.598328457402984681e-01,-3.756958132418463658e-01,-1.483153156284874701e-02,3.495436385999972084e-01,7.680540106390969513e-01,-1.016390256765073719e-01,-5.489291819642417442e-02,1.000000000000000000e+00,-1.724982724712053328e-01,1.428737053320980055e-01,5.230617681550765036e-02,-3.983622210779684258e-01,-6.654407366978656868e-02,-4.521066406619858591e-01,-9.532159706684606437e-02,2.821299683548920134e-01
5.983793384499643819e-01,6.935950456121670049e-01,1.519728413136927081e-01,3.461226130951414737e-01,4.442948148373072614e-01,6.042779480108592116e-01,1.679525289062779314e-01,-3.430303816744028622e-01,2.479374356344993813e-01,6.205096891738908216e-01,6.655957234634113373e-01,1.163763154810684881e-02,1.616066602190039669e-01,5.566883570152243443e-01,5.054275925556008797e-01,4.399467003152468525e-01,6.400897922986813482e-01,4.474984761464948502e-01,5.372047277533283927e-01,5.233575563011295673e-01,-3.202895030786325203e-01,5.962485842363898225e-01,5.408969316482288292e-01,3.684040449040708598e-01,5.244293497785532665e-01,6.445494758623034892e-01,4.083042899300793338e-01,8.109618267429308247e-02,7.378651508680427185e-01,2.035401725422550934e-01,-1.724982724712053328e-01,1.000000000000000000e+00,6.970612191418352754e-01,3.267662382449111891e-01,6.931514043916354728e-01,3.175777101223852816e-01,7.625081873277901323e-01,3.526802277467454561e-01,3.444401065682180518e-01
5.728330916481206847e-01,5.702389766896032164e-01,4.255181666592457446e-01,2.873081679322136428e-01,3.932805177443852163e-01,5.206168650030056355e-01,3.278572898309571326e-01,-3.070088399133327761e-01,2.173702069863351627e-01,5.289504847059260939e-01,5.699151208904317256e-01,7.032154023317641056e-02,-2.046618258901128709e-02,5.438802509236836391e-01,3.304358493999921542e-01,4.284163731440097656e-01,5.529087086993121902e-01,4.719849978987454286e-01,3.911282639316353560e-01,5.766735913301922478e-01,-1.840267739015339493e-02,7.151944416445230601e-01,4.506752200360609750e-01,3.487112244465492283e-01,4.211284500381287654e-01,6.342886010873315383e-01,4.939878158421817655e-01,4.448080706805269124e-01,6.978517844167936302e-01,1.657317368376479694e-01,1.428737053320980055e-01,6.970612191418352754e-01,1.000000000000000000e+00,2.442612799080089991e-01,5.424504072267333221e-01,3.172423671684813096e-01,6.084778104367574159e-01,2.791611069320790173e-01,3.682244429656679752e-01
3.179455115457366920e-01,3.284368500149139614e-01,4.853285757857097038e-01,1.459131113905664801e-01,6.257342231946974032e-01,8.805181683817768501e-02,2.661363765670836101e-01,-2.587169416563583346e-01,7.614966595667381766e-01,4.428744368785207941e-01,1.454119320726020292e-01,5.812749504753224050e-01,-1.261747633132339341e-01,3.766101024913448558e-01,2.927074392151041704e-01,3.804917230737166478e-01,1.191189813765055616e-01,4.349535995184116155e-01,4.004238399637443102e-01,3.066178209594988199e-02,-1.048304547703023809e-01,2.083797323835551996e-01,3.832731970837141566e-01,2.602728016645821651e-01,4.339519226529128249e-01,2.230960707573072799e-01,3.812662894019964721e-01,6.273948349018626525e-02,3.388524281140392058e-01,1.799358837973066283e-01,5.230617681550765036e-02,3.267662382449111891e-01,2.442612799080089991e-01,1.000000000000000000e+00,1.598552651287434845e-01,3.189522709547992219e-01,2.149929580227050718e-01,1.817085834634217800e-01,5.102750271131484272e-01
5.799706343452494250e-01,7.023537416026260916e-01,2.848870122940773755e-02,2.880206484967723357e-01,3.923881920285063329e-01,7.398692082350820654e-01,2.227520443799076155e-01,-4.868501852371779348e-01,2.114484815532261669e-02,5.844467969515386718e-01,7.760041245197555337e-01,-2.305460626035760185e-01,1.460032431536961439e-01,6.062268928822399650e-01,4.985665868973352954e-01,5.007401806104282427e-01,7.076937250409762736e-01,5.038730194662693895e-01,6.505786667570118142e-01,5.226271564164800543e-01,-5.102491537121960352e-01,4.659923582043596357e-01,6.313581654562974155e-01,3.954205809305271768e-01,5.980924126385318562e-01,4.728338603810962049e-01,1.781405596105782863e-01,-1.722029244253590607e-01,6.087592854922500019e-01,1.388047880060330475e-01,-3.983622210779684258e-01,6.931514043916354728e-01,5.424504072267333221e-01,1.598552651287434845e-01,1.000000000000000000e+00,2.556994120236509849e-01,8.244234940490914321e-01,2.424061720553603583e-01,9.649567300836610351e-02
3.055191273897203130e-01,4.447503884626249349e-01,2.080391748954221187e-01,-8.395357888090522469e-02,9.801220563830929933e-02,3.223598248403310440e-01,-1.711140305872424772e-01,-4.113438303758754633e-01,3.206568689528751515e-01,3.640250091177402170e-01,3.529670921336904299e-01,1.551913361574639438e-01,-8.726937503522806672e-02,3.993890367719596934e-01,4.941485062743947720e-01,2.195232670534279507e-01,3.079455857585463030e-01,1.831424185707305197e-01,1.503529908948475768e-01,1.246983574827855989e-01,-1.500462297299039738e-01,2.564143635138163568e-01,4.384376550830574315e-01,4.822254063989852013e-01,4.199820216556279795e-01,4.346603101171506722e-01,3.532120324242639664e-01,-1.227101414882208162e-02,3.344458787112973841e-01,1.259987141441168135e-01,-6.654407366978656868e-02,3.175777101223852816e-01,3.172423671684813096e-01,3.189522709547992219e-01,2.556994120236509849e-01,1.000000000000000000e+00,3.226770746997010275e-01,5.876181851192590067e-01,5.284909076314914245e-01
5.972283126923514374e-01,7.623893165811634898e-01,3.722919993461641652e-02,3.289533310651014397e-01,4.406532618568014814e-01,8.291189324850554154e-01,1.992745923949664211e-01,-5.538445708678747526e-01,5.069009825189601387e-02,6.540168791510352353e-01,8.512087154536217559e-01,-2.372770606940891036e-01,5.895591548503462814e-02,6.803042071626299592e-01,5.519754563393236557e-01,5.482987457545024368e-01,8.143924870946209760e-01,5.404493955162453789e-01,7.257516462966798754e-01,5.566633189964111939e-01,-6.198213873658141582e-01,5.157289260682873522e-01,6.856852729614756337e-01,4.535230134437803762e-01,6.504523857465770442e-01,5.575509584841065180e-01,1.807578846927982430e-01,-2.014493194592484049e-01,6.364985919194069419e-01,1.081742260085468560e-01,-4.521066406619858591e-01,7.625081873277901323e-01,6.084778104367574159e-01,2.149929580227050718e-01,8.244234940490914321e-01,3.226770746997010275e-01,1.000000000000000000e+00,2.732831146103684161e-01,1.426502263216081201e-01
2.191015076407808182e-01,3.227937993011630313e-01,1.833696484851614350e-01,2.980795262591638684e-02,1.397035394433125688e-01,1.896590697016996285e-01,-1.051053963594573842e-01,-3.880674735822098320e-01,2.378926696008271113e-01,3.126064325753976081e-01,2.031123163959362710e-01,2.365233667131052264e-01,2.755768623028165276e-01,2.439890540599749247e-01,5.424244542967744387e-01,1.693736546662957532e-01,1.713938179080384261e-01,2.888403285175830115e-01,7.411132218436887464e-02,1.720236162133623736e-01,-1.272576007377485864e-02,3.581334013476412115e-01,3.239160757697941984e-01,3.237847999361282980e-01,2.328987557629369487e-01,6.165855941986597699e-01,2.097649713900046342e-01,9.274026797850359882e-02,4.099759655266412284e-01,2.540640636191127122e-01,-9.532159706684606437e-02,3.526802277467454561e-01,2.791611069320790173e-01,1.817085834634217800e-01,2.424061720553603583e-01,5.876181851192590067e-01,2.732831146103684161e-01,1.000000000000000000e+00,5.181470648843717886e-01
2.684696511631298188e-01,3.701192195028624177e-01,4.703742217421874039e-01,1.777887949451828140e-02,3.149107898193762023e-01,4.835815087471416647e-03,-1.727671513369857803e-02,-2.114689212623668546e-01,7.077281772735279919e-01,3.899501384484329036e-01,7.170969900686786913e-02,5.144554476860569991e-01,-3.430856201696292490e-02,2.811245571958757572e-01,2.714484017160098683e-01,2.919225433003521664e-01,1.613035677744552657e-02,2.886366732144410308e-01,3.297220851943227088e-02,7.571116582286323282e-02,2.065744473624875344e-01,3.288670690674282970e-01,3.130596906698059900e-01,2.467375928068937518e-01,3.570140489158422081e-01,4.731545882797970615e-01,6.862573351896832374e-01,3.898626534716306269e-01,3.884160603325909622e-01,2.795535682639479491e-01,2.821299683548920134e-01,3.444401065682180518e-01,3.682244429656679752e-01,5.102750271131484272e-01,9.649567300836610351e-02,5.284909076314914245e-01,1.426502263216081201e-01,5.181470648843717886e-01,1.000000000000000000e+00
