1.000000000000000000e+00,7.967138416765736642e-01,5.579953776283888001e-01,1.545396047140606410e-01,5.602555543077436528e-01,1.201685908394993368e-01,4.057513512482277540e-01,-5.304640823089732393e-01,7.821009787906623156e-01,7.180826222865936970e-01,2.917411207916315585e-01,3.224032289915915728e-01,3.234164521605918940e-01,7.783970583564137069e-01,4.171398207569130823e-01,7.782132766358019760e-01,2.235639252046920378e-01,4.428850835596599422e-01,2.823887826839387438e-01,5.377633483165018546e-01,5.330511024634200234e-01,5.958590994255641426e-01,6.395401817409906986e-01,5.131601284704789823e-01,6.586409218348122652e-01,6.371022635248447807e-01,6.323701905360360476e-01,5.951286082713327374e-01,4.339702415070395003e-01,7.929540272965893699e-01,6.806887445267376657e-01,4.120877386326562419e-01,6.678676214017864599e-01,6.638110267795520603e-01,2.135372627516744781e-01,5.235551820754899000e-01,3.885588392161890003e-01,6.792903592985303218e-01,4.671532957881404657e-01
7.967138416765736642e-01,1.000000000000000000e+00,4.107266485868115713e-01,7.502663767166983799e-02,4.636244586467697104e-01,1.519919973092807852e-01,3.607714388714842735e-01,-3.913700963497756535e-01,7.583434288965249515e-01,6.808390401654195179e-01,2.355035527289071340e-01,2.979154672558823602e-01,2.592713497161747149e-01,7.408153882992399852e-01,2.863510157305835802e-01,7.545430653295009948e-01,2.154449414084237124e-01,2.550360176060968431e-01,1.303124150759525646e-01,4.856052828274382005e-01,2.677500646517432248e-01,4.511986355430689377e-01,6.360811573081890380e-01,5.205424237435249957e-01,6.373751188744242180e-01,6.357608794544556963e-01,6.267285617257408736e-01,5.403842023317302345e-01,4.504347405612111332e-01,6.734983342489803126e-01,7.111451822925713984e-01,4.114637729184099646e-01,4.843253068869726730e-01,6.297957794576365398e-01,2.644353503619664147e-01,4.968797829160148116e-01,3.425574842459549463e-01,5.781574410365351024e-01,4.378226216616104005e-01
5.579953776283888001e-01,4.107266485868115713e-01,1.000000000000000000e+00,2.634204934686977251e-01,8.120198355140335611e-01,-1.114771265627455613e-02,1.552263999348218459e-01,-8.814451487364522997e-01,5.287900727321920291e-01,4.935539250056615868e-01,1.392192201084775371e-01,3.953022989976276991e-01,8.279539910733818564e-02,5.737706359553294000e-01,4.653867527006785854e-01,4.499240870647212565e-01,1.612273120808578319e-01,5.477515981478606744e-01,5.469798163102951305e-01,2.546597459453363577e-01,7.387245888902584934e-01,5.615367753969021658e-01,4.840052104197519744e-01,2.539104095665669081e-01,4.040615502632581846e-01,2.687505628950297987e-01,3.058242942504356132e-01,2.906713374712844300e-01,1.214665160521277432e-01,4.633617058906031594e-01,5.319619070128134286e-01,1.141884034354570948e-01,8.129587383614554907e-01,7.414032252806207479e-01,7.511368317613284495e-02,2.878124599568482878e-01,1.946258554346086411e-01,5.991627123481850781e-01,6.037199072477473782e-01
1.545396047140606410e-01,7.502663767166983799e-02,2.634204934686977251e-01,1.000000000000000000e+00,3.012379844127742179e-01,5.690823746709454400e-02,2.173757407811400810e-01,-2.110422299301354665e-01,2.369566237202986592e-01,1.915039956410317379e-01,3.852809533449034207e-01,5.259044778503861872e-01,1.585068046637814199e-01,2.345360974536618015e-01,5.474209659845898912e-01,1.722505690089546349e-01,1.163119090407357253e-02,4.679732815404760715e-01,3.901091536999195530e-01,5.106173082844258637e-01,2.273189046465530494e-01,2.127423753959092334e-01,3.008362731255274092e-01,1.420352912938416812e-01,4.009818618229520348e-01,3.666707817523316426e-01,1.475118732647565933e-01,3.568916789029921710e-01,-3.866250892767102154e-02,1.390238552742606160e-01,1.402360825629594410e-01,2.605054474566141920e-01,2.414266452383252715e-01,2.304665276265235041e-01,-2.740829880365406312e-01,3.799306379816714818e-01,2.198161912695751341e-01,3.041733241774813301e-01,3.145902396154295899e-01
5.602555543077436528e-01,4.636244586467697104e-01,8.120198355140335611e-01,3.012379844127742179e-01,1.000000000000000000e+00,-1.225353796960710999e-02,1.967033342398141760e-01,-7.376987938164353276e-01,5.592505925439817949e-01,5.233351187797556925e-01,1.658031195106307865e-01,5.168198138981766609e-01,1.572608540437858138e-01,6.115102433515133828e-01,5.500552500779636311e-01,4.813995077527981614e-01,1.701724797064755879e-01,5.709051378737504123e-01,5.984789463218237460e-01,3.507908941921109580e-01,5.898307533034043981e-01,5.070592646728866448e-01,5.556113771843015359e-01,3.027797158734099603e-01,5.319981917803372484e-01,4.105255809743548201e-01,4.415032175661924296e-01,3.721482568520557144e-01,1.869909693629541736e-01,5.042015301486852952e-01,5.215618958897538793e-01,2.197157745532431761e-01,7.347054069914225050e-01,7.602461761550972641e-01,1.987677740246635884e-03,3.382878748577872186e-01,2.075479942337389583e-01,6.590367654161379818e-01,6.257409885873225219e-01
1.201685908394993368e-01,1.519919973092807852e-01,-1.114771265627455613e-02,5.690823746709454400e-02,-1.225353796960710999e-02,1.000000000000000000e+00,4.792665388125369463e-01,1.546830345202252280e-02,2.028775757726915818e-01,2.516284820372106101e-01,3.698181036745587513e-01,-3.820754934445699108e-02,7.766773615377164930e-02,3.093275015579881604e-01,-1.922838666604979180e-02,2.862786758228290096e-01,3.380120523363322471e-01,1.671724451032000347e-01,1.254360974276245710e-01,8.080104844103275230e-02,1.512186526359829974e-01,2.799565962564161681e-01,2.772573830731228650e-01,3.214971127498422176e-01,1.058367688073096335e-01,1.603045317232646705e-01,3.259737702477445986e-01,2.342620825397316586e-01,3.458392840053517436e-01,1.697666598632089907e-01,2.554374627604550918e-01,5.189615735702459709e-01,1.450890171726229583e-01,-7.842736822891178960e-02,4.958921021661358841e-01,2.383529886468505332e-01,4.467278896915821695e-01,-1.875527046758254657e-02,-4.874596105544894836e-02
4.057513512482277540e-01,3.607714388714842735e-01,1.552263999348218459e-01,2.173757407811400810e-01,1.967033342398141760e-01,4.792665388125369463e-01,1.000000000000000000e+00,-2.515305552016213197e-01,3.654247027799774616e-01,4.461781614824432141e-01,3.221903343570121092e-01,5.291498904834172901e-02,3.496573844368034978e-01,5.661311599039615672e-01,1.921390750519682000e-01,5.457159880666554441e-01,1.703618175000470580e-01,2.222491634113019365e-01,1.535553405243875735e-01,5.329213997175048512e-01,3.145939088193064892e-01,4.962526539103224721e-01,3.866655276736903901e-01,3.955752637988086962e-01,4.666949534716456349e-01,4.470831600744923917e-01,3.142998832453827163e-01,5.732510287120941017e-01,4.280234285156543361e-01,3.255054187268978660e-01,3.326401150595247880e-01,5.579759920855738020e-01,3.552950742379969440e-01,2.112625313609674260e-01,3.948292332103119362e-01,4.461448254098596689e-01,5.662848287376170964e-01,3.240390029602849831e-01,4.662926408221214347e-02
-5.304640823089732393e-01,-3.913700963497756535e-01,-8.814451487364522997e-01,-2.110422299301354665e-01,-7.376987938164353276e-01,1.546830345202252280e-02,-2.515305552016213197e-01,1.000000000000000000e+00,-5.057960138949825213e-01,-4.785026457674991796e-01,-1.694839386469749465e-01,-3.269513928118449875e-01,-1.000169456723493250e-01,-5.680677571771258760e-01,-4.026341449124084537e-01,-4.552724518451209956e-01,-1.431707622337047292e-01,-4.956780478763432307e-01,-4.723875151281746176e-01,-2.485786084055173484e-01,-7.392210064036246475e-01,-5.890675375611451603e-01,-4.514646948853882069e-01,-2.460582451793623393e-01,-4.187226685429130124e-01,-2.723353292121470925e-01,-2.661555979661899829e-01,-2.956869702713598724e-01,-1.777146658778994970e-01,-4.685855985456531814e-01,-4.353750967941944494e-01,-1.540614739429001234e-01,-7.235068495252405807e-01,-6.345087089072590780e-01,-1.057689257265236188e-01,-3.385067036238457172e-01,-2.120442345302178677e-01,-5.692751333393768487e-01,-5.301361716092847232e-01
7.821009787906623156e-01,7.583434288965249515e-01,5.287900727321920291e-01,2.369566237202986592e-01,5.592505925439817949e-01,2.028775757726915818e-01,3.654247027799774616e-01,-5.057960138949825213e-01,1.000000000000000000e+00,7.125932284237135317e-01,2.256714266717793904e-01,4.864209915386664140e-01,2.462122613252041015e-01,7.236478637602656860e-01,4.326418509730623474e-01,7.313021502925821649e-01,1.519700354218315730e-01,5.112775451988603725e-01,3.831719195728293115e-01,4.401785930767498356e-01,4.030149849497704495e-01,4.636002140582093367e-01,6.639154455060412019e-01,4.737837155321142912e-01,6.418959771304113548e-01,5.903457378641229214e-01,6.670140982026838694e-01,4.826942794317744534e-01,3.829515701494051183e-01,6.725837384390986884e-01,6.937155205752656428e-01,4.203054586696335915e-01,5.585357889394931830e-01,6.364004352544871956e-01,1.362469291063640175e-01,5.815493704570765532e-01,3.055323374439798401e-01,6.813211189888451758e-01,6.213566715584648570e-01
7.180826222865936970e-01,6.808390401654195179e-01,4.935539250056615868e-01,1.915039956410317379e-01,5.233351187797556925e-01,2.516284820372106101e-01,4.461781614824432141e-01,-4.785026457674991796e-01,7.125932284237135317e-01,1.000000000000000000e+00,3.684053946163304838e-01,4.372129025158320581e-01,5.261263780390680322e-01,7.661311200930625009e-01,6.022044196961304774e-01,8.950945260943184989e-01,2.516864585495832696e-01,5.909042165357768495e-01,5.113732765404384040e-01,6.156090906522716510e-01,5.010195297850222884e-01,6.930191310706109720e-01,7.384681202621627971e-01,4.751481945306214594e-01,8.066871910494494147e-01,6.917243400843224865e-01,6.872266190002799258e-01,6.935181648832943191e-01,4.921636019664105133e-01,7.116281731072533479e-01,6.999217328760709567e-01,5.924690524255333823e-01,6.499309699465330992e-01,5.452246240270315347e-01,2.991923199163995517e-01,6.459602835811605326e-01,6.110796987208717557e-01,7.562986923821756191e-01,6.393185071385603102e-01
2.917411207916315585e-01,2.355035527289071340e-01,1.392192201084775371e-01,3.852809533449034207e-01,1.658031195106307865e-01,3.698181036745587513e-01,3.221903343570121092e-01,-1.694839386469749465e-01,2.256714266717793904e-01,3.684053946163304838e-01,1.000000000000000000e+00,2.361844895355054985e-01,3.629535279907605827e-01,4.375350377908026056e-01,4.111260440185920406e-01,3.529155575159151348e-01,6.417121128728866530e-01,3.016172355327846888e-01,2.990916109455684091e-01,5.009125330637305140e-01,3.652972599976520018e-01,4.197136721804195503e-01,4.812109148388929447e-01,5.042531595500411301e-01,4.540456940036831091e-01,5.569180024446155342e-01,4.254413603694081614e-01,5.545815987628617272e-01,4.108349101306295048e-01,3.180550434487787737e-01,2.425804790783375464e-01,6.851728441202024067e-01,3.107665158077664858e-01,2.862864405188975808e-02,1.405275736652710494e-01,3.622142900844268487e-01,5.996560224554314811e-01,2.815147301526488843e-01,1.830987380097321149e-01
3.224032289915915728e-01,2.979154672558823602e-01,3.953022989976276991e-01,5.259044778503861872e-01,5.168198138981766609e-01,-3.820754934445699108e-02,5.291498904834172901e-02,-3.269513928118449875e-01,4.864209915386664140e-01,4.372129025158320581e-01,2.361844895355054985e-01,1.000000000000000000e+00,2.355394451830801761e-01,3.740397958386133537e-01,6.566044895442384455e-01,3.580879332475460641e-01,1.098947935249691837e-01,4.631653596838390952e-01,5.337608606278922974e-01,3.805206937728736749e-01,2.499550770093191543e-01,3.209999137272442349e-01,5.069850255253243176e-01,1.093526982605809300e-01,5.152231527790167576e-01,4.919096798177491903e-01,4.409433535302333396e-01,3.738987691843470573e-01,1.511338159070543807e-01,3.087107803405282902e-01,3.971719815172083945e-01,2.682284280573995483e-01,3.768077414195911690e-01,4.640134322736536587e-01,-1.932568007818143974e-01,4.808875170052796522e-01,2.040399606040538549e-01,5.598789782403118531e-01,6.787266098169190132e-01
3.234164521605918940e-01,2.592713497161747149e-01,8.279539910733818564e-02,1.585068046637814199e-01,1.572608540437858138e-01,7.766773615377164930e-02,3.496573844368034978e-01,-1.000169456723493250e-01,2.462122613252041015e-01,5.261263780390680322e-01,3.629535279907605827e-01,2.355394451830801761e-01,1.000000000000000000e+00,4.529881018843916474e-01,4.869981568364316060e-01,5.244894288723329634e-01,1.864917331212726237e-01,2.272769551695368873e-01,2.795070332338433494e-01,5.719153285292279953e-01,2.606602309041273768e-01,3.902501595002254575e-01,3.260567172186212836e-01,2.647748310460972809e-01,5.805645223782025521e-01,5.699923851433048583e-01,3.152192674983032017e-01,6.623535559990220145e-01,5.987220839864825228e-01,2.009522286732958463e-01,1.878225040318701189e-01,5.616501065165722117e-01,4.016654207435674251e-01,1.457075553356176334e-01,1.632505301740580783e-01,3.883332754743802351e-01,6.778003900377579383e-01,4.129104007004189558e-01,1.552425506092857954e-01
7.783970583564137069e-01,7.408153882992399852e-01,5.737706359553294000e-01,2.345360974536618015e-01,6.115102433515133828e-01,3.093275015579881604e-01,5.661311599039615672e-01,-5.680677571771258760e-01,7.236478637602656860e-01,7.661311200930625009e-01,4.375350377908026056e-01,3.740397958386133537e-01,4.529881018843916474e-01,1.000000000000000000e+00,4.619348926603257244e-01,8.174535941200142819e-01,3.220042139742098630e-01,4.217408662468389302e-01,3.390370723358848704e-01,6.398967548738423439e-01,5.225397806421124836e-01,6.326412456242848092e-01,7.055638282398625227e-01,6.490703191318160092e-01,7.494815912875451014e-01,6.961555111800984408e-01,6.426041493902250323e-01,7.251621304829781733e-01,5.360329621416051182e-01,6.603043136924596768e-01,6.632818255815382535e-01,6.120332073149540308e-01,7.014248214201762588e-01,6.668388797378981270e-01,3.281325436967152398e-01,5.968426698008386655e-01,5.918347618109396358e-01,6.934029025492546294e-01,4.467128764874134239e-01
4.171398207569130823e-01,2.863510157305835802e-01,4.653867527006785854e-01,5.474209659845898912e-01,5.500552500779636311e-01,-1.922838666604979180e-02,1.921390750519682000e-01,-4.026341449124084537e-01,4.326418509730623474e-01,6.022044196961304774e-01,4.111260440185920406e-01,6.566044895442384455e-01,4.869981568364316060e-01,4.619348926603257244e-01,1.000000000000000000e+00,4.917885342667019932e-01,1.760832554059012789e-01,6.528346734494696602e-01,7.200868145931866859e-01,5.590964495553498725e-01,4.390461241986754470e-01,4.436257810287563830e-01,5.000619272363360235e-01,1.689126196466515240e-01,6.254746193744663563e-01,5.948855157907700919e-01,3.583321654506515519e-01,6.397363683310460791e-01,1.717658805969963509e-01,3.317196530011042310e-01,4.268309627919305571e-01,4.020130516179213354e-01,5.524428318417675676e-01,4.176506852000982373e-01,-1.509949690984405957e-01,4.752462846815828645e-01,4.754969710836560171e-01,7.194072451497306453e-01,6.517467962136206383e-01
7.782132766358019760e-01,7.545430653295009948e-01,4.499240870647212565e-01,1.722505690089546349e-01,4.813995077527981614e-01,2.862786758228290096e-01,5.457159880666554441e-01,-4.552724518451209956e-01,7.313021502925821649e-01,8.950945260943184989e-01,3.529155575159151348e-01,3.580879332475460641e-01,5.244894288723329634e-01,8.174535941200142819e-01,4.917885342667019932e-01,1.000000000000000000e+00,2.047813580090021013e-01,4.715504077630369717e-01,3.274470329102152633e-01,6.712053474440881073e-01,4.436654954899937886e-01,6.888958817195968143e-01,7.151501856819136860e-01,5.254236938803579227e-01,7.886906473030380615e-01,7.208265969772859050e-01,6.771775701593362173e-01,7.325561639474090780e-01,5.570007309553832719e-01,7.532140313032301693e-01,6.693525621839540030e-01,5.898017057571546262e-01,6.258122315798935187e-01,5.901501042278907150e-01,3.365983962339988422e-01,6.627845253813712256e-01,6.015167827287805080e-01,7.182350715578014189e-01,4.896377444813052038e-01
2.235639252046920378e-01,2.154449414084237124e-01,1.612273120808578319e-01,1.163119090407357253e-02,1.701724797064755879e-01,3.380120523363322471e-01,1.703618175000470580e-01,-1.431707622337047292e-01,1.519700354218315730e-01,2.516864585495832696e-01,6.417121128728866530e-01,1.098947935249691837e-01,1.864917331212726237e-01,3.220042139742098630e-01,1.760832554059012789e-01,2.047813580090021013e-01,1.000000000000000000e+00,1.364584646308124316e-01,2.571671474766054066e-01,1.582124570200889591e-01,3.100929178586209756e-01,3.423837619373163998e-01,4.884287559654306721e-01,4.950254233754654565e-01,1.894909236372532557e-01,3.531877341554495731e-01,3.740896285264141974e-01,3.123409388009059651e-01,4.569810281450477629e-01,2.598634881002881980e-01,3.885095597864341443e-01,5.968825023727492018e-01,3.453605227492956842e-01,5.318272168779625275e-02,4.698686025872228500e-01,1.933053936002041007e-01,4.810525797776167845e-01,1.696196602457763214e-01,1.489676849603063513e-01
4.428850835596599422e-01,2.550360176060968431e-01,5.477515981478606744e-01,4.679732815404760715e-01,5.709051378737504123e-01,1.671724451032000347e-01,2.222491634113019365e-01,-4.956780478763432307e-01,5.112775451988603725e-01,5.909042165357768495e-01,3.016172355327846888e-01,4.631653596838390952e-01,2.272769551695368873e-01,4.217408662468389302e-01,6.528346734494696602e-01,4.715504077630369717e-01,1.364584646308124316e-01,1.000000000000000000e+00,8.013481230375862907e-01,4.018743671383213645e-01,5.824317181259409670e-01,5.321981365319883306e-01,5.378006359138896020e-01,3.015012086384570300e-01,5.265356438678183704e-01,3.400034623646130960e-01,4.020201608588006570e-01,3.613676366615143909e-01,9.776841887127575570e-02,4.757232434390011866e-01,4.641222988223334123e-01,3.358906039861039861e-01,5.621501142314544452e-01,3.369268983787139238e-01,2.659915017304458756e-02,4.462114319040540455e-01,3.141120677482097667e-01,6.183420279289121302e-01,6.747809555287803684e-01
2.823887826839387438e-01,1.303124150759525646e-01,5.469798163102951305e-01,3.901091536999195530e-01,5.984789463218237460e-01,1.254360974276245710e-01,1.535553405243875735e-01,-4.723875151281746176e-01,3.831719195728293115e-01,5.113732765404384040e-01,2.990916109455684091e-01,5.337608606278922974e-01,2.795070332338433494e-01,3.390370723358848704e-01,7.200868145931866859e-01,3.274470329102152633e-01,2.571671474766054066e-01,8.013481230375862907e-01,1.000000000000000000e+00,2.784930093477473445e-01,5.525705675813363804e-01,4.440780332194319002e-01,4.885054393425464214e-01,1.472957254706653563e-01,4.615244066417616975e-01,2.901399460675617714e-01,3.261159567498932987e-01,3.011764128247755301e-01,8.971465005253528857e-02,2.667447907688420550e-01,4.435620988855967228e-01,3.183177057117640429e-01,5.715599958658299506e-01,2.687117267142077326e-01,-1.349174955136756178e-02,3.300864537562999135e-01,3.393556242521156285e-01,5.613091146644535456e-01,7.257357665962003157e-01
5.377633483165018546e-01,4.856052828274382005e-01,2.546597459453363577e-01,5.106173082844258637e-01,3.507908941921109580e-01,8.080104844103275230e-02,5.329213997175048512e-01,-2.485786084055173484e-01,4.401785930767498356e-01,6.156090906522716510e-01,5.009125330637305140e-01,3.805206937728736749e-01,5.719153285292279953e-01,6.398967548738423439e-01,5.590964495553498725e-01,6.712053474440881073e-01,1.582124570200889591e-01,4.018743671383213645e-01,2.784930093477473445e-01,1.000000000000000000e+00,2.913462506431209742e-01,5.012206558206708795e-01,5.452312667223723208e-01,4.305643278563293652e-01,7.542473194789193203e-01,6.981246680051043096e-01,3.904812186096479620e-01,7.530337378098121981e-01,3.295630827017946851e-01,5.238919727257581593e-01,3.559619727915572240e-01,5.302491910972803035e-01,4.330687076083759579e-01,4.120214577373968456e-01,-1.367671756224523791e-02,5.815077845053295835e-01,5.008073044106434724e-01,6.107179249859603365e-01,3.627747040192564887e-01
5.330511024634200234e-01,2.677500646517432248e-01,7.387245888902584934e-01,2.273189046465530494e-01,5.898307533034043981e-01,1.512186526359829974e-01,3.145939088193064892e-01,-7.392210064036246475e-01,4.030149849497704495e-01,5.010195297850222884e-01,3.652972599976520018e-01,2.499550770093191543e-01,2.606602309041273768e-01,5.225397806421124836e-01,4.390461241986754470e-01,4.436654954899937886e-01,3.100929178586209756e-01,5.824317181259409670e-01,5.525705675813363804e-01,2.913462506431209742e-01,1.000000000000000000e+00,7.231485438067715155e-01,4.468782874640699898e-01,3.317209354176622882e-01,3.851471993356619383e-01,3.137849038355943754e-01,3.457235095309381112e-01,4.003320479964005973e-01,3.110860124559852724e-01,4.722732488268817641e-01,4.454256103782589515e-01,3.373326533551546658e-01,8.065155150210452373e-01,4.363241737743085991e-01,2.807437718356670109e-01,3.459881721402942589e-01,4.329358198024170212e-01,5.141781747765640231e-01,4.128774573201955400e-01
5.958590994255641426e-01,4.511986355430689377e-01,5.615367753969021658e-01,2.127423753959092334e-01,5.070592646728866448e-01,2.799565962564161681e-01,4.962526539103224721e-01,-5.890675375611451603e-01,4.636002140582093367e-01,6.930191310706109720e-01,4.197136721804195503e-01,3.209999137272442349e-01,3.902501595002254575e-01,6.326412456242848092e-01,4.436257810287563830e-01,6.888958817195968143e-01,3.423837619373163998e-01,5.321981365319883306e-01,4.440780332194319002e-01,5.012206558206708795e-01,7.231485438067715155e-01,1.000000000000000000e+00,5.979678285714475905e-01,3.614580489349842884e-01,5.670746836115105882e-01,5.033478611828764437e-01,5.009395184905568454e-01,5.586185294300328730e-01,4.901187889027491806e-01,6.371634755554832497e-01,5.360999439989186932e-01,4.935366996367718251e-01,7.150577139694698214e-01,4.654126156336746423e-01,3.893922436369550710e-01,5.408199266481023004e-01,5.578725400889238406e-01,5.566279282660252514e-01,4.066445806922078243e-01
6.395401817409906986e-01,6.360811573081890380e-01,4.840052104197519744e-01,3.008362731255274092e-01,5.556113771843015359e-01,2.772573830731228650e-01,3.866655276736903901e-01,-4.514646948853882069e-01,6.639154455060412019e-01,7.384681202621627971e-01,4.812109148388929447e-01,5.069850255253243176e-01,3.260567172186212836e-01,7.055638282398625227e-01,5.000619272363360235e-01,7.151501856819136860e-01,4.884287559654306721e-01,5.378006359138896020e-01,4.885054393425464214e-01,5.452312667223723208e-01,4.468782874640699898e-01,5.979678285714475905e-01,1.000000000000000000e+00,5.893178685258877447e-01,7.380684540372792757e-01,6.383676518674173961e-01,6.933137328493521601e-01,5.530800154715580508e-01,4.892889308531733206e-01,6.893939312485469761e-01,7.046012811689597033e-01,5.976497768646363840e-01,5.766870741713673310e-01,5.001468507312176737e-01,3.120557437502753384e-01,6.007789477912705012e-01,4.845874581488550659e-01,6.544048800170073621e-01,6.052102763870877977e-01
5.131601284704789823e-01,5.205424237435249957e-01,2.539104095665669081e-01,1.420352912938416812e-01,3.027797158734099603e-01,3.214971127498422176e-01,3.955752637988086962e-01,-2.460582451793623393e-01,4.737837155321142912e-01,4.751481945306214594e-01,5.042531595500411301e-01,1.093526982605809300e-01,2.647748310460972809e-01,6.490703191318160092e-01,1.689126196466515240e-01,5.254236938803579227e-01,4.950254233754654565e-01,3.015012086384570300e-01,1.472957254706653563e-01,4.305643278563293652e-01,3.317209354176622882e-01,3.614580489349842884e-01,5.893178685258877447e-01,1.000000000000000000e+00,4.704338028227986745e-01,5.013922755268783726e-01,5.673763879043863811e-01,5.017538908891994165e-01,4.661974416456297066e-01,4.656017229966273874e-01,4.475012206114784008e-01,5.781217096745029371e-01,4.589987298314615605e-01,2.885823944809721708e-01,4.380338082794815180e-01,3.922007208835608938e-01,4.685615906544561282e-01,3.599673296064508365e-01,1.562291937902772487e-01
6.586409218348122652e-01,6.373751188744242180e-01,4.040615502632581846e-01,4.009818618229520348e-01,5.319981917803372484e-01,1.058367688073096335e-01,4.666949534716456349e-01,-4.187226685429130124e-01,6.418959771304113548e-01,8.066871910494494147e-01,4.540456940036831091e-01,5.152231527790167576e-01,5.805645223782025521e-01,7.494815912875451014e-01,6.254746193744663563e-01,7.886906473030380615e-01,1.894909236372532557e-01,5.265356438678183704e-01,4.615244066417616975e-01,7.542473194789193203e-01,3.851471993356619383e-01,5.670746836115105882e-01,7.380684540372792757e-01,4.704338028227986745e-01,1.000000000000000000e+00,7.599343639184417132e-01,6.242992202224135756e-01,7.141484834391681469e-01,4.417647804934327072e-01,6.348230231277116609e-01,5.253732533253251402e-01,5.804791432030380616e-01,5.240266735002329090e-01,4.770685574015895991e-01,7.407395236430085184e-02,6.316700756550982510e-01,5.491286090160976130e-01,7.076306033313600752e-01,5.617218230443989935e-01
6.371022635248447807e-01,6.357608794544556963e-01,2.687505628950297987e-01,3.666707817523316426e-01,4.105255809743548201e-01,1.603045317232646705e-01,4.470831600744923917e-01,-2.723353292121470925e-01,5.903457378641229214e-01,6.917243400843224865e-01,5.569180024446155342e-01,4.919096798177491903e-01,5.699923851433048583e-01,6.961555111800984408e-01,5.948855157907700919e-01,7.208265969772859050e-01,3.531877341554495731e-01,3.400034623646130960e-01,2.901399460675617714e-01,6.981246680051043096e-01,3.137849038355943754e-01,5.033478611828764437e-01,6.383676518674173961e-01,5.013922755268783726e-01,7.599343639184417132e-01,1.000000000000000000e+00,7.091242433191679018e-01,8.303336136693021396e-01,6.174263024144709400e-01,5.409023704446183078e-01,5.163615870855435830e-01,6.991094300082522084e-01,4.915011920205665796e-01,4.372131659854659458e-01,1.090020261301776067e-01,6.021583110869065392e-01,5.897077136676216469e-01,5.684639257590949901e-01,3.575168155138023773e-01
6.323701905360360476e-01,6.267285617257408736e-01,3.058242942504356132e-01,1.475118732647565933e-01,4.415032175661924296e-01,3.259737702477445986e-01,3.142998832453827163e-01,-2.661555979661899829e-01,6.670140982026838694e-01,6.872266190002799258e-01,4.254413603694081614e-01,4.409433535302333396e-01,3.152192674983032017e-01,6.426041493902250323e-01,3.583321654506515519e-01,6.771775701593362173e-01,3.740896285264141974e-01,4.020201608588006570e-01,3.261159567498932987e-01,3.904812186096479620e-01,3.457235095309381112e-01,5.009395184905568454e-01,6.933137328493521601e-01,5.673763879043863811e-01,6.242992202224135756e-01,7.091242433191679018e-01,1.000000000000000000e+00,5.327246718261863245e-01,5.803296065174597951e-01,6.333181784794654767e-01,6.123031811178935024e-01,6.310132140488829977e-01,4.778083363389115101e-01,4.134016854369959582e-01,2.860951036847632634e-01,4.774333626595845814e-01,4.344917264172282745e-01,4.724347873485228999e-01,4.144355672973492055e-01
5.951286082713327374e-01,5.403842023317302345e-01,2.906713374712844300e-01,3.568916789029921710e-01,3.721482568520557144e-01,2.342620825397316586e-01,5.732510287120941017e-01,-2.956869702713598724e-01,4.826942794317744534e-01,6.935181648832943191e-01,5.545815987628617272e-01,3.738987691843470573e-01,6.623535559990220145e-01,7.251621304829781733e-01,6.397363683310460791e-01,7.325561639474090780e-01,3.123409388009059651e-01,3.613676366615143909e-01,3.011764128247755301e-01,7.530337378098121981e-01,4.003320479964005973e-01,5.586185294300328730e-01,5.530800154715580508e-01,5.017538908891994165e-01,7.141484834391681469e-01,8.303336136693021396e-01,5.327246718261863245e-01,1.000000000000000000e+00,5.647586506140765961e-01,4.726809430349889207e-01,4.928003042424494717e-01,7.110991540226969665e-01,5.667912671203395591e-01,4.191203305381097088e-01,2.348835248873358816e-01,5.483711546376494050e-01,7.463834015484860362e-01,6.618220061961622713e-01,2.842658399657049806e-01
4.339702415070395003e-01,4.504347405612111332e-01,1.214665160521277432e-01,-3.866250892767102154e-02,1.869909693629541736e-01,3.458392840053517436e-01,4.280234285156543361e-01,-1.777146658778994970e-01,3.829515701494051183e-01,4.921636019664105133e-01,4.108349101306295048e-01,1.511338159070543807e-01,5.987220839864825228e-01,5.360329621416051182e-01,1.717658805969963509e-01,5.570007309553832719e-01,4.569810281450477629e-01,9.776841887127575570e-02,8.971465005253528857e-02,3.295630827017946851e-01,3.110860124559852724e-01,4.901187889027491806e-01,4.892889308531733206e-01,4.661974416456297066e-01,4.417647804934327072e-01,6.174263024144709400e-01,5.803296065174597951e-01,5.647586506140765961e-01,1.000000000000000000e+00,3.601737375177947453e-01,3.972305026903502068e-01,6.857495596167885177e-01,4.123780428108771434e-01,1.956808704105188201e-01,4.921730700036784922e-01,3.910285110933466868e-01,6.351428344109026902e-01,2.597197075970853475e-01,3.117027094739037787e-02
7.929540272965893699e-01,6.734983342489803126e-01,4.633617058906031594e-01,1.390238552742606160e-01,5.042015301486852952e-01,1.697666598632089907e-01,3.255054187268978660e-01,-4.685855985456531814e-01,6.725837384390986884e-01,7.116281731072533479e-01,3.180550434487787737e-01,3.087107803405282902e-01,2.009522286732958463e-01,6.603043136924596768e-01,3.317196530011042310e-01,7.532140313032301693e-01,2.598634881002881980e-01,4.757232434390011866e-01,2.667447907688420550e-01,5.238919727257581593e-01,4.722732488268817641e-01,6.371634755554832497e-01,6.893939312485469761e-01,4.656017229966273874e-01,6.348230231277116609e-01,5.409023704446183078e-01,6.333181784794654767e-01,4.726809430349889207e-01,3.601737375177947453e-01,1.000000000000000000e+00,6.016469335315466349e-01,4.082191401498044825e-01,5.328908115938278955e-01,5.569819034338138186e-01,2.270266320299007545e-01,5.333100032474552554e-01,3.107221155089991971e-01,6.169724834838228311e-01,5.001894968683572307e-01
6.806887445267376657e-01,7.111451822925713984e-01,5.319619070128134286e-01,1.402360825629594410e-01,5.215618958897538793e-01,2.554374627604550918e-01,3.326401150595247880e-01,-4.353750967941944494e-01,6.937155205752656428e-01,6.999217328760709567e-01,2.425804790783375464e-01,3.971719815172083945e-01,1.878225040318701189e-01,6.632818255815382535e-01,4.268309627919305571e-01,6.693525621839540030e-01,3.885095597864341443e-01,4.641222988223334123e-01,4.435620988855967228e-01,3.559619727915572240e-01,4.454256103782589515e-01,5.360999439989186932e-01,7.046012811689597033e-01,4.475012206114784008e-01,5.253732533253251402e-01,5.163615870855435830e-01,6.123031811178935024e-01,4.928003042424494717e-01,3.972305026903502068e-01,6.016469335315466349e-01,1.000000000000000000e+00,4.355217422047268361e-01,6.228035039289674391e-01,6.175996522653667276e-01,3.938662619452487079e-01,4.232646480126939226e-01,4.296219955683780456e-01,6.316950030871146815e-01,6.147484020830643603e-01
4.120877386326562419e-01,4.114637729184099646e-01,1.141884034354570948e-01,2.605054474566141920e-01,2.197157745532431761e-01,5.189615735702459709e-01,5.579759920855738020e-01,-1.540614739429001234e-01,4.203054586696335915e-01,5.924690524255333823e-01,6.851728441202024067e-01,2.682284280573995483e-01,5.616501065165722117e-01,6.120332073149540308e-01,4.020130516179213354e-01,5.898017057571546262e-01,5.968825023727492018e-01,3.358906039861039861e-01,3.183177057117640429e-01,5.302491910972803035e-01,3.373326533551546658e-01,4.935366996367718251e-01,5.976497768646363840e-01,5.781217096745029371e-01,5.804791432030380616e-01,6.991094300082522084e-01,6.310132140488829977e-01,7.110991540226969665e-01,6.857495596167885177e-01,4.082191401498044825e-01,4.355217422047268361e-01,1.000000000000000000e+00,3.990531209549709191e-01,1.282949206251701169e-01,4.694752646225687776e-01,5.109088139535933326e-01,8.045833993504584170e-01,3.924126214545192171e-01,1.913951816142710483e-01
6.678676214017864599e-01,4.843253068869726730e-01,8.129587383614554907e-01,2.414266452383252715e-01,7.347054069914225050e-01,1.450890171726229583e-01,3.552950742379969440e-01,-7.235068495252405807e-01,5.585357889394931830e-01,6.499309699465330992e-01,3.107665158077664858e-01,3.768077414195911690e-01,4.016654207435674251e-01,7.014248214201762588e-01,5.524428318417675676e-01,6.258122315798935187e-01,3.453605227492956842e-01,5.621501142314544452e-01,5.715599958658299506e-01,4.330687076083759579e-01,8.065155150210452373e-01,7.150577139694698214e-01,5.766870741713673310e-01,4.589987298314615605e-01,5.240266735002329090e-01,4.915011920205665796e-01,4.778083363389115101e-01,5.667912671203395591e-01,4.123780428108771434e-01,5.328908115938278955e-01,6.228035039289674391e-01,3.990531209549709191e-01,1.000000000000000000e+00,6.825967132402573911e-01,2.914713829635656728e-01,4.084526835336205752e-01,4.915667409334469329e-01,6.549712018563080829e-01,5.058236445451829155e-01
6.638110267795520603e-01,6.297957794576365398e-01,7.414032252806207479e-01,2.304665276265235041e-01,7.602461761550972641e-01,-7.842736822891178960e-02,2.112625313609674260e-01,-6.345087089072590780e-01,6.364004352544871956e-01,5.452246240270315347e-01,2.862864405188975808e-02,4.640134322736536587e-01,1.457075553356176334e-01,6.668388797378981270e-01,4.176506852000982373e-01,5.901501042278907150e-01,5.318272168779625275e-02,3.369268983787139238e-01,2.687117267142077326e-01,4.120214577373968456e-01,4.363241737743085991e-01,4.654126156336746423e-01,5.001468507312176737e-01,2.885823944809721708e-01,4.770685574015895991e-01,4.372131659854659458e-01,4.134016854369959582e-01,4.191203305381097088e-01,1.956808704105188201e-01,5.569819034338138186e-01,6.175996522653667276e-01,1.282949206251701169e-01,6.825967132402573911e-01,1.000000000000000000e+00,5.748680635363699609e-02,3.824957664810810232e-01,1.661438913266185813e-01,6.695480058800736822e-01,5.505069675352267655e-01
2.135372627516744781e-01,2.644353503619664147e-01,7.511368317613284495e-02,-2.740829880365406312e-01,1.987677740246635884e-03,4.958921021661358841e-01,3.948292332103119362e-01,-1.057689257265236188e-01,1.362469291063640175e-01,2.991923199163995517e-01,1.405275736652710494e-01,-1.932568007818143974e-01,1.632505301740580783e-01,3.281325436967152398e-01,-1.509949690984405957e-01,3.365983962339988422e-01,4.698686025872228500e-01,2.659915017304458756e-02,-1.349174955136756178e-02,-1.367671756224523791e-02,2.807437718356670109e-01,3.893922436369550710e-01,3.120557437502753384e-01,4.380338082794815180e-01,7.407395236430085184e-02,1.090020261301776067e-01,2.860951036847632634e-01,2.348835248873358816e-01,4.921730700036784922e-01,2.270266320299007545e-01,3.938662619452487079e-01,4.694752646225687776e-01,2.914713829635656728e-01,5.748680635363699609e-02,1.000000000000000000e+00,1.656271919316096575e-01,5.295967379173607270e-01,8.043292385503872377e-02,-9.261166784229078741e-02
5.235551820754899000e-01,4.968797829160148116e-01,2.878124599568482878e-01,3.799306379816714818e-01,3.382878748577872186e-01,2.383529886468505332e-01,4.461448254098596689e-01,-3.385067036238457172e-01,5.815493704570765532e-01,6.459602835811605326e-01,3.622142900844268487e-01,4.808875170052796522e-01,3.883332754743802351e-01,5.968426698008386655e-01,4.752462846815828645e-01,6.627845253813712256e-01,1.933053936002041007e-01,4.462114319040540455e-01,3.300864537562999135e-01,5.815077845053295835e-01,3.459881721402942589e-01,5.408199266481023004e-01,6.007789477912705012e-01,3.922007208835608938e-01,6.316700756550982510e-01,6.021583110869065392e-01,4.774333626595845814e-01,5.483711546376494050e-01,3.910285110933466868e-01,5.333100032474552554e-01,4.232646480126939226e-01,5.109088139535933326e-01,4.084526835336205752e-01,3.824957664810810232e-01,1.656271919316096575e-01,1.000000000000000000e+00,4.350680246783493188e-01,5.434431822795631195e-01,4.226135735152742878e-01
3.885588392161890003e-01,3.425574842459549463e-01,1.946258554346086411e-01,2.198161912695751341e-01,2.075479942337389583e-01,4.467278896915821695e-01,5.662848287376170964e-01,-2.120442345302178677e-01,3.055323374439798401e-01,6.110796987208717557e-01,5.996560224554314811e-01,2.040399606040538549e-01,6.778003900377579383e-01,5.918347618109396358e-01,4.754969710836560171e-01,6.015167827287805080e-01,4.810525797776167845e-01,3.141120677482097667e-01,3.393556242521156285e-01,5.008073044106434724e-01,4.329358198024170212e-01,5.578725400889238406e-01,4.845874581488550659e-01,4.685615906544561282e-01,5.491286090160976130e-01,5.897077136676216469e-01,4.344917264172282745e-01,7.463834015484860362e-01,6.351428344109026902e-01,3.107221155089991971e-01,4.296219955683780456e-01,8.045833993504584170e-01,4.915667409334469329e-01,1.661438913266185813e-01,5.295967379173607270e-01,4.350680246783493188e-01,1.000000000000000000e+00,4.434946429981533877e-01,1.694724710020630021e-01
6.792903592985303218e-01,5.781574410365351024e-01,5.991627123481850781e-01,3.041733241774813301e-01,6.590367654161379818e-01,-1.875527046758254657e-02,3.240390029602849831e-01,-5.692751333393768487e-01,6.813211189888451758e-01,7.562986923821756191e-01,2.815147301526488843e-01,5.598789782403118531e-01,4.129104007004189558e-01,6.934029025492546294e-01,7.194072451497306453e-01,7.182350715578014189e-01,1.696196602457763214e-01,6.183420279289121302e-01,5.613091146644535456e-01,6.107179249859603365e-01,5.141781747765640231e-01,5.566279282660252514e-01,6.544048800170073621e-01,3.599673296064508365e-01,7.076306033313600752e-01,5.684639257590949901e-01,4.724347873485228999e-01,6.618220061961622713e-01,2.597197075970853475e-01,6.169724834838228311e-01,6.316950030871146815e-01,3.924126214545192171e-01,6.549712018563080829e-01,6.695480058800736822e-01,8.043292385503872377e-02,5.434431822795631195e-01,4.434946429981533877e-01,1.000000000000000000e+00,7.331527617770113858e-01
4.671532957881404657e-01,4.378226216616104005e-01,6.037199072477473782e-01,3.145902396154295899e-01,6.257409885873225219e-01,-4.874596105544894836e-02,4.662926408221214347e-02,-5.301361716092847232e-01,6.213566715584648570e-01,6.393185071385603102e-01,1.830987380097321149e-01,6.787266098169190132e-01,1.552425506092857954e-01,4.467128764874134239e-01,6.517467962136206383e-01,4.896377444813052038e-01,1.489676849603063513e-01,6.747809555287803684e-01,7.257357665962003157e-01,3.627747040192564887e-01,4.128774573201955400e-01,4.066445806922078243e-01,6.052102763870877977e-01,1.562291937902772487e-01,5.617218230443989935e-01,3.575168155138023773e-01,4.144355672973492055e-01,2.842658399657049806e-01,3.117027094739037787e-02,5.001894968683572307e-01,6.147484020830643603e-01,1.913951816142710483e-01,5.058236445451829155e-01,5.505069675352267655e-01,-9.261166784229078741e-02,4.226135735152742878e-01,1.694724710020630021e-01,7.331527617770113858e-01,1.000000000000000000e+00
