1.000000000000000000e+00,8.557531105709220709e-01,5.364824861787839128e-01,2.584996580528979848e-01,3.558238647444993963e-01,-2.640961381311295736e-02,-1.103499779500552273e-02,-5.138466405310490037e-01,6.396228618475722216e-01,7.187751139310702975e-01,6.610777014383797390e-01,4.386218706183553362e-01,-5.078557827349993170e-01,5.643251315842272575e-01,1.551280759768968454e-01,6.789426078373530515e-01,4.983354008448083183e-01,3.331596386418911315e-01,8.649970182918151340e-02,5.355271440293754015e-01,4.968739897155334817e-01,6.460305146520162189e-02,4.236690256167383595e-01,5.320377476177737819e-01,6.260595196005880325e-01,6.869640280838474888e-01,6.182515761660101195e-01,2.881841626589878858e-01,5.182181779151899814e-01,7.173872714184545973e-01,3.500358361645389271e-01,6.680819981719701151e-01,6.293679687439016623e-01,3.611692049189371700e-01,4.233072738499696896e-01,1.267112070486961228e-01,6.380061710285136467e-01,6.512417025580217178e-01,7.199995377166941157e-01
8.557531105709220709e-01,1.000000000000000000e+00,5.723099152708380766e-01,1.943956638736215881e-01,4.153403984194942167e-01,-5.243948240955891710e-02,-7.398060047629924883e-03,-5.407341034697158433e-01,7.140206538611011400e-01,6.821924739476642463e-01,6.787244838157378002e-01,4.726277042726995670e-01,-5.357673676558629694e-01,5.945271339568192204e-01,1.359964199338670743e-01,6.048348240989737112e-01,5.288375822423739825e-01,2.391086506325700578e-01,5.447094131762839075e-02,5.034869085227705598e-01,5.061919402632445442e-01,5.002044564361219844e-03,5.397000990428432177e-01,6.001427986562576367e-01,7.255983298452270969e-01,6.692680682841408712e-01,6.084305298362405745e-01,3.296843063144975217e-01,5.310767772752282845e-01,7.266851050547593616e-01,4.149771401074083266e-01,6.417531462588242919e-01,6.395271267837649987e-01,4.532811435869898986e-01,4.366883156434402946e-01,3.229614981264189444e-01,6.001244720243475994e-01,6.651308710156021986e-01,7.921256708135296920e-01
5.364824861787839128e-01,5.723099152708380766e-01,1.000000000000000000e+00,2.629770046255448523e-01,5.385514795133277133e-01,-2.785378346784722972e-02,-5.242652788961136429e-02,-9.207461220601755869e-01,6.584407974045886069e-01,3.854537395935969668e-01,6.299569429766832540e-01,3.128041934101477017e-01,-6.366502709721730824e-01,6.558756644370915545e-01,1.436834775924741023e-03,3.620638933844484986e-01,4.493554271548941825e-01,2.156250607773717298e-01,3.968455844669054391e-03,4.255030851682800597e-01,3.456113585787282672e-01,7.158195686554684467e-02,5.224889069251584806e-01,6.060658264802658568e-01,4.937875381056028301e-01,7.660751954276280307e-01,6.509416949711520628e-01,3.952335501086423619e-01,5.598907639683242676e-01,3.896110135623184201e-01,6.622243074387754724e-01,5.305115210434128148e-01,5.914820039436001764e-01,4.018416218547879448e-01,5.619009015631073467e-01,3.127066801733484613e-01,5.161694784269577063e-01,5.040770533570547718e-01,5.361564476471234464e-01
2.584996580528979848e-01,1.943956638736215881e-01,2.629770046255448523e-01,1.000000000000000000e+00,4.601550908777860549e-01,-2.035187411761458787e-01,-1.555193234142927539e-01,-2.992560728162063644e-01,1.026554423213173195e-01,2.477255756673884535e-01,1.589622129439521581e-01,2.316895983674942261e-01,-2.454834304053692406e-01,1.188074028090908008e-01,-3.060866573652538114e-01,3.074290078184153674e-01,6.718556971135311584e-02,5.394672545466817626e-01,2.327582660655053703e-01,2.459567553270485818e-01,5.253330744363012700e-02,1.079498854057025503e-01,1.099262279706339773e-01,-4.772837320765219854e-02,1.270580767177766357e-01,2.501875102777856297e-01,3.956412807654199892e-01,-1.506581666906716965e-01,2.184426624205004774e-01,2.695217796535160359e-01,-2.572217739703365480e-02,2.053055656536933726e-01,1.961808822154326726e-01,1.395508808367423859e-01,1.913455876264696098e-01,-2.993674897138778324e-01,2.697465437631660357e-01,-9.840889867322052953e-02,9.824314613804178975e-02
3.558238647444993963e-01,4.153403984194942167e-01,5.385514795133277133e-01,4.601550908777860549e-01,1.000000000000000000e+00,-2.166167962314070328e-01,-1.054840286875283369e-02,-5.262148602827820820e-01,5.027379955974642378e-01,3.644627725257945650e-01,2.801256999974221507e-01,5.491610648711142684e-01,-3.745943599430585635e-01,4.526388916072482949e-01,8.721084650015606399e-02,3.106240072228165228e-01,1.317341767133931030e-01,5.867492081837747397e-01,3.364315711487955163e-01,1.809776101760907085e-01,1.811921837685689929e-01,2.239836772346906479e-01,3.720391208058165256e-01,2.813912918674861263e-01,4.751392063583604330e-01,4.363939696835171245e-01,5.151194941747737621e-01,1.966884623419654365e-01,2.448427327681396704e-01,4.620959383420977229e-01,3.067642995357037217e-01,2.017464510805189182e-01,3.720224566056076765e-01,7.210203324624927523e-01,1.958524124042341219e-01,2.588526030103696640e-01,1.622740145062015471e-01,2.416750672853662241e-01,4.491855878422434389e-01
-2.640961381311295736e-02,-5.243948240955891710e-02,-2.785378346784722972e-02,-2.035187411761458787e-01,-2.166167962314070328e-01,1.000000000000000000e+00,-2.973192886770151810e-01,9.442253496999484380e-03,-8.174929805862198029e-02,-2.424524024358562235e-01,1.995522688844413028e-01,-2.038951206968434293e-01,-3.224799936839093523e-02,-2.340474914492989347e-02,-2.687219167606546555e-01,-1.994896058105265491e-01,1.296859045052949910e-01,-1.521391690982836775e-01,2.321092928777462872e-02,-2.290949291187846515e-01,-3.145937441281179258e-03,-3.487225907902375965e-01,-6.131267294286222441e-02,3.134445696993428676e-01,-1.518409136592393516e-01,3.100971360206046957e-03,1.129921167398249410e-01,9.164291805994875806e-02,1.902300088169062986e-01,-2.250030152248424231e-01,2.930292150471885959e-01,2.959733496306808376e-01,-1.082362732233107944e-01,-2.492772807339757590e-01,3.615586566570501703e-01,1.063423565676578364e-01,2.355581369817997817e-01,2.584764697056964045e-02,-1.116399233713276512e-01
-1.103499779500552273e-02,-7.398060047629924883e-03,-5.242652788961136429e-02,-1.555193234142927539e-01,-1.054840286875283369e-02,-2.973192886770151810e-01,1.000000000000000000e+00,1.349491400071634040e-01,-1.147166573702336143e-02,1.656237963190369256e-01,-1.222061620045865465e-01,-1.545483803660963329e-01,2.139684209168089546e-01,-9.637676569733857890e-02,1.281912761984073668e-01,1.381998373978244876e-01,-2.362913722426871616e-02,4.825055090985959361e-02,1.901365453335726874e-01,9.033255578587723322e-02,1.929983037856529138e-01,4.614580654249402780e-01,-4.139334488084901037e-02,-1.124166705752790291e-01,1.735251288722466090e-01,-1.933793249810295267e-01,-1.818884030627407888e-01,3.727924631961914703e-01,-1.790967969777212676e-01,9.145004416576572870e-02,-8.022911901083384922e-02,-1.524992084344377608e-01,1.673397884670852764e-01,1.154346563959054578e-01,-3.408144362960864315e-01,1.046502581256808159e-02,-1.563267517223256298e-01,-1.066131633312191462e-01,-4.898736804131659239e-02
-5.138466405310490037e-01,-5.407341034697158433e-01,-9.207461220601755869e-01,-2.992560728162063644e-01,-5.262148602827820820e-01,9.442253496999484380e-03,1.349491400071634040e-01,1.000000000000000000e+00,-6.185048934636764306e-01,-3.547251894642058923e-01,-5.837182160989260460e-01,-2.718154457086296438e-01,5.981549030910661147e-01,-6.276798061068281642e-01,4.834853319747933059e-02,-3.299078583775985063e-01,-4.256852655097476679e-01,-2.149089106268769478e-01,-1.334919450205129636e-02,-3.733059305376535408e-01,-2.400693982350598221e-01,-6.000496187819983653e-03,-5.288648992961493267e-01,-5.692541410106087829e-01,-4.216197476487662521e-01,-7.510041979772931198e-01,-6.460905478608642838e-01,-3.681828300096110507e-01,-5.313498843644129943e-01,-3.705390742204288657e-01,-6.182763249421157070e-01,-4.999870953753348668e-01,-4.902737789864425322e-01,-3.722072598939956678e-01,-5.650113438735880900e-01,-2.989394502908306883e-01,-4.987269737625638633e-01,-4.617974836956185714e-01,-4.901179586638017005e-01
6.396228618475722216e-01,7.140206538611011400e-01,6.584407974045886069e-01,1.026554423213173195e-01,5.027379955974642378e-01,-8.174929805862198029e-02,-1.147166573702336143e-02,-6.185048934636764306e-01,1.000000000000000000e+00,4.751209419246008037e-01,6.392021083554598748e-01,5.537543087797978103e-01,-5.098989612861772880e-01,6.674345200866146355e-01,2.843544122845790278e-01,3.975740028992865716e-01,4.906538686380422232e-01,3.405450412833534446e-01,8.004752207477790205e-02,4.370927731623444612e-01,5.134878738169291745e-01,1.493884453998756690e-01,5.801483833192289108e-01,6.023187354398105153e-01,7.303579606749077691e-01,7.431808142046808507e-01,6.412066072694171392e-01,3.269290755482653910e-01,5.239434698651889155e-01,5.998833784611792286e-01,4.848127623949589626e-01,5.427590931870994728e-01,6.935536901428773771e-01,5.051053264836327106e-01,4.566026775504917756e-01,4.542707605372012791e-01,4.584068131142101654e-01,6.876134526573554062e-01,8.289276784059745884e-01
7.187751139310702975e-01,6.821924739476642463e-01,3.854537395935969668e-01,2.477255756673884535e-01,3.644627725257945650e-01,-2.424524024358562235e-01,1.656237963190369256e-01,-3.547251894642058923e-01,4.751209419246008037e-01,1.000000000000000000e+00,3.886200073888995687e-01,4.371661212608313751e-01,-3.823400865189161002e-01,5.625175997698491637e-01,2.805044239160848774e-01,8.524896995047667181e-01,3.936540887077146222e-01,3.632823216233916352e-01,2.068681903580271431e-01,4.400025727350307392e-01,3.927090461703600655e-01,7.863610834936596294e-02,4.255375011662965168e-01,3.886677479788418488e-01,5.780535937439019722e-01,4.839930472063295186e-01,4.150905040713318006e-01,1.895668173006712365e-01,4.281930925685760725e-01,8.117165006248134862e-01,2.260684746202662743e-01,3.511695831438449433e-01,4.968773623978890996e-01,4.788781585316450040e-01,1.569647149247279938e-01,1.299881847561920045e-01,3.076852350866669528e-01,4.846600450641826430e-01,5.729154707194217266e-01
6.610777014383797390e-01,6.787244838157378002e-01,6.299569429766832540e-01,1.589622129439521581e-01,2.801256999974221507e-01,1.995522688844413028e-01,-1.222061620045865465e-01,-5.837182160989260460e-01,6.392021083554598748e-01,3.886200073888995687e-01,1.000000000000000000e+00,3.160171939016807041e-01,-6.154705304871235239e-01,5.586907549555544250e-01,-3.257150524025356417e-03,3.835857551687860134e-01,7.411828171383429975e-01,6.436075005863831078e-02,-2.071854634358222536e-01,5.326170538274537236e-01,6.163873021446696354e-01,-7.700207141113700471e-02,5.532542372342776904e-01,6.600491996230360980e-01,6.438304790020602519e-01,6.919865244752406719e-01,5.529860647677047325e-01,3.126079920114842592e-01,6.329927630601052124e-01,4.037983772336472543e-01,5.242101482975769500e-01,8.010044904892720252e-01,7.289566111651208935e-01,1.764461409034993600e-01,6.226794595423882361e-01,1.662883656791605269e-01,7.509043830786341633e-01,6.334186860061860047e-01,6.002106390826695836e-01
4.386218706183553362e-01,4.726277042726995670e-01,3.128041934101477017e-01,2.316895983674942261e-01,5.491610648711142684e-01,-2.038951206968434293e-01,-1.545483803660963329e-01,-2.718154457086296438e-01,5.537543087797978103e-01,4.371661212608313751e-01,3.160171939016807041e-01,1.000000000000000000e+00,-3.822128956000596101e-01,4.929038052818905946e-01,4.546474091287681096e-01,3.955130855426173264e-01,1.007978609135554704e-01,5.196031926875055440e-01,2.435351713158369624e-01,3.216610749974425643e-01,3.307090564292151091e-01,2.923454680305735409e-01,2.008723146854916319e-01,2.533422883636820555e-01,5.162225894075580523e-01,4.278452803407708505e-01,4.716769498853380926e-01,1.163936127521176117e-01,2.809587958413458098e-01,4.670035841192436421e-01,2.274700178277467566e-01,2.540505262095730243e-01,5.091435768066427947e-01,6.125724414023874242e-01,1.104033924485652435e-01,2.703960139814876040e-01,1.543988934165703708e-01,4.466050452482069888e-01,6.696704848795849152e-01
-5.078557827349993170e-01,-5.357673676558629694e-01,-6.366502709721730824e-01,-2.454834304053692406e-01,-3.745943599430585635e-01,-3.224799936839093523e-02,2.139684209168089546e-01,5.981549030910661147e-01,-5.098989612861772880e-01,-3.823400865189161002e-01,-6.154705304871235239e-01,-3.822128956000596101e-01,1.000000000000000000e+00,-5.322801863315028692e-01,-1.317443019746599164e-01,-3.561032366428054652e-01,-4.185755092721176740e-01,-1.495244529701635905e-01,1.197843241186804936e-01,-4.268575634470435642e-01,-4.933725375184212503e-01,8.749739383587885888e-02,-3.748507303160452664e-01,-5.387663468493106844e-01,-4.789207111566065045e-01,-6.713182440068949930e-01,-4.916254995207980927e-01,-8.202374539195099457e-02,-5.964836090582489314e-01,-3.531574889807723161e-01,-5.657649401890937346e-01,-4.877256411911729539e-01,-6.295672361852046039e-01,-2.532599277040218921e-01,-5.223208044571808761e-01,-2.018656877170038055e-01,-4.861371006854020016e-01,-5.680173014060706516e-01,-5.351816614056840171e-01
5.643251315842272575e-01,5.945271339568192204e-01,6.558756644370915545e-01,1.188074028090908008e-01,4.526388916072482949e-01,-2.340474914492989347e-02,-9.637676569733857890e-02,-6.276798061068281642e-01,6.674345200866146355e-01,5.625175997698491637e-01,5.586907549555544250e-01,4.929038052818905946e-01,-5.322801863315028692e-01,1.000000000000000000e+00,1.646869356797172890e-01,6.081470025374570154e-01,3.443041424227045177e-01,2.271613364987517258e-01,3.445775420256610294e-02,4.183567396039451491e-01,4.000876880789861478e-01,9.217798048446355919e-02,4.907165636442847867e-01,6.695462176179844960e-01,5.540356171326868973e-01,6.626517033656227351e-01,5.856600058296109745e-01,2.468224107465525341e-01,6.005009681059890747e-01,5.184627156741903331e-01,5.911125097333285172e-01,4.537599446802103031e-01,5.772389810912973429e-01,4.229120607856894365e-01,4.649046993821822626e-01,3.177413665837688916e-01,4.270489513914767499e-01,5.289780782789396119e-01,5.910814811847199257e-01
1.551280759768968454e-01,1.359964199338670743e-01,1.436834775924741023e-03,-3.060866573652538114e-01,8.721084650015606399e-02,-2.687219167606546555e-01,1.281912761984073668e-01,4.834853319747933059e-02,2.843544122845790278e-01,2.805044239160848774e-01,-3.257150524025356417e-03,4.546474091287681096e-01,-1.317443019746599164e-01,1.646869356797172890e-01,1.000000000000000000e+00,1.392095763087572435e-01,1.041056943002965779e-01,1.593339383604760184e-01,1.869585980451277663e-01,1.297311730469885849e-01,2.040901390735705700e-01,1.849281532943691519e-01,1.125845882739944098e-01,3.626250645074766826e-02,2.668982622042018193e-01,2.295189803055676103e-01,2.516600244315384677e-03,2.510243505136936296e-02,-2.013693058252966420e-02,2.736302830288648846e-01,-4.770744460213030558e-02,-1.874885582585799904e-01,1.893775567409519411e-01,4.295285078253686106e-01,-2.337424751686225100e-01,2.495349193278009747e-01,-2.992404036923399513e-01,4.462782454698999146e-01,3.977221764221692268e-01
6.789426078373530515e-01,6.048348240989737112e-01,3.620638933844484986e-01,3.074290078184153674e-01,3.106240072228165228e-01,-1.994896058105265491e-01,1.381998373978244876e-01,-3.299078583775985063e-01,3.975740028992865716e-01,8.524896995047667181e-01,3.835857551687860134e-01,3.955130855426173264e-01,-3.561032366428054652e-01,6.081470025374570154e-01,1.392095763087572435e-01,1.000000000000000000e+00,3.061383633590727960e-01,3.638945106139883090e-01,1.988827939229323716e-01,4.215830132721264389e-01,3.419931467847660000e-01,1.127075574150277065e-01,3.208258394167316507e-01,3.634451803948998694e-01,4.963460547061839256e-01,4.186955422251038006e-01,4.350113908163529830e-01,1.794216542878872556e-01,3.697902986839201045e-01,7.005344594686074844e-01,1.985888206193971439e-01,4.180082456015891679e-01,4.827351543231891973e-01,3.771300108225802417e-01,1.038800148478631058e-01,1.978342896338727494e-02,4.056293523361875208e-01,3.559401460348989854e-01,4.698537352020100699e-01
4.983354008448083183e-01,5.288375822423739825e-01,4.493554271548941825e-01,6.718556971135311584e-02,1.317341767133931030e-01,1.296859045052949910e-01,-2.362913722426871616e-02,-4.256852655097476679e-01,4.906538686380422232e-01,3.936540887077146222e-01,7.411828171383429975e-01,1.007978609135554704e-01,-4.185755092721176740e-01,3.443041424227045177e-01,1.041056943002965779e-01,3.061383633590727960e-01,1.000000000000000000e+00,2.017150723283141819e-03,-1.096607744479459468e-01,3.745405432400387702e-01,4.265369364352770143e-01,-2.518223456059281440e-01,6.611852348801332546e-01,5.117974794005084593e-01,5.542003127890969827e-01,5.667838927013318928e-01,3.400572128539868233e-01,2.209949614047453104e-01,4.777777061237553635e-01,4.425989246087758122e-01,3.326355677009275591e-01,5.338390724437819257e-01,4.804382192479452196e-01,1.616151432958088108e-01,3.928182115765147531e-01,2.106170692621805451e-01,4.425098035065571089e-01,5.329686278789120824e-01,4.229327091901328717e-01
3.331596386418911315e-01,2.391086506325700578e-01,2.156250607773717298e-01,5.394672545466817626e-01,5.867492081837747397e-01,-1.521391690982836775e-01,4.825055090985959361e-02,-2.149089106268769478e-01,3.405450412833534446e-01,3.632823216233916352e-01,6.436075005863831078e-02,5.196031926875055440e-01,-1.495244529701635905e-01,2.271613364987517258e-01,1.593339383604760184e-01,3.638945106139883090e-01,2.017150723283141819e-03,1.000000000000000000e+00,6.576545666364550513e-01,1.373240150483767685e-01,1.122209664465071144e-01,3.610447843693633807e-01,4.564635189780878038e-02,8.941037880727581780e-03,2.775263828370156394e-01,3.144026484635207841e-01,4.318203529406844932e-01,4.170638454921025279e-02,1.082963431867716986e-01,3.993827649567363025e-01,-2.681290109689658460e-02,1.243552390976066097e-01,2.585430988114953976e-01,4.371096282644697517e-01,-1.300214617634658752e-02,-7.693410412325231429e-02,5.134541395141802717e-02,6.917170061591541852e-02,3.469151102073798620e-01
8.649970182918151340e-02,5.447094131762839075e-02,3.968455844669054391e-03,2.327582660655053703e-01,3.364315711487955163e-01,2.321092928777462872e-02,1.901365453335726874e-01,-1.334919450205129636e-02,8.004752207477790205e-02,2.068681903580271431e-01,-2.071854634358222536e-01,2.435351713158369624e-01,1.197843241186804936e-01,3.445775420256610294e-02,1.869585980451277663e-01,1.988827939229323716e-01,-1.096607744479459468e-01,6.576545666364550513e-01,1.000000000000000000e+00,-2.115544826366076159e-01,-1.073676099999207323e-01,2.189831226590838176e-01,5.142858006722913176e-03,1.165839268026620801e-02,8.874231968267007331e-02,3.580015862193313553e-02,3.087800572537720001e-01,9.667196347345895224e-02,-1.996152965052168105e-01,2.203041260611688923e-01,-4.110564731685618922e-02,-1.620873715005211324e-01,-7.164146175447980158e-02,4.078925956886311210e-01,-2.626223223638752269e-01,7.313165766244503208e-02,-2.537380593500670467e-01,-1.716038534630136836e-01,8.849290942459715759e-02
5.355271440293754015e-01,5.034869085227705598e-01,4.255030851682800597e-01,2.459567553270485818e-01,1.809776101760907085e-01,-2.290949291187846515e-01,9.033255578587723322e-02,-3.733059305376535408e-01,4.370927731623444612e-01,4.400025727350307392e-01,5.326170538274537236e-01,3.216610749974425643e-01,-4.268575634470435642e-01,4.183567396039451491e-01,1.297311730469885849e-01,4.215830132721264389e-01,3.745405432400387702e-01,1.373240150483767685e-01,-2.115544826366076159e-01,1.000000000000000000e+00,5.201024223461198082e-01,2.404468481421498383e-01,2.842633391187899816e-01,2.685317708290930194e-01,4.649484113441528788e-01,5.030801889693607976e-01,2.730681614434217197e-01,1.885550308696212485e-01,4.791562065073151633e-01,3.822997185522251651e-01,2.377222958425039001e-01,4.604040335273125173e-01,6.816937697844605015e-01,7.219573375270291193e-02,3.662585598797936104e-01,-8.822885948215961407e-03,4.853567307414073384e-01,4.955025039606334447e-01,4.997018022039728669e-01
4.968739897155334817e-01,5.061919402632445442e-01,3.456113585787282672e-01,5.253330744363012700e-02,1.811921837685689929e-01,-3.145937441281179258e-03,1.929983037856529138e-01,-2.400693982350598221e-01,5.134878738169291745e-01,3.927090461703600655e-01,6.163873021446696354e-01,3.307090564292151091e-01,-4.933725375184212503e-01,4.000876880789861478e-01,2.040901390735705700e-01,3.419931467847660000e-01,4.265369364352770143e-01,1.122209664465071144e-01,-1.073676099999207323e-01,5.201024223461198082e-01,1.000000000000000000e+00,1.579627063328601089e-01,2.463469320086448811e-01,4.808103188318197385e-01,6.306955282101016635e-01,4.509287563799596055e-01,2.937077665683162642e-01,2.146334690213761442e-01,5.434047125201122430e-01,3.672860200828605426e-01,4.098527976830543262e-01,5.143435379910925587e-01,7.652292704611169949e-01,1.660497066643327191e-01,3.957641826332640722e-01,9.640806852998433374e-02,4.689791255724619634e-01,5.382965746331361823e-01,5.574463973607798328e-01
6.460305146520162189e-02,5.002044564361219844e-03,7.158195686554684467e-02,1.079498854057025503e-01,2.239836772346906479e-01,-3.487225907902375965e-01,4.614580654249402780e-01,-6.000496187819983653e-03,1.493884453998756690e-01,7.863610834936596294e-02,-7.700207141113700471e-02,2.923454680305735409e-01,8.749739383587885888e-02,9.217798048446355919e-02,1.849281532943691519e-01,1.127075574150277065e-01,-2.518223456059281440e-01,3.610447843693633807e-01,2.189831226590838176e-01,2.404468481421498383e-01,1.579627063328601089e-01,1.000000000000000000e+00,-1.998878523405340502e-01,-1.273715863767186096e-01,1.134265344300767336e-01,7.301747923013827621e-03,3.743720117941370940e-02,1.440715661696864713e-01,-7.209647348337568096e-02,2.236522450525461544e-02,3.103077787536934629e-03,-6.991432244915790628e-02,3.246726258792686504e-01,1.193638696620621942e-01,-1.651806637122867905e-01,-1.969572940763496260e-01,-8.973031068734928228e-02,-4.872559792141510637e-02,1.084543743894154505e-01
4.236690256167383595e-01,5.397000990428432177e-01,5.224889069251584806e-01,1.099262279706339773e-01,3.720391208058165256e-01,-6.131267294286222441e-02,-4.139334488084901037e-02,-5.288648992961493267e-01,5.801483833192289108e-01,4.255375011662965168e-01,5.532542372342776904e-01,2.008723146854916319e-01,-3.748507303160452664e-01,4.907165636442847867e-01,1.125845882739944098e-01,3.208258394167316507e-01,6.611852348801332546e-01,4.564635189780878038e-02,5.142858006722913176e-03,2.842633391187899816e-01,2.463469320086448811e-01,-1.998878523405340502e-01,1.000000000000000000e+00,5.418424266760015762e-01,6.739944949060439061e-01,5.638577626204468451e-01,4.394997965506860504e-01,2.280032844431323924e-01,4.082094297771846070e-01,4.882949451530398943e-01,3.575628189370357313e-01,3.364856795174265836e-01,3.697606386842878790e-01,3.627863126606216126e-01,3.807541949280212057e-01,4.223587382380147859e-01,3.091518662158888042e-01,4.567109987533724547e-01,5.088298064612930549e-01
5.320377476177737819e-01,6.001427986562576367e-01,6.060658264802658568e-01,-4.772837320765219854e-02,2.813912918674861263e-01,3.134445696993428676e-01,-1.124166705752790291e-01,-5.692541410106087829e-01,6.023187354398105153e-01,3.886677479788418488e-01,6.600491996230360980e-01,2.533422883636820555e-01,-5.387663468493106844e-01,6.695462176179844960e-01,3.626250645074766826e-02,3.634451803948998694e-01,5.117974794005084593e-01,8.941037880727581780e-03,1.165839268026620801e-02,2.685317708290930194e-01,4.808103188318197385e-01,-1.273715863767186096e-01,5.418424266760015762e-01,1.000000000000000000e+00,5.758744532045080300e-01,6.233826822932803102e-01,5.548828855066944010e-01,3.399200819774224058e-01,6.211347209670471381e-01,3.791794287823227472e-01,7.406604834335578369e-01,5.697696927714588355e-01,5.250773683248622925e-01,2.973119860680560333e-01,6.040838621491073646e-01,3.885411686816937493e-01,5.222421884940847692e-01,5.280953568739549242e-01,5.429580168189783729e-01
6.260595196005880325e-01,7.255983298452270969e-01,4.937875381056028301e-01,1.270580767177766357e-01,4.751392063583604330e-01,-1.518409136592393516e-01,1.735251288722466090e-01,-4.216197476487662521e-01,7.303579606749077691e-01,5.780535937439019722e-01,6.438304790020602519e-01,5.162225894075580523e-01,-4.789207111566065045e-01,5.540356171326868973e-01,2.668982622042018193e-01,4.963460547061839256e-01,5.542003127890969827e-01,2.775263828370156394e-01,8.874231968267007331e-02,4.649484113441528788e-01,6.306955282101016635e-01,1.134265344300767336e-01,6.739944949060439061e-01,5.758744532045080300e-01,1.000000000000000000e+00,5.785525038045765678e-01,5.081574379665214636e-01,2.920560952326574089e-01,5.120689048497167883e-01,6.433460341359578116e-01,4.230599743517134415e-01,5.063736045572055922e-01,7.206631263444592816e-01,5.049980613803023433e-01,3.388007886117174738e-01,3.770043707364185148e-01,4.400208198389401471e-01,5.932589749300959392e-01,7.582468039198927423e-01
6.869640280838474888e-01,6.692680682841408712e-01,7.660751954276280307e-01,2.501875102777856297e-01,4.363939696835171245e-01,3.100971360206046957e-03,-1.933793249810295267e-01,-7.510041979772931198e-01,7.431808142046808507e-01,4.839930472063295186e-01,6.919865244752406719e-01,4.278452803407708505e-01,-6.713182440068949930e-01,6.626517033656227351e-01,2.295189803055676103e-01,4.186955422251038006e-01,5.667838927013318928e-01,3.144026484635207841e-01,3.580015862193313553e-02,5.030801889693607976e-01,4.509287563799596055e-01,7.301747923013827621e-03,5.638577626204468451e-01,6.233826822932803102e-01,5.785525038045765678e-01,1.000000000000000000e+00,7.176950233587638950e-01,1.928043490276179495e-01,6.681334058637440343e-01,5.123697722267738230e-01,5.689556090165329705e-01,5.680047130183564219e-01,6.465365527612561003e-01,3.444211733679092835e-01,6.139169690039525396e-01,2.441308137836509240e-01,5.383818773968847005e-01,6.871298030530627043e-01,6.937613085821495718e-01
6.182515761660101195e-01,6.084305298362405745e-01,6.509416949711520628e-01,3.956412807654199892e-01,5.151194941747737621e-01,1.129921167398249410e-01,-1.818884030627407888e-01,-6.460905478608642838e-01,6.412066072694171392e-01,4.150905040713318006e-01,5.529860647677047325e-01,4.716769498853380926e-01,-4.916254995207980927e-01,5.856600058296109745e-01,2.516600244315384677e-03,4.350113908163529830e-01,3.400572128539868233e-01,4.318203529406844932e-01,3.087800572537720001e-01,2.730681614434217197e-01,2.937077665683162642e-01,3.743720117941370940e-02,4.394997965506860504e-01,5.548828855066944010e-01,5.081574379665214636e-01,7.176950233587638950e-01,1.000000000000000000e+00,2.733501943847642668e-01,4.407909161451112334e-01,4.568081712803516159e-01,5.330012454982273606e-01,5.316770281135669851e-01,5.152786130824076327e-01,4.315563816308041201e-01,4.832166481121096258e-01,2.549145924099777138e-01,5.131733132954928722e-01,3.843807116368616605e-01,6.014520177758325703e-01
2.881841626589878858e-01,3.296843063144975217e-01,3.952335501086423619e-01,-1.506581666906716965e-01,1.966884623419654365e-01,9.164291805994875806e-02,3.727924631961914703e-01,-3.681828300096110507e-01,3.269290755482653910e-01,1.895668173006712365e-01,3.126079920114842592e-01,1.163936127521176117e-01,-8.202374539195099457e-02,2.468224107465525341e-01,2.510243505136936296e-02,1.794216542878872556e-01,2.209949614047453104e-01,4.170638454921025279e-02,9.667196347345895224e-02,1.885550308696212485e-01,2.146334690213761442e-01,1.440715661696864713e-01,2.280032844431323924e-01,3.399200819774224058e-01,2.920560952326574089e-01,1.928043490276179495e-01,2.733501943847642668e-01,1.000000000000000000e+00,4.251958364348658315e-02,1.870161835360933389e-01,2.539326517708936359e-01,3.187746283103983780e-01,2.958388097878045797e-01,3.197357774564389410e-01,4.519047149054869483e-02,4.176476858397088487e-01,3.016368491233714089e-01,2.156181906284773964e-01,2.940069530659625285e-01
5.182181779151899814e-01,5.310767772752282845e-01,5.598907639683242676e-01,2.184426624205004774e-01,2.448427327681396704e-01,1.902300088169062986e-01,-1.790967969777212676e-01,-5.313498843644129943e-01,5.239434698651889155e-01,4.281930925685760725e-01,6.329927630601052124e-01,2.809587958413458098e-01,-5.964836090582489314e-01,6.005009681059890747e-01,-2.013693058252966420e-02,3.697902986839201045e-01,4.777777061237553635e-01,1.082963431867716986e-01,-1.996152965052168105e-01,4.791562065073151633e-01,5.434047125201122430e-01,-7.209647348337568096e-02,4.082094297771846070e-01,6.211347209670471381e-01,5.120689048497167883e-01,6.681334058637440343e-01,4.407909161451112334e-01,4.251958364348658315e-02,1.000000000000000000e+00,4.043433978018307617e-01,6.367726002667073448e-01,5.625967689560177343e-01,6.003504161144666007e-01,9.116874477064519644e-02,7.806443050472356981e-01,1.053570585566940138e-01,5.412627446110687135e-01,5.712526788361298458e-01,5.007574727488072197e-01
7.173872714184545973e-01,7.266851050547593616e-01,3.896110135623184201e-01,2.695217796535160359e-01,4.620959383420977229e-01,-2.250030152248424231e-01,9.145004416576572870e-02,-3.705390742204288657e-01,5.998833784611792286e-01,8.117165006248134862e-01,4.037983772336472543e-01,4.670035841192436421e-01,-3.531574889807723161e-01,5.184627156741903331e-01,2.736302830288648846e-01,7.005344594686074844e-01,4.425989246087758122e-01,3.993827649567363025e-01,2.203041260611688923e-01,3.822997185522251651e-01,3.672860200828605426e-01,2.236522450525461544e-02,4.882949451530398943e-01,3.791794287823227472e-01,6.433460341359578116e-01,5.123697722267738230e-01,4.568081712803516159e-01,1.870161835360933389e-01,4.043433978018307617e-01,1.000000000000000000e+00,2.058747636870006947e-01,3.592666789435257635e-01,4.650626714400681871e-01,5.591545856203519183e-01,2.133022376124531216e-01,2.790740993220822141e-01,3.061755802947926930e-01,5.585278005177140015e-01,6.431293734339250667e-01
3.500358361645389271e-01,4.149771401074083266e-01,6.622243074387754724e-01,-2.572217739703365480e-02,3.067642995357037217e-01,2.930292150471885959e-01,-8.022911901083384922e-02,-6.182763249421157070e-01,4.848127623949589626e-01,2.260684746202662743e-01,5.242101482975769500e-01,2.274700178277467566e-01,-5.657649401890937346e-01,5.911125097333285172e-01,-4.770744460213030558e-02,1.985888206193971439e-01,3.326355677009275591e-01,-2.681290109689658460e-02,-4.110564731685618922e-02,2.377222958425039001e-01,4.098527976830543262e-01,3.103077787536934629e-03,3.575628189370357313e-01,7.406604834335578369e-01,4.230599743517134415e-01,5.689556090165329705e-01,5.330012454982273606e-01,2.539326517708936359e-01,6.367726002667073448e-01,2.058747636870006947e-01,1.000000000000000000e+00,4.286225914302888018e-01,5.254712036869001457e-01,2.563449038947920866e-01,6.319392946847214310e-01,3.718368211294426073e-01,4.005077060382050136e-01,4.257804972911033436e-01,3.858457234476537767e-01
6.680819981719701151e-01,6.417531462588242919e-01,5.305115210434128148e-01,2.053055656536933726e-01,2.017464510805189182e-01,2.959733496306808376e-01,-1.524992084344377608e-01,-4.999870953753348668e-01,5.427590931870994728e-01,3.511695831438449433e-01,8.010044904892720252e-01,2.540505262095730243e-01,-4.877256411911729539e-01,4.537599446802103031e-01,-1.874885582585799904e-01,4.180082456015891679e-01,5.338390724437819257e-01,1.243552390976066097e-01,-1.620873715005211324e-01,4.604040335273125173e-01,5.143435379910925587e-01,-6.991432244915790628e-02,3.364856795174265836e-01,5.697696927714588355e-01,5.063736045572055922e-01,5.680047130183564219e-01,5.316770281135669851e-01,3.187746283103983780e-01,5.625967689560177343e-01,3.592666789435257635e-01,4.286225914302888018e-01,1.000000000000000000e+00,6.280446213665924482e-01,6.043865444346282340e-02,5.803820047224383938e-01,4.194712371196002154e-02,8.803632193812859219e-01,5.193594355604733703e-01,5.539405731088027363e-01
6.293679687439016623e-01,6.395271267837649987e-01,5.914820039436001764e-01,1.961808822154326726e-01,3.720224566056076765e-01,-1.082362732233107944e-01,1.673397884670852764e-01,-4.902737789864425322e-01,6.935536901428773771e-01,4.968773623978890996e-01,7.289566111651208935e-01,5.091435768066427947e-01,-6.295672361852046039e-01,5.772389810912973429e-01,1.893775567409519411e-01,4.827351543231891973e-01,4.804382192479452196e-01,2.585430988114953976e-01,-7.164146175447980158e-02,6.816937697844605015e-01,7.652292704611169949e-01,3.246726258792686504e-01,3.697606386842878790e-01,5.250773683248622925e-01,7.206631263444592816e-01,6.465365527612561003e-01,5.152786130824076327e-01,2.958388097878045797e-01,6.003504161144666007e-01,4.650626714400681871e-01,5.254712036869001457e-01,6.280446213665924482e-01,1.000000000000000000e+00,2.867763798729164870e-01,4.555550610040771664e-01,1.555799402754309835e-01,5.775918843615529541e-01,6.135463809490253606e-01,6.855825902366249336e-01
3.611692049189371700e-01,4.532811435869898986e-01,4.018416218547879448e-01,1.395508808367423859e-01,7.210203324624927523e-01,-2.492772807339757590e-01,1.154346563959054578e-01,-3.722072598939956678e-01,5.051053264836327106e-01,4.788781585316450040e-01,1.764461409034993600e-01,6.125724414023874242e-01,-2.532599277040218921e-01,4.229120607856894365e-01,4.295285078253686106e-01,3.771300108225802417e-01,1.616151432958088108e-01,4.371096282644697517e-01,4.078925956886311210e-01,7.219573375270291193e-02,1.660497066643327191e-01,1.193638696620621942e-01,3.627863126606216126e-01,2.973119860680560333e-01,5.049980613803023433e-01,3.444211733679092835e-01,4.315563816308041201e-01,3.197357774564389410e-01,9.116874477064519644e-02,5.591545856203519183e-01,2.563449038947920866e-01,6.043865444346282340e-02,2.867763798729164870e-01,1.000000000000000000e+00,-6.638321481180191330e-02,5.359926671578248980e-01,-3.012060682511158438e-02,3.064591032230571943e-01,5.254364602722491062e-01
4.233072738499696896e-01,4.366883156434402946e-01,5.619009015631073467e-01,1.913455876264696098e-01,1.958524124042341219e-01,3.615586566570501703e-01,-3.408144362960864315e-01,-5.650113438735880900e-01,4.566026775504917756e-01,1.569647149247279938e-01,6.226794595423882361e-01,1.104033924485652435e-01,-5.223208044571808761e-01,4.649046993821822626e-01,-2.337424751686225100e-01,1.038800148478631058e-01,3.928182115765147531e-01,-1.300214617634658752e-02,-2.626223223638752269e-01,3.662585598797936104e-01,3.957641826332640722e-01,-1.651806637122867905e-01,3.807541949280212057e-01,6.040838621491073646e-01,3.388007886117174738e-01,6.139169690039525396e-01,4.832166481121096258e-01,4.519047149054869483e-02,7.806443050472356981e-01,2.133022376124531216e-01,6.319392946847214310e-01,5.803820047224383938e-01,4.555550610040771664e-01,-6.638321481180191330e-02,1.000000000000000000e+00,7.252950900369944942e-02,6.076692876819110856e-01,4.810054714052411917e-01,3.954932248622888835e-01
1.267112070486961228e-01,3.229614981264189444e-01,3.127066801733484613e-01,-2.993674897138778324e-01,2.588526030103696640e-01,1.063423565676578364e-01,1.046502581256808159e-02,-2.989394502908306883e-01,4.542707605372012791e-01,1.299881847561920045e-01,1.662883656791605269e-01,2.703960139814876040e-01,-2.018656877170038055e-01,3.177413665837688916e-01,2.495349193278009747e-01,1.978342896338727494e-02,2.106170692621805451e-01,-7.693410412325231429e-02,7.313165766244503208e-02,-8.822885948215961407e-03,9.640806852998433374e-02,-1.969572940763496260e-01,4.223587382380147859e-01,3.885411686816937493e-01,3.770043707364185148e-01,2.441308137836509240e-01,2.549145924099777138e-01,4.176476858397088487e-01,1.053570585566940138e-01,2.790740993220822141e-01,3.718368211294426073e-01,4.194712371196002154e-02,1.555799402754309835e-01,5.359926671578248980e-01,7.252950900369944942e-02,1.000000000000000000e+00,-1.235446547194413505e-02,3.409749086493827352e-01,4.067576884884094301e-01
6.380061710285136467e-01,6.001244720243475994e-01,5.161694784269577063e-01,2.697465437631660357e-01,1.622740145062015471e-01,2.355581369817997817e-01,-1.563267517223256298e-01,-4.987269737625638633e-01,4.584068131142101654e-01,3.076852350866669528e-01,7.509043830786341633e-01,1.543988934165703708e-01,-4.861371006854020016e-01,4.270489513914767499e-01,-2.992404036923399513e-01,4.056293523361875208e-01,4.425098035065571089e-01,5.134541395141802717e-02,-2.537380593500670467e-01,4.853567307414073384e-01,4.689791255724619634e-01,-8.973031068734928228e-02,3.091518662158888042e-01,5.222421884940847692e-01,4.400208198389401471e-01,5.383818773968847005e-01,5.131733132954928722e-01,3.016368491233714089e-01,5.412627446110687135e-01,3.061755802947926930e-01,4.005077060382050136e-01,8.803632193812859219e-01,5.775918843615529541e-01,-3.012060682511158438e-02,6.076692876819110856e-01,-1.235446547194413505e-02,1.000000000000000000e+00,4.497532968983197765e-01,4.731886944149027441e-01
6.512417025580217178e-01,6.651308710156021986e-01,5.040770533570547718e-01,-9.840889867322052953e-02,2.416750672853662241e-01,2.584764697056964045e-02,-1.066131633312191462e-01,-4.617974836956185714e-01,6.876134526573554062e-01,4.846600450641826430e-01,6.334186860061860047e-01,4.466050452482069888e-01,-5.680173014060706516e-01,5.289780782789396119e-01,4.462782454698999146e-01,3.559401460348989854e-01,5.329686278789120824e-01,6.917170061591541852e-02,-1.716038534630136836e-01,4.955025039606334447e-01,5.382965746331361823e-01,-4.872559792141510637e-02,4.567109987533724547e-01,5.280953568739549242e-01,5.932589749300959392e-01,6.871298030530627043e-01,3.843807116368616605e-01,2.156181906284773964e-01,5.712526788361298458e-01,5.585278005177140015e-01,4.257804972911033436e-01,5.193594355604733703e-01,6.135463809490253606e-01,3.064591032230571943e-01,4.810054714052411917e-01,3.409749086493827352e-01,4.497532968983197765e-01,1.000000000000000000e+00,7.377805092662368391e-01
7.199995377166941157e-01,7.921256708135296920e-01,5.361564476471234464e-01,9.824314613804178975e-02,4.491855878422434389e-01,-1.116399233713276512e-01,-4.898736804131659239e-02,-4.901179586638017005e-01,8.289276784059745884e-01,5.729154707194217266e-01,6.002106390826695836e-01,6.696704848795849152e-01,-5.351816614056840171e-01,5.910814811847199257e-01,3.977221764221692268e-01,4.698537352020100699e-01,4.229327091901328717e-01,3.469151102073798620e-01,8.849290942459715759e-02,4.997018022039728669e-01,5.574463973607798328e-01,1.084543743894154505e-01,5.088298064612930549e-01,5.429580168189783729e-01,7.582468039198927423e-01,6.937613085821495718e-01,6.014520177758325703e-01,2.940069530659625285e-01,5.007574727488072197e-01,6.431293734339250667e-01,3.858457234476537767e-01,5.539405731088027363e-01,6.855825902366249336e-01,5.254364602722491062e-01,3.954932248622888835e-01,4.067576884884094301e-01,4.731886944149027441e-01,7.377805092662368391e-01,1.000000000000000000e+00
