1.000000000000000000e+00,7.701041337923202335e-01,6.526639629855008895e-01,3.208544323041978563e-01,6.870018410307705548e-01,-8.049000712822883263e-02,1.675879156899464095e-01,-4.148643793519751766e-01,4.671712946259335975e-01,5.872601901474739927e-01,-4.148043870551638285e-02,3.599299444836427386e-01,-1.023145098461965274e-01,5.126355448080235355e-01,2.911399094053369607e-01,6.004156797556343683e-01,3.211807707439429116e-01,4.577163476652285623e-01,4.314122019765487259e-01,2.728474009822847157e-01,2.195777588674601988e-01,8.523424587154185272e-02,2.476399371201088717e-01,4.189084667121771299e-01,3.176480676760752575e-02,7.915411907851168660e-01,3.178686119252766007e-01,4.560456240042697340e-01,4.539721294745353020e-01,4.487680983074134877e-01,5.604911006719198729e-01,7.207125034900424554e-01,2.461457768486199627e-01,4.097774596754683030e-01,1.349080570717881011e-01,9.267049681857916776e-02,4.623892367316499996e-01,4.674678839927493001e-01,5.621938360140796842e-01
7.701041337923202335e-01,1.000000000000000000e+00,4.340744515738961806e-01,1.429999928071087612e-01,4.598379948553152907e-01,5.723464863243257761e-02,6.537293320602957647e-02,-4.141766260805953559e-01,2.550509414431441635e-01,4.081724482836363022e-01,1.471668035358756899e-01,1.866787340158022335e-01,4.179183975891902908e-02,4.790888129078177959e-01,1.019603988086273810e-01,4.544516949004052675e-01,4.030485410160595805e-01,2.469714459913826266e-01,2.207093699445114576e-01,9.433275645025429590e-02,3.917657781259849953e-02,9.948945085514775133e-02,2.304781888057866324e-01,2.753153337926239619e-01,1.264095796796608773e-01,7.105177941106485262e-01,4.451177877187642018e-01,2.119271002952244076e-01,4.855733149664242521e-01,2.225169395929047778e-01,4.492018415431353606e-01,6.555118188340427476e-01,1.343890273122846091e-01,1.605293210212320743e-01,3.011529169861096311e-01,2.597302946447927474e-01,5.321818669388407308e-01,2.485983023343685816e-01,4.461891506635257132e-01
6.526639629855008895e-01,4.340744515738961806e-01,1.000000000000000000e+00,5.515406408386677173e-01,8.412792747849933139e-01,-5.576062887598629003e-02,3.023658297005465401e-01,-4.571708758643309722e-01,5.189486541556955768e-01,7.220426364600404101e-01,-1.002469900406788711e-01,4.567734490431660799e-01,-1.236759168437046447e-01,5.513359399607271616e-01,4.094065941681157561e-01,7.296614883502323678e-01,2.456132256906966016e-01,6.480605921362927457e-01,5.853390116483919714e-01,5.308034756178744429e-01,7.021297615824464433e-01,3.418955501850396983e-01,3.506796906229271982e-01,4.965947264409216189e-01,9.193875222551295412e-02,7.144884231709517364e-01,2.881499817430730470e-01,6.627506906936234676e-01,4.216371024099715981e-01,5.864239486385175448e-01,6.432736287685271170e-01,5.704154608939984161e-01,5.041079627058170365e-01,6.010723360132250725e-01,-9.246718103015433288e-02,-3.215662005761332071e-02,3.451355532983128582e-01,5.426967303750539484e-01,5.411010063866309450e-01
3.208544323041978563e-01,1.429999928071087612e-01,5.515406408386677173e-01,1.000000000000000000e+00,5.677532259796996827e-01,-2.926409187317614014e-01,6.352955396586758008e-01,2.282431621749897444e-01,7.131164929378306372e-01,6.951836640106457965e-01,-5.636549693467436395e-01,7.783184453838847272e-01,-4.343309890121807015e-01,3.102013748622453604e-01,7.134140483665002419e-01,5.803073074555576971e-01,-3.873205426353753533e-01,8.327033368337577457e-01,8.322004273454924883e-01,7.833966432101280297e-01,5.089265733044842088e-01,3.328910722648211196e-01,2.040245327324627100e-01,5.900304663938997773e-01,-1.552039097615184882e-01,3.284537424819652940e-01,-1.546813387066764689e-01,7.209033412205131386e-01,-4.946629696787211393e-03,7.565747534263723706e-01,4.096334191756799692e-01,2.345427938333788931e-01,7.643278626344501316e-03,6.074900096574020747e-01,-2.875518613493354136e-01,-4.018339777156060832e-01,-1.578025824924904688e-03,7.054207540651583619e-01,6.640391074703596574e-01
6.870018410307705548e-01,4.598379948553152907e-01,8.412792747849933139e-01,5.677532259796996827e-01,1.000000000000000000e+00,-1.810248079294878021e-01,2.537780860258038174e-01,-4.209183792330414287e-01,6.662010414307352191e-01,8.090962251621776069e-01,-2.215099354096261575e-01,6.056490690029446844e-01,-3.388403943501668847e-01,5.487819900898639469e-01,5.609069068722662976e-01,7.507206713690703914e-01,1.747283336452397084e-01,7.331315898080935645e-01,6.904186409491436249e-01,5.611059914316683939e-01,5.017164668151934404e-01,1.069946046927321981e-01,2.358718473624445422e-01,5.415414713253572376e-01,-4.392277471719938792e-02,7.453953745755288463e-01,1.989761454693307063e-01,7.513911076543337009e-01,3.249861642672449147e-01,7.205763246898074792e-01,7.810037347251810314e-01,5.937411297222267015e-01,2.630775160197744156e-01,7.109181295062881878e-01,-2.223009239392546021e-01,-1.733210082825645260e-01,2.655042506579972095e-01,6.993097367621825544e-01,6.953280631467317896e-01
-8.049000712822883263e-02,5.723464863243257761e-02,-5.576062887598629003e-02,-2.926409187317614014e-01,-1.810248079294878021e-01,1.000000000000000000e+00,-3.088723025967679559e-02,-4.334212225703246157e-02,-5.617133894771750846e-01,-1.765568552834169136e-01,7.778639338655877200e-01,-5.362420899002910968e-01,7.073951878079824951e-01,2.731269536219451122e-01,-5.637925975406338219e-01,1.225325457501327403e-01,5.760552082066375812e-01,-4.035100390409015469e-01,-4.562543983554566140e-01,-2.010997971633798620e-01,1.427176505043845633e-01,4.301932610067640272e-01,5.995957598913275177e-01,-2.691903298540073708e-01,8.215368937540906691e-01,8.101201651858251640e-02,5.841783100193753686e-01,-3.054129894012119761e-01,5.756337604167833799e-01,-5.107376740760436462e-01,-2.476380474260579112e-01,7.595390812162006178e-02,4.475477413017086570e-01,-4.805685780318116329e-01,7.086939481957312825e-01,7.060134111688228797e-01,5.888037065515747681e-01,-5.102721813921067273e-01,-4.640646248513156102e-01
1.675879156899464095e-01,6.537293320602957647e-02,3.023658297005465401e-01,6.352955396586758008e-01,2.537780860258038174e-01,-3.088723025967679559e-02,1.000000000000000000e+00,4.531534994748175338e-01,3.825611032577476145e-01,4.928117481928141475e-01,-3.786947011570126476e-01,4.579919451470044200e-01,-5.767079196072669167e-02,3.079879034517896130e-01,3.595595381659558165e-01,4.662203930106813554e-01,-3.867979232878154261e-01,5.190007633516986463e-01,5.531871609761767061e-01,5.813207810548050025e-01,3.388556975840448238e-01,5.058406532907280262e-01,4.358208100192844658e-01,4.878906384822708775e-01,1.345095924399001552e-01,1.631624996032332020e-01,8.389320212045439651e-02,4.409971948096074734e-01,1.180073594802744236e-01,4.440893795541099309e-01,9.352745292221814610e-02,2.454999321976703286e-01,-1.781411879509992371e-02,2.638334082053312990e-01,6.807587090308780953e-02,-1.207598657902971273e-01,1.652357168508957752e-01,3.351220860467197249e-01,3.325777960677644973e-01
-4.148643793519751766e-01,-4.141766260805953559e-01,-4.571708758643309722e-01,2.282431621749897444e-01,-4.209183792330414287e-01,-4.334212225703246157e-02,4.531534994748175338e-01,1.000000000000000000e+00,6.730056413778909286e-02,-1.322285843960755713e-01,-3.671402116507068158e-01,1.734129776598646311e-01,-1.399147794004871326e-01,-2.315820206282883098e-01,1.854596515188746686e-01,-2.227112414777231153e-01,-6.078974083926789174e-01,4.895099030637613952e-02,9.968446245414995521e-02,2.736620344787873971e-01,-1.693176902792811189e-01,6.362960453675675643e-02,3.066947585292282771e-02,1.113417787324945396e-01,-5.059029033585667884e-02,-4.770962713242882236e-01,-4.094741561416166409e-01,2.974234852097788762e-02,-3.164295146948225002e-01,4.410348967191198011e-02,-3.781847962968886145e-01,-3.294126855239037921e-01,-4.444090900387738796e-01,-5.538273235870639494e-02,-4.251341541289765241e-02,-2.961676651330081844e-01,-2.219950619817239457e-01,2.653287655592866806e-02,-6.563781110085191439e-02
4.671712946259335975e-01,2.550509414431441635e-01,5.189486541556955768e-01,7.131164929378306372e-01,6.662010414307352191e-01,-5.617133894771750846e-01,3.825611032577476145e-01,6.730056413778909286e-02,1.000000000000000000e+00,7.279600866402349268e-01,-7.039634579573951223e-01,8.983381951826251433e-01,-7.107652600120099029e-01,2.279888409544378325e-01,8.934673239167267855e-01,4.757666748669015511e-01,-3.531141184802116251e-01,8.648503371873073053e-01,8.773045862892034918e-01,7.013664191106611101e-01,2.220510900645146501e-01,-1.166188025775886233e-01,-3.665112195388325889e-02,7.064594757214748277e-01,-4.470357918713636636e-01,4.243691574201887140e-01,-2.949037182218279818e-01,7.988716004420755024e-01,-1.013750674294753712e-01,8.989187502986772937e-01,6.472488831092964023e-01,3.839531633440462777e-01,-2.445986691441799366e-01,8.373852135003163610e-01,-5.043762008305640032e-01,-6.252366714477959331e-01,-8.644912942063116834e-02,8.953619481205496999e-01,8.528043111605280169e-01
5.872601901474739927e-01,4.081724482836363022e-01,7.220426364600404101e-01,6.951836640106457965e-01,8.090962251621776069e-01,-1.765568552834169136e-01,4.928117481928141475e-01,-1.322285843960755713e-01,7.279600866402349268e-01,1.000000000000000000e+00,-3.596656085823495275e-01,7.311296599367558269e-01,-3.765565165109260315e-01,5.322978465680437976e-01,6.557571025192042713e-01,8.264690286652439655e-01,6.517573574427896338e-03,8.150143590153501316e-01,8.071761497744137648e-01,6.858158968857803739e-01,4.637512710573618580e-01,1.540946887386884234e-01,3.503672502532834132e-01,7.354952060955557425e-01,2.028810301470395511e-02,6.819525900045918521e-01,1.596896572668204395e-01,8.068213030725228663e-01,2.978666171861572565e-01,8.092160027387444998e-01,7.415887424405598338e-01,5.515538612155714837e-01,1.128117716188859060e-01,6.916293524183242392e-01,-2.061733350254578989e-01,-2.362738209238298137e-01,2.724814250284687822e-01,7.577178638197146210e-01,7.469220306054566993e-01
-4.148043870551638285e-02,1.471668035358756899e-01,-1.002469900406788711e-01,-5.636549693467436395e-01,-2.215099354096261575e-01,7.778639338655877200e-01,-3.786947011570126476e-01,-3.671402116507068158e-01,-7.039634579573951223e-01,-3.596656085823495275e-01,1.000000000000000000e+00,-7.287745343620029015e-01,7.243587328790908053e-01,1.684132975410972954e-01,-7.288571679943367521e-01,-6.875971052736648548e-02,7.686634347209820861e-01,-6.156497105196292452e-01,-6.665322694195382480e-01,-4.829627763179394351e-01,1.507696251448104562e-02,2.465211897602996305e-01,3.028634238525442224e-01,-4.912994572166911045e-01,6.782187900133964664e-01,6.748961849761321574e-02,5.837614777719855041e-01,-5.001613661310148062e-01,4.895347341037210587e-01,-6.806560622751433032e-01,-2.682256288506348896e-01,-8.405243089295834358e-03,4.773124736631766396e-01,-5.520546484550910016e-01,6.056721668468577624e-01,7.251236206274358498e-01,4.566918561234494800e-01,-6.396027956689013250e-01,-5.873497798885503052e-01
3.599299444836427386e-01,1.866787340158022335e-01,4.567734490431660799e-01,7.783184453838847272e-01,6.056490690029446844e-01,-5.362420899002910968e-01,4.579919451470044200e-01,1.734129776598646311e-01,8.983381951826251433e-01,7.311296599367558269e-01,-7.287745343620029015e-01,1.000000000000000000e+00,-6.939170289812935932e-01,1.758916757027968458e-01,8.959025454796868404e-01,4.920797340856868374e-01,-4.268772261826181413e-01,8.817884731231632189e-01,8.928138427706165947e-01,7.389238750954053581e-01,2.331495883643124323e-01,-5.745771725345893977e-02,-2.012520597258956809e-02,6.835236267173642188e-01,-4.321903062141946861e-01,3.340685289260061919e-01,-3.109709748719790001e-01,7.860645241329832222e-01,-1.633087024094142248e-01,8.963952039210000278e-01,6.012139080929409518e-01,2.817943847020640824e-01,-2.908689440881689903e-01,7.763270065659799712e-01,-5.160600273384062797e-01,-6.453925304323767653e-01,-1.502590729673534409e-01,8.735573802346909833e-01,8.384635381479443872e-01
-1.023145098461965274e-01,4.179183975891902908e-02,-1.236759168437046447e-01,-4.343309890121807015e-01,-3.388403943501668847e-01,7.073951878079824951e-01,-5.767079196072669167e-02,-1.399147794004871326e-01,-7.107652600120099029e-01,-3.765565165109260315e-01,7.243587328790908053e-01,-6.939170289812935932e-01,1.000000000000000000e+00,3.616893322161322116e-02,-7.646954880618762607e-01,-5.161737819202110583e-02,5.221614260402001051e-01,-5.777328084396887720e-01,-6.013102746703133938e-01,-4.896609356089072218e-01,7.334727938474065734e-02,5.236786247445919251e-01,4.613183701390657920e-01,-3.791095635782960049e-01,6.607460511661326086e-01,-5.104238829680124434e-02,6.020531976899167192e-01,-5.804413255195081112e-01,4.494337985236314115e-01,-6.679255683629988782e-01,-4.630143431573662816e-01,-2.142148523206880220e-02,5.754522002620532373e-01,-6.441762739214884625e-01,6.911325421801345348e-01,7.645345140715630317e-01,3.917370376728726011e-01,-7.419010872526700107e-01,-6.013624098481813451e-01
5.126355448080235355e-01,4.790888129078177959e-01,5.513359399607271616e-01,3.102013748622453604e-01,5.487819900898639469e-01,2.731269536219451122e-01,3.079879034517896130e-01,-2.315820206282883098e-01,2.279888409544378325e-01,5.322978465680437976e-01,1.684132975410972954e-01,1.758916757027968458e-01,3.616893322161322116e-02,1.000000000000000000e+00,1.491829088477605036e-01,5.819412552170272201e-01,2.581427513127532158e-01,3.307771490761574062e-01,2.890546229485692065e-01,4.192666403336113290e-01,3.572671674960998800e-01,2.807956791250047490e-01,4.941399998864725585e-01,3.472125360527138493e-01,4.567808348584507794e-01,6.665853806903985213e-01,5.263430141368956594e-01,4.203206622972829876e-01,5.533909754469866771e-01,2.973552378362616100e-01,4.567040883433474141e-01,5.419860739141943995e-01,2.736818605304875973e-01,2.953553279402545972e-01,3.351335212768877247e-01,2.698143368481742410e-01,6.458401820973307395e-01,3.090995060502410574e-01,2.974318726666684287e-01
2.911399094053369607e-01,1.019603988086273810e-01,4.094065941681157561e-01,7.134140483665002419e-01,5.609069068722662976e-01,-5.637925975406338219e-01,3.595595381659558165e-01,1.854596515188746686e-01,8.934673239167267855e-01,6.557571025192042713e-01,-7.288571679943367521e-01,8.959025454796868404e-01,-7.646954880618762607e-01,1.491829088477605036e-01,1.000000000000000000e+00,3.843014857135242934e-01,-4.536918342742515819e-01,8.408506161872242313e-01,8.427824576908604648e-01,7.689086433771715745e-01,2.280914080100035213e-01,-1.609163711167143351e-01,-1.021806270819174967e-01,6.596329089474766150e-01,-4.601810550575040626e-01,2.770197909951174209e-01,-4.164538487966127356e-01,8.069162879467844940e-01,-2.106568816775487851e-01,8.705644911657653973e-01,5.899022151384918367e-01,1.871024663474837313e-01,-3.221717570449345591e-01,8.311103311630867463e-01,-6.036211428035609394e-01,-7.312780691774536379e-01,-1.885416864767941181e-01,8.936892903583804060e-01,7.758135253702204137e-01
6.004156797556343683e-01,4.544516949004052675e-01,7.296614883502323678e-01,5.803073074555576971e-01,7.507206713690703914e-01,1.225325457501327403e-01,4.662203930106813554e-01,-2.227112414777231153e-01,4.757666748669015511e-01,8.264690286652439655e-01,-6.875971052736648548e-02,4.920797340856868374e-01,-5.161737819202110583e-02,5.819412552170272201e-01,3.843014857135242934e-01,1.000000000000000000e+00,2.340534743415332020e-01,6.358426111879174059e-01,6.017203636274139900e-01,5.407096197666582116e-01,5.545058802774005535e-01,3.766818722241446760e-01,5.549646982679378171e-01,5.776522936567614064e-01,2.707115816808340347e-01,6.866728084785810315e-01,3.562569400293945643e-01,6.399819562172701648e-01,4.562642251904444057e-01,5.920436506304702640e-01,5.789647619971740600e-01,5.400525532663925654e-01,3.785044840244088382e-01,4.829215376455345266e-01,4.370633817433491192e-02,6.479074096834472329e-02,4.161238903308972503e-01,5.141867456958588711e-01,5.477467660964079332e-01
3.211807707439429116e-01,4.030485410160595805e-01,2.456132256906966016e-01,-3.873205426353753533e-01,1.747283336452397084e-01,5.760552082066375812e-01,-3.867979232878154261e-01,-6.078974083926789174e-01,-3.531141184802116251e-01,6.517573574427896338e-03,7.686634347209820861e-01,-4.268772261826181413e-01,5.221614260402001051e-01,2.581427513127532158e-01,-4.536918342742515819e-01,2.340534743415332020e-01,1.000000000000000000e+00,-2.958179843059561276e-01,-3.577078741211899282e-01,-3.431740420646692824e-01,1.299808269542002681e-01,1.387885004546667855e-01,3.451909513816793784e-01,-1.586842772319746742e-01,5.331137958861217330e-01,4.040238614537391970e-01,5.974468951166640451e-01,-1.905857230912142430e-01,6.169774307138005121e-01,-3.211353542687532814e-01,1.383531912227320415e-01,3.142206132808796348e-01,5.488929662891580685e-01,-2.105741968606043013e-01,4.214091310297269910e-01,5.651272622468438422e-01,4.913715838251326296e-01,-3.049205233600880693e-01,-2.113054574879761616e-01
4.577163476652285623e-01,2.469714459913826266e-01,6.480605921362927457e-01,8.327033368337577457e-01,7.331315898080935645e-01,-4.035100390409015469e-01,5.190007633516986463e-01,4.895099030637613952e-02,8.648503371873073053e-01,8.150143590153501316e-01,-6.156497105196292452e-01,8.817884731231632189e-01,-5.777328084396887720e-01,3.307771490761574062e-01,8.408506161872242313e-01,6.358426111879174059e-01,-2.958179843059561276e-01,1.000000000000000000e+00,9.127063668174564270e-01,8.001742990573039727e-01,4.280795600193650907e-01,9.180240000295650238e-02,1.561149667403324282e-01,7.181187364542265250e-01,-2.626217551512367576e-01,4.839357709918447603e-01,-1.350911045617529671e-01,8.509959218048426255e-01,2.750101387396849950e-02,8.966615707517187062e-01,6.721942488670599181e-01,3.794114079143094953e-01,-6.975240000080294711e-02,7.875867220653458567e-01,-4.240982517595318635e-01,-5.041412529966667888e-01,2.428639157283964730e-03,8.616293930580311011e-01,8.264119121664365020e-01
4.314122019765487259e-01,2.207093699445114576e-01,5.853390116483919714e-01,8.322004273454924883e-01,6.904186409491436249e-01,-4.562543983554566140e-01,5.531871609761767061e-01,9.968446245414995521e-02,8.773045862892034918e-01,8.071761497744137648e-01,-6.665322694195382480e-01,8.928138427706165947e-01,-6.013102746703133938e-01,2.890546229485692065e-01,8.427824576908604648e-01,6.017203636274139900e-01,-3.577078741211899282e-01,9.127063668174564270e-01,1.000000000000000000e+00,7.591968874702414993e-01,3.706308128182974615e-01,8.766692150484996227e-02,9.843700619478551461e-02,7.070581406241338573e-01,-3.015196160521184665e-01,4.376911854470045826e-01,-1.725814090853295957e-01,8.133374538478644888e-01,-2.547579889509033260e-02,8.953377394207904238e-01,6.170170414008301352e-01,3.672802675861450705e-01,-1.347158664026836816e-01,7.584597385467947150e-01,-4.247909163020339163e-01,-5.200602446970142845e-01,-2.429865998207989333e-02,8.560948966627742740e-01,8.259169853245615922e-01
2.728474009822847157e-01,9.433275645025429590e-02,5.308034756178744429e-01,7.833966432101280297e-01,5.611059914316683939e-01,-2.010997971633798620e-01,5.813207810548050025e-01,2.736620344787873971e-01,7.013664191106611101e-01,6.858158968857803739e-01,-4.829627763179394351e-01,7.389238750954053581e-01,-4.896609356089072218e-01,4.192666403336113290e-01,7.689086433771715745e-01,5.407096197666582116e-01,-3.431740420646692824e-01,8.001742990573039727e-01,7.591968874702414993e-01,1.000000000000000000e+00,5.139870002060150656e-01,1.868860072541717043e-01,2.258221137872661044e-01,6.240833312894474849e-01,-5.915479367773839731e-02,3.498295204096011357e-01,-1.522494402770813993e-01,8.461427162217104447e-01,3.972296231466908301e-02,7.476186078865536544e-01,5.034618418695251396e-01,1.907003221420130734e-01,-6.289400104916240131e-02,7.194740388215028482e-01,-3.406166593391163344e-01,-4.624270552856055705e-01,7.883112417227468305e-02,7.619364036879544555e-01,5.908554227697544459e-01
2.195777588674601988e-01,3.917657781259849953e-02,7.021297615824464433e-01,5.089265733044842088e-01,5.017164668151934404e-01,1.427176505043845633e-01,3.388556975840448238e-01,-1.693176902792811189e-01,2.220510900645146501e-01,4.637512710573618580e-01,1.507696251448104562e-02,2.331495883643124323e-01,7.334727938474065734e-02,3.572671674960998800e-01,2.280914080100035213e-01,5.545058802774005535e-01,1.299808269542002681e-01,4.280795600193650907e-01,3.706308128182974615e-01,5.139870002060150656e-01,1.000000000000000000e+00,6.005687083532920134e-01,3.626105132843023826e-01,2.740097572871310061e-01,2.576948565303037175e-01,2.984736906657696198e-01,1.163236693964858071e-01,5.012200132603361613e-01,2.729995637147337173e-01,3.226599522146327836e-01,2.687663884371148670e-01,1.324273988524390655e-01,6.597813879086458222e-01,3.669076970971779650e-01,-8.765340464346030314e-02,-2.069045421884076197e-02,2.020061221729141931e-01,2.729972876172793717e-01,1.492908744103181862e-01
8.523424587154185272e-02,9.948945085514775133e-02,3.418955501850396983e-01,3.328910722648211196e-01,1.069946046927321981e-01,4.301932610067640272e-01,5.058406532907280262e-01,6.362960453675675643e-02,-1.166188025775886233e-01,1.540946887386884234e-01,2.465211897602996305e-01,-5.745771725345893977e-02,5.236786247445919251e-01,2.807956791250047490e-01,-1.609163711167143351e-01,3.766818722241446760e-01,1.387885004546667855e-01,9.180240000295650238e-02,8.766692150484996227e-02,1.868860072541717043e-01,6.005687083532920134e-01,1.000000000000000000e+00,5.360905124049704096e-01,4.288091527540476705e-02,4.851088799199874124e-01,1.204654905502760415e-01,4.062394286526470610e-01,2.107879606472835843e-02,3.373427346962746265e-01,-5.028747555466227953e-02,-1.982019162059557027e-01,1.212828492993816010e-01,5.830098102215848233e-01,-1.243426761088091553e-01,4.114237993939525162e-01,3.807665005429365368e-01,3.402393969573000998e-01,-1.643155710044275908e-01,-9.906365480620603348e-02
2.476399371201088717e-01,2.304781888057866324e-01,3.506796906229271982e-01,2.040245327324627100e-01,2.358718473624445422e-01,5.995957598913275177e-01,4.358208100192844658e-01,3.066947585292282771e-02,-3.665112195388325889e-02,3.503672502532834132e-01,3.028634238525442224e-01,-2.012520597258956809e-02,4.613183701390657920e-01,4.941399998864725585e-01,-1.021806270819174967e-01,5.549646982679378171e-01,3.451909513816793784e-01,1.561149667403324282e-01,9.843700619478551461e-02,2.258221137872661044e-01,3.626105132843023826e-01,5.360905124049704096e-01,1.000000000000000000e+00,3.752938931922314425e-01,7.214119387205248923e-01,3.929227202593641444e-01,5.515834915026154306e-01,1.416064516055393074e-01,6.511410076769097444e-01,5.349894529222004591e-02,1.346275322978745526e-01,3.909617972893868476e-01,4.542348861537854332e-01,3.228890764645932828e-03,4.969360769084483764e-01,4.268910666269338794e-01,5.589637396257350899e-01,-5.150977364151490545e-02,2.859631133288156879e-02
4.189084667121771299e-01,2.753153337926239619e-01,4.965947264409216189e-01,5.900304663938997773e-01,5.415414713253572376e-01,-2.691903298540073708e-01,4.878906384822708775e-01,1.113417787324945396e-01,7.064594757214748277e-01,7.354952060955557425e-01,-4.912994572166911045e-01,6.835236267173642188e-01,-3.791095635782960049e-01,3.472125360527138493e-01,6.596329089474766150e-01,5.776522936567614064e-01,-1.586842772319746742e-01,7.181187364542265250e-01,7.070581406241338573e-01,6.240833312894474849e-01,2.740097572871310061e-01,4.288091527540476705e-02,3.752938931922314425e-01,1.000000000000000000e+00,-3.121541875081366643e-02,4.812492370324483737e-01,4.288830141168520002e-03,6.775797845340122416e-01,1.848999937834934493e-01,7.480396515298300963e-01,5.835652350581487235e-01,4.629808390918978556e-01,-3.299986225073085755e-02,6.445076108510934265e-01,-2.096378465172939187e-01,-3.703462211962701423e-01,1.564057809931034826e-01,6.768303588641932933e-01,6.740860771831934661e-01
3.176480676760752575e-02,1.264095796796608773e-01,9.193875222551295412e-02,-1.552039097615184882e-01,-4.392277471719938792e-02,8.215368937540906691e-01,1.345095924399001552e-01,-5.059029033585667884e-02,-4.470357918713636636e-01,2.028810301470395511e-02,6.782187900133964664e-01,-4.321903062141946861e-01,6.607460511661326086e-01,4.567808348584507794e-01,-4.601810550575040626e-01,2.707115816808340347e-01,5.331137958861217330e-01,-2.626217551512367576e-01,-3.015196160521184665e-01,-5.915479367773839731e-02,2.576948565303037175e-01,4.851088799199874124e-01,7.214119387205248923e-01,-3.121541875081366643e-02,1.000000000000000000e+00,2.175364615226113851e-01,6.542245738256002863e-01,-1.557584371775642684e-01,6.548513880508527452e-01,-3.601054349590356862e-01,-1.222483670939491923e-01,1.702181126097496722e-01,4.982692807337594787e-01,-3.292646719498432684e-01,6.703219132866852226e-01,6.452714662077382313e-01,6.635722832254919989e-01,-3.797403448882644139e-01,-3.697860951101140103e-01
7.915411907851168660e-01,7.105177941106485262e-01,7.144884231709517364e-01,3.284537424819652940e-01,7.453953745755288463e-01,8.101201651858251640e-02,1.631624996032332020e-01,-4.770962713242882236e-01,4.243691574201887140e-01,6.819525900045918521e-01,6.748961849761321574e-02,3.340685289260061919e-01,-5.104238829680124434e-02,6.665853806903985213e-01,2.770197909951174209e-01,6.866728084785810315e-01,4.040238614537391970e-01,4.839357709918447603e-01,4.376911854470045826e-01,3.498295204096011357e-01,2.984736906657696198e-01,1.204654905502760415e-01,3.929227202593641444e-01,4.812492370324483737e-01,2.175364615226113851e-01,1.000000000000000000e+00,5.486166791686475364e-01,5.103049735001619069e-01,6.208179028600010474e-01,4.562724208597511710e-01,6.936703177549675692e-01,7.417217200831260904e-01,3.015071703374266332e-01,4.170096226729242406e-01,1.938125780291271305e-01,2.194566525321949291e-01,6.052353906870875377e-01,4.659669987603034524e-01,5.612580442483913190e-01
3.178686119252766007e-01,4.451177877187642018e-01,2.881499817430730470e-01,-1.546813387066764689e-01,1.989761454693307063e-01,5.841783100193753686e-01,8.389320212045439651e-02,-4.094741561416166409e-01,-2.949037182218279818e-01,1.596896572668204395e-01,5.837614777719855041e-01,-3.109709748719790001e-01,6.020531976899167192e-01,5.263430141368956594e-01,-4.164538487966127356e-01,3.562569400293945643e-01,5.974468951166640451e-01,-1.350911045617529671e-01,-1.725814090853295957e-01,-1.522494402770813993e-01,1.163236693964858071e-01,4.062394286526470610e-01,5.515834915026154306e-01,4.288830141168520002e-03,6.542245738256002863e-01,5.486166791686475364e-01,1.000000000000000000e+00,-1.343782481621528246e-01,7.098975215409980555e-01,-2.117026461202634324e-01,1.452612596570273251e-01,4.819115580090778672e-01,4.609358046356001326e-01,-2.780994866533008092e-01,6.706059661618258838e-01,7.457690515757621208e-01,6.971650560611594161e-01,-2.641987419776395951e-01,-6.926868247034026482e-02
4.560456240042697340e-01,2.119271002952244076e-01,6.627506906936234676e-01,7.209033412205131386e-01,7.513911076543337009e-01,-3.054129894012119761e-01,4.409971948096074734e-01,2.974234852097788762e-02,7.988716004420755024e-01,8.068213030725228663e-01,-5.001613661310148062e-01,7.860645241329832222e-01,-5.804413255195081112e-01,4.203206622972829876e-01,8.069162879467844940e-01,6.399819562172701648e-01,-1.905857230912142430e-01,8.509959218048426255e-01,8.133374538478644888e-01,8.461427162217104447e-01,5.012200132603361613e-01,2.107879606472835843e-02,1.416064516055393074e-01,6.775797845340122416e-01,-1.557584371775642684e-01,5.103049735001619069e-01,-1.343782481621528246e-01,1.000000000000000000e+00,8.977603702753837733e-02,8.494380419561385898e-01,7.092046435916585789e-01,3.584796042033129848e-01,-7.904899937928115336e-03,8.277777300423319051e-01,-4.288416529842122848e-01,-4.946675057522021413e-01,1.045527274416971353e-01,8.618286387384902492e-01,7.104439129110711182e-01
4.539721294745353020e-01,4.855733149664242521e-01,4.216371024099715981e-01,-4.946629696787211393e-03,3.249861642672449147e-01,5.756337604167833799e-01,1.180073594802744236e-01,-3.164295146948225002e-01,-1.013750674294753712e-01,2.978666171861572565e-01,4.895347341037210587e-01,-1.633087024094142248e-01,4.494337985236314115e-01,5.533909754469866771e-01,-2.106568816775487851e-01,4.562642251904444057e-01,6.169774307138005121e-01,2.750101387396849950e-02,-2.547579889509033260e-02,3.972296231466908301e-02,2.729995637147337173e-01,3.373427346962746265e-01,6.511410076769097444e-01,1.848999937834934493e-01,6.548513880508527452e-01,6.208179028600010474e-01,7.098975215409980555e-01,8.977603702753837733e-02,1.000000000000000000e+00,-5.816337065371322140e-02,2.585982346358507988e-01,6.047509828215922312e-01,4.898409733985261694e-01,-5.815669620440012955e-02,5.820145262506151163e-01,5.873054403069525309e-01,7.902532497328612626e-01,-6.181786219495429696e-02,3.029759310527380470e-02
4.487680983074134877e-01,2.225169395929047778e-01,5.864239486385175448e-01,7.565747534263723706e-01,7.205763246898074792e-01,-5.107376740760436462e-01,4.440893795541099309e-01,4.410348967191198011e-02,8.989187502986772937e-01,8.092160027387444998e-01,-6.806560622751433032e-01,8.963952039210000278e-01,-6.679255683629988782e-01,2.973552378362616100e-01,8.705644911657653973e-01,5.920436506304702640e-01,-3.211353542687532814e-01,8.966615707517187062e-01,8.953377394207904238e-01,7.476186078865536544e-01,3.226599522146327836e-01,-5.028747555466227953e-02,5.349894529222004591e-02,7.480396515298300963e-01,-3.601054349590356862e-01,4.562724208597511710e-01,-2.117026461202634324e-01,8.494380419561385898e-01,-5.816337065371322140e-02,1.000000000000000000e+00,6.997474918903047181e-01,3.780140228357133370e-01,-1.506865712253471490e-01,8.288253401386178609e-01,-4.975995784189554128e-01,-5.757464236176066397e-01,-6.080991990081693888e-02,8.930100867395158737e-01,8.416297581774214720e-01
5.604911006719198729e-01,4.492018415431353606e-01,6.432736287685271170e-01,4.096334191756799692e-01,7.810037347251810314e-01,-2.476380474260579112e-01,9.352745292221814610e-02,-3.781847962968886145e-01,6.472488831092964023e-01,7.415887424405598338e-01,-2.682256288506348896e-01,6.012139080929409518e-01,-4.630143431573662816e-01,4.567040883433474141e-01,5.899022151384918367e-01,5.789647619971740600e-01,1.383531912227320415e-01,6.721942488670599181e-01,6.170170414008301352e-01,5.034618418695251396e-01,2.687663884371148670e-01,-1.982019162059557027e-01,1.346275322978745526e-01,5.835652350581487235e-01,-1.222483670939491923e-01,6.936703177549675692e-01,1.452612596570273251e-01,7.092046435916585789e-01,2.585982346358507988e-01,6.997474918903047181e-01,1.000000000000000000e+00,5.143587736258391496e-01,3.076226591018134393e-02,6.758235893332914523e-01,-3.004090196040852812e-01,-2.731703910386670819e-01,1.883849811358072612e-01,7.137665550539352699e-01,7.221594634093145837e-01
7.207125034900424554e-01,6.555118188340427476e-01,5.704154608939984161e-01,2.345427938333788931e-01,5.937411297222267015e-01,7.595390812162006178e-02,2.454999321976703286e-01,-3.294126855239037921e-01,3.839531633440462777e-01,5.515538612155714837e-01,-8.405243089295834358e-03,2.817943847020640824e-01,-2.142148523206880220e-02,5.419860739141943995e-01,1.871024663474837313e-01,5.400525532663925654e-01,3.142206132808796348e-01,3.794114079143094953e-01,3.672802675861450705e-01,1.907003221420130734e-01,1.324273988524390655e-01,1.212828492993816010e-01,3.909617972893868476e-01,4.629808390918978556e-01,1.702181126097496722e-01,7.417217200831260904e-01,4.819115580090778672e-01,3.584796042033129848e-01,6.047509828215922312e-01,3.780140228357133370e-01,5.143587736258391496e-01,1.000000000000000000e+00,1.737319529956460884e-01,2.956001346808816987e-01,3.127107215533410645e-01,2.205650475999515747e-01,6.276528341101103026e-01,3.519571949848376846e-01,5.231369974482558138e-01
2.461457768486199627e-01,1.343890273122846091e-01,5.041079627058170365e-01,7.643278626344501316e-03,2.630775160197744156e-01,4.475477413017086570e-01,-1.781411879509992371e-02,-4.444090900387738796e-01,-2.445986691441799366e-01,1.128117716188859060e-01,4.773124736631766396e-01,-2.908689440881689903e-01,5.754522002620532373e-01,2.736818605304875973e-01,-3.221717570449345591e-01,3.785044840244088382e-01,5.488929662891580685e-01,-6.975240000080294711e-02,-1.347158664026836816e-01,-6.289400104916240131e-02,6.597813879086458222e-01,5.830098102215848233e-01,4.542348861537854332e-01,-3.299986225073085755e-02,4.982692807337594787e-01,3.015071703374266332e-01,4.609358046356001326e-01,-7.904899937928115336e-03,4.898409733985261694e-01,-1.506865712253471490e-01,3.076226591018134393e-02,1.737319529956460884e-01,1.000000000000000000e+00,-6.578073730528287422e-02,3.079132727581206930e-01,4.610299925653966735e-01,3.693439937701249454e-01,-2.276706258145247408e-01,-2.094934504502967698e-01
4.097774596754683030e-01,1.605293210212320743e-01,6.010723360132250725e-01,6.074900096574020747e-01,7.109181295062881878e-01,-4.805685780318116329e-01,2.638334082053312990e-01,-5.538273235870639494e-02,8.373852135003163610e-01,6.916293524183242392e-01,-5.520546484550910016e-01,7.763270065659799712e-01,-6.441762739214884625e-01,2.953553279402545972e-01,8.311103311630867463e-01,4.829215376455345266e-01,-2.105741968606043013e-01,7.875867220653458567e-01,7.584597385467947150e-01,7.194740388215028482e-01,3.669076970971779650e-01,-1.243426761088091553e-01,3.228890764645932828e-03,6.445076108510934265e-01,-3.292646719498432684e-01,4.170096226729242406e-01,-2.780994866533008092e-01,8.277777300423319051e-01,-5.815669620440012955e-02,8.288253401386178609e-01,6.758235893332914523e-01,2.956001346808816987e-01,-6.578073730528287422e-02,1.000000000000000000e+00,-5.811593848547943475e-01,-6.291799878058549345e-01,-8.065849903564790979e-02,8.478656289847674721e-01,7.004411199429078083e-01
1.349080570717881011e-01,3.011529169861096311e-01,-9.246718103015433288e-02,-2.875518613493354136e-01,-2.223009239392546021e-01,7.086939481957312825e-01,6.807587090308780953e-02,-4.251341541289765241e-02,-5.043762008305640032e-01,-2.061733350254578989e-01,6.056721668468577624e-01,-5.160600273384062797e-01,6.911325421801345348e-01,3.351335212768877247e-01,-6.036211428035609394e-01,4.370633817433491192e-02,4.214091310297269910e-01,-4.240982517595318635e-01,-4.247909163020339163e-01,-3.406166593391163344e-01,-8.765340464346030314e-02,4.114237993939525162e-01,4.969360769084483764e-01,-2.096378465172939187e-01,6.703219132866852226e-01,1.938125780291271305e-01,6.706059661618258838e-01,-4.288416529842122848e-01,5.820145262506151163e-01,-4.975995784189554128e-01,-3.004090196040852812e-01,3.127107215533410645e-01,3.079132727581206930e-01,-5.811593848547943475e-01,1.000000000000000000e+00,7.965686076896075773e-01,7.012196016648852837e-01,-5.265863554435131766e-01,-3.386815529073908260e-01
9.267049681857916776e-02,2.597302946447927474e-01,-3.215662005761332071e-02,-4.018339777156060832e-01,-1.733210082825645260e-01,7.060134111688228797e-01,-1.207598657902971273e-01,-2.961676651330081844e-01,-6.252366714477959331e-01,-2.362738209238298137e-01,7.251236206274358498e-01,-6.453925304323767653e-01,7.645345140715630317e-01,2.698143368481742410e-01,-7.312780691774536379e-01,6.479074096834472329e-02,5.651272622468438422e-01,-5.041412529966667888e-01,-5.200602446970142845e-01,-4.624270552856055705e-01,-2.069045421884076197e-02,3.807665005429365368e-01,4.268910666269338794e-01,-3.703462211962701423e-01,6.452714662077382313e-01,2.194566525321949291e-01,7.457690515757621208e-01,-4.946675057522021413e-01,5.873054403069525309e-01,-5.757464236176066397e-01,-2.731703910386670819e-01,2.205650475999515747e-01,4.610299925653966735e-01,-6.291799878058549345e-01,7.965686076896075773e-01,1.000000000000000000e+00,5.927004080084106175e-01,-6.122565629777668716e-01,-4.301651759453092305e-01
4.623892367316499996e-01,5.321818669388407308e-01,3.451355532983128582e-01,-1.578025824924904688e-03,2.655042506579972095e-01,5.888037065515747681e-01,1.652357168508957752e-01,-2.219950619817239457e-01,-8.644912942063116834e-02,2.724814250284687822e-01,4.566918561234494800e-01,-1.502590729673534409e-01,3.917370376728726011e-01,6.458401820973307395e-01,-1.885416864767941181e-01,4.161238903308972503e-01,4.913715838251326296e-01,2.428639157283964730e-03,-2.429865998207989333e-02,7.883112417227468305e-02,2.020061221729141931e-01,3.402393969573000998e-01,5.589637396257350899e-01,1.564057809931034826e-01,6.635722832254919989e-01,6.052353906870875377e-01,6.971650560611594161e-01,1.045527274416971353e-01,7.902532497328612626e-01,-6.080991990081693888e-02,1.883849811358072612e-01,6.276528341101103026e-01,3.693439937701249454e-01,-8.065849903564790979e-02,7.012196016648852837e-01,5.927004080084106175e-01,1.000000000000000000e+00,-3.833932810002307207e-02,3.892823286881586659e-02
4.674678839927493001e-01,2.485983023343685816e-01,5.426967303750539484e-01,7.054207540651583619e-01,6.993097367621825544e-01,-5.102721813921067273e-01,3.351220860467197249e-01,2.653287655592866806e-02,8.953619481205496999e-01,7.577178638197146210e-01,-6.396027956689013250e-01,8.735573802346909833e-01,-7.419010872526700107e-01,3.090995060502410574e-01,8.936892903583804060e-01,5.141867456958588711e-01,-3.049205233600880693e-01,8.616293930580311011e-01,8.560948966627742740e-01,7.619364036879544555e-01,2.729972876172793717e-01,-1.643155710044275908e-01,-5.150977364151490545e-02,6.768303588641932933e-01,-3.797403448882644139e-01,4.659669987603034524e-01,-2.641987419776395951e-01,8.618286387384902492e-01,-6.181786219495429696e-02,8.930100867395158737e-01,7.137665550539352699e-01,3.519571949848376846e-01,-2.276706258145247408e-01,8.478656289847674721e-01,-5.265863554435131766e-01,-6.122565629777668716e-01,-3.833932810002307207e-02,1.000000000000000000e+00,8.361227755863128719e-01
5.621938360140796842e-01,4.461891506635257132e-01,5.411010063866309450e-01,6.640391074703596574e-01,6.953280631467317896e-01,-4.640646248513156102e-01,3.325777960677644973e-01,-6.563781110085191439e-02,8.528043111605280169e-01,7.469220306054566993e-01,-5.873497798885503052e-01,8.384635381479443872e-01,-6.013624098481813451e-01,2.974318726666684287e-01,7.758135253702204137e-01,5.477467660964079332e-01,-2.113054574879761616e-01,8.264119121664365020e-01,8.259169853245615922e-01,5.908554227697544459e-01,1.492908744103181862e-01,-9.906365480620603348e-02,2.859631133288156879e-02,6.740860771831934661e-01,-3.697860951101140103e-01,5.612580442483913190e-01,-6.926868247034026482e-02,7.104439129110711182e-01,3.029759310527380470e-02,8.416297581774214720e-01,7.221594634093145837e-01,5.231369974482558138e-01,-2.094934504502967698e-01,7.004411199429078083e-01,-3.386815529073908260e-01,-4.301651759453092305e-01,3.892823286881586659e-02,8.361227755863128719e-01,1.000000000000000000e+00
