1.000000000000000000e+00,6.890721486685259800e-02,2.185256692757180097e-01,1.764349723664964675e-01,2.701083639224122201e-01,1.616663940985365588e-01,-2.160585780682976464e-01,-2.797067272799775850e-01,3.385356955388059697e-01,3.491560536262381387e-01,5.905590519734730398e-02,-3.158273322568033725e-01,-8.287863433925810042e-02,4.973869264631109455e-01,9.709881962626043181e-03,3.063990667880555629e-01,3.219109216840070897e-01,1.473514612189313067e-01,-9.330756195260186958e-02,4.170338508305242442e-01,-1.413669851388939525e-01,-2.601759892830867241e-02,1.942352432898565295e-01,1.981072442876009032e-01,1.950088261785896115e-01,5.461245152540143977e-01,9.304236779079705366e-02,3.438697996537774526e-01,5.613513220740328213e-01,3.936413315848179550e-01,-1.173827627598456047e-01,-6.134188018515340096e-02,2.598350518421759792e-01,3.462425064508612982e-01,4.892823759354840707e-01,3.531275142445924886e-01,4.014156348504610561e-01,3.316739750120114572e-01,-1.452730487328942888e-01
6.890721486685259800e-02,1.000000000000000000e+00,3.350704012102139195e-01,1.585333476024393951e-01,1.739991896767781043e-01,4.361409896642746697e-01,-3.414112148802051494e-01,-1.226037428693329823e-01,3.350277941046230223e-01,5.423858012458145916e-01,4.456742045202340408e-01,-8.030421988789440690e-02,-8.037514477606015617e-02,1.897122565270481787e-01,-6.396846110612383063e-01,4.746170526819993296e-01,3.926253404550844595e-01,-2.602142007234807819e-01,-4.887358053348333370e-02,3.351002655581944989e-01,-4.410438804305590876e-01,-2.428503424281150957e-01,4.732020133826683739e-01,4.537171811252662668e-01,4.645299271510510142e-01,-2.028750701492638420e-01,1.709648868775079933e-01,-3.819107899458013544e-01,1.352949851407076742e-01,5.092204969182657637e-01,3.644203414037914812e-01,5.325324232312917960e-01,3.910294535201916943e-01,-8.849581791111778284e-02,2.669294082455970218e-01,5.032457327965560445e-01,3.618600072023087089e-01,-3.484908854911891174e-01,4.249646502349674893e-01
2.185256692757180097e-01,3.350704012102139195e-01,1.000000000000000000e+00,2.640303896331560596e-01,5.788166292952062753e-01,3.634842013069756184e-01,-1.678256367527345139e-01,-6.679972022419736755e-01,3.416043898636368370e-01,5.667304962744508234e-01,2.176742366961067765e-01,6.849390037893308969e-02,-3.572221229386227798e-02,3.826117944925873093e-01,-3.539058275273200826e-01,5.246339655627055842e-01,3.045213229530460697e-01,1.659813389064440647e-01,3.084904570588405948e-01,4.222857601925249504e-01,-5.668603265196654750e-02,2.023953138954522057e-01,4.271860172916425169e-01,5.067618274675922407e-01,4.177328726102275125e-01,-3.234905030168528511e-02,-8.568016090532765139e-02,4.080907486092439501e-02,2.266474096938690952e-01,5.790249439986729918e-01,1.522166466772915672e-01,1.266496936289961128e-01,4.975609167711507741e-01,2.050342240311451847e-01,3.451511012826805613e-01,4.021006704752134731e-01,2.703428381215627341e-01,4.098673139082633504e-02,3.916207169533478805e-01
1.764349723664964675e-01,1.585333476024393951e-01,2.640303896331560596e-01,1.000000000000000000e+00,2.959260973895813662e-01,1.561583886732125503e-01,-2.498409234487513897e-01,-2.315864886942457512e-01,4.658528891392412774e-01,1.795256480499033691e-01,8.967388341121512729e-02,6.581108797323644011e-02,1.162733049330200580e-01,2.638815194934395758e-01,-2.569367150040973713e-01,1.331408472958078293e-01,1.192283334930917538e-01,2.586526742565966042e-01,9.986933329358420319e-02,3.252426306645453957e-01,-2.862505487797371018e-01,-1.887515432658090353e-01,1.266610296109419997e-01,2.207631292311985349e-01,1.489157337458049402e-01,-4.478851289037562387e-04,-1.549856220931511708e-01,-1.602784140248550704e-01,1.941695071211085311e-01,2.776221029953716002e-01,-2.245364159822459682e-01,8.623228597814812380e-02,1.531519697266244262e-01,2.918840619083769017e-01,9.381969203775095134e-02,1.270347242366393070e-01,1.209129067918474632e-01,1.088025003150220188e-01,2.581342443363485173e-01
2.701083639224122201e-01,1.739991896767781043e-01,5.788166292952062753e-01,2.959260973895813662e-01,1.000000000000000000e+00,6.151522390483576443e-03,2.309935742703723635e-02,-6.076277659058164637e-01,3.908048961921630204e-01,2.809173820407265820e-01,-1.297811422563261707e-01,2.582801732343866230e-01,-2.933144103351939883e-02,2.955975081419183748e-01,-7.369616152002114728e-02,1.855941622635260135e-01,1.135232729420395867e-02,3.131797752007897673e-01,4.471586712691055232e-01,3.485074111514283590e-01,8.615219464083828660e-02,2.267140557417641478e-01,5.833093059587252105e-02,3.590741302246344691e-01,8.121772565535899380e-02,2.241552655179751552e-01,7.975672037824085847e-02,1.777553825867237702e-01,3.728610707322736473e-01,3.162596406680782124e-01,-7.287813734756787287e-02,1.907950043056330369e-01,7.164774668053552897e-02,4.902270185351296217e-01,2.123548726119978414e-01,2.897056482633121877e-01,1.771501511320169864e-01,2.364000513174248364e-01,3.665181402726077065e-01
1.616663940985365588e-01,4.361409896642746697e-01,3.634842013069756184e-01,1.561583886732125503e-01,6.151522390483576443e-03,1.000000000000000000e+00,-4.942549526713048147e-01,-6.655572854350433332e-02,1.199548426572022430e-01,6.092073326907581077e-01,7.296024910887061177e-01,-3.506308474244705931e-01,-8.462917170066714539e-03,3.583114617156604731e-01,-5.350323708142600276e-01,5.871353811807153988e-01,7.397165954773969876e-01,-3.104162301924180412e-01,-2.455045453176211701e-01,4.156883574996902975e-01,-4.638230864533625097e-01,-2.672753681266269443e-01,7.459889726075613625e-01,3.271523910504640087e-01,7.529628228889533315e-01,-1.409467425482220093e-01,-8.982127748645775400e-02,-2.148307885271434070e-01,1.795707268419579131e-02,5.815742393484294448e-01,2.386571571189055052e-01,2.074214005369268421e-01,6.929577735948141415e-01,-1.118908717238447509e-01,5.122527584877142326e-01,4.133409743437290729e-01,5.558379804029930371e-01,-3.325436869362999870e-01,1.000483088286359262e-01
-2.160585780682976464e-01,-3.414112148802051494e-01,-1.678256367527345139e-01,-2.498409234487513897e-01,2.309935742703723635e-02,-4.942549526713048147e-01,1.000000000000000000e+00,3.147513461146315972e-02,-2.260823429264336160e-01,-3.192708830640721418e-01,-5.386278145572160891e-01,3.511598106920204021e-01,1.666928962593033914e-01,-3.894853151006711367e-01,5.038397521428351622e-01,-2.468280437761130874e-01,-5.614171294339347362e-01,3.160255445924587403e-01,4.234229112307705822e-01,-4.070538947846346067e-01,6.948539722949892417e-01,5.917687372447647531e-01,-3.717590831882046642e-01,-1.571800065967133286e-01,-4.318290128237599612e-01,1.741937825498645898e-01,2.533239067405664291e-01,4.472484354121223360e-01,8.036648773945533064e-02,-3.087605421996685862e-01,3.540397315354545243e-02,-2.527873260570546177e-01,-4.038997351621023690e-01,3.335942020741085312e-02,-2.039620020342917395e-01,-9.049751454793546201e-02,-5.056821260818080699e-01,1.473986649363904222e-01,-6.950045996401876813e-02
-2.797067272799775850e-01,-1.226037428693329823e-01,-6.679972022419736755e-01,-2.315864886942457512e-01,-6.076277659058164637e-01,-6.655572854350433332e-02,3.147513461146315972e-02,1.000000000000000000e+00,-3.085407420739842976e-01,-3.647335334111713734e-01,1.046637989939782493e-01,-1.003212346202775052e-01,-3.488338285438789821e-02,-3.236634815285491240e-01,7.682660831365017984e-02,-2.417255435817279030e-01,-6.990880458463281932e-02,-3.413596538567557070e-01,-3.158171922708813972e-01,-3.814855039059857900e-01,-1.493021575098621989e-01,-2.888205243374649678e-01,-1.392564436169533848e-01,-4.865020526814540780e-01,-1.691160721550112600e-01,-1.783283153303022728e-01,5.913381112105537546e-02,-2.262494390665452659e-01,-3.184532965379290870e-01,-3.566320811431643034e-01,4.737491223019535402e-02,-5.140632177295526017e-02,-2.359817141240654337e-01,-2.315705626360573532e-01,-1.592268901260880110e-01,-1.733977707061394868e-01,-1.232323566784451485e-01,-2.790147347853719206e-01,-2.957947746359860797e-01
3.385356955388059697e-01,3.350277941046230223e-01,3.416043898636368370e-01,4.658528891392412774e-01,3.908048961921630204e-01,1.199548426572022430e-01,-2.260823429264336160e-01,-3.085407420739842976e-01,1.000000000000000000e+00,2.699607002747957396e-01,6.025638921640945334e-02,2.639302688500106964e-01,-5.858139869637499220e-02,4.436820057974472653e-01,-1.826948522372884576e-01,1.930809017477638223e-01,8.746227097586690979e-02,3.935824634620794238e-01,2.841886724246873164e-01,2.193575391325565949e-01,-2.780315355315929882e-01,-1.848553012911612614e-01,1.303459231518732941e-01,3.455480476932954459e-01,1.763428231304823568e-01,1.763876367360955044e-01,7.922097354404951386e-02,-8.907488062526368322e-02,3.778594764532996475e-01,3.476022640681145082e-01,-5.300070159636502409e-02,1.644610522242624662e-01,1.964974368700103113e-01,3.863947951810647319e-01,1.744294794677264948e-01,2.781674598030476342e-01,2.228587567197058417e-01,2.914167239901997442e-01,4.137952355508013880e-01
3.491560536262381387e-01,5.423858012458145916e-01,5.667304962744508234e-01,1.795256480499033691e-01,2.809173820407265820e-01,6.092073326907581077e-01,-3.192708830640721418e-01,-3.647335334111713734e-01,2.699607002747957396e-01,1.000000000000000000e+00,4.755323364491718108e-01,-2.879572707519226782e-01,-3.565124837676405395e-02,3.628763293755327135e-01,-5.384664973934630838e-01,6.967490516053610472e-01,5.961297100489578726e-01,-8.639602215582307954e-02,-4.545445572192888944e-03,5.390747352765511424e-01,-2.763412704748171578e-01,8.939805412642024603e-04,6.647545440762604452e-01,6.070548911004614023e-01,6.667014947453815399e-01,1.980362360555621218e-02,-4.339465534666257784e-02,1.514831205012549592e-03,2.881952190709953787e-01,7.585633415382680989e-01,2.303783245956707026e-01,2.503018514232606129e-01,6.455888605385229351e-01,-1.966106868114158787e-02,5.267096527197877576e-01,6.236653734281625283e-01,5.044969216457018124e-01,-1.767394093791710696e-01,2.178257189206899702e-01
5.905590519734730398e-02,4.456742045202340408e-01,2.176742366961067765e-01,8.967388341121512729e-02,-1.297811422563261707e-01,7.296024910887061177e-01,-5.386278145572160891e-01,1.046637989939782493e-01,6.025638921640945334e-02,4.755323364491718108e-01,1.000000000000000000e+00,-3.626054468358825833e-01,-4.521557726287384060e-02,2.449365450903853436e-01,-5.723922938958554418e-01,4.904588084400676729e-01,6.869013388249990415e-01,-4.361919553217694645e-01,-3.468573175166856926e-01,3.161151430010050722e-01,-5.481921333440820110e-01,-4.035137241120883567e-01,6.358384691770293529e-01,1.630367876793157589e-01,6.754819760004853180e-01,-2.586181173930084953e-01,-1.082901183447730481e-01,-3.795144236871141330e-01,-1.572976416531271793e-01,4.566709948704995026e-01,2.435196478010157595e-01,2.387883828394399555e-01,5.906839423032965719e-01,-1.735608606054030445e-01,3.696265475828843794e-01,3.284897411807589651e-01,5.132446322854158360e-01,-4.018509394149463176e-01,7.768938847522181834e-02
-3.158273322568033725e-01,-8.030421988789440690e-02,6.849390037893308969e-02,6.581108797323644011e-02,2.582801732343866230e-01,-3.506308474244705931e-01,3.511598106920204021e-01,-1.003212346202775052e-01,2.639302688500106964e-01,-2.879572707519226782e-01,-3.626054468358825833e-01,1.000000000000000000e+00,-4.831137641614788314e-02,-1.818092305969889744e-01,2.189626899936835680e-01,-2.289146073254206271e-01,-4.695302018921958531e-01,3.953529323063207368e-01,6.139324574576715543e-01,-3.567562160848526953e-01,2.721613902073730662e-01,2.013257427635861685e-01,-2.937910370526075066e-01,-1.895803431752608736e-02,-2.972069986562697053e-01,-1.046784803331300001e-01,1.211030181209683532e-01,-7.368894840644057975e-02,-6.317639034276047172e-02,-2.276269015923628458e-01,-4.656198066124625501e-02,9.467132591146993834e-03,-3.248333338242164747e-01,1.792295468661048441e-01,-3.068606234092943752e-01,-1.503400914759110696e-01,-3.446333628912486291e-01,2.281152104000779834e-01,4.512637125970189733e-01
-8.287863433925810042e-02,-8.037514477606015617e-02,-3.572221229386227798e-02,1.162733049330200580e-01,-2.933144103351939883e-02,-8.462917170066714539e-03,1.666928962593033914e-01,-3.488338285438789821e-02,-5.858139869637499220e-02,-3.565124837676405395e-02,-4.521557726287384060e-02,-4.831137641614788314e-02,1.000000000000000000e+00,-1.439674363416379166e-01,6.002209188360263514e-02,-8.952808721850176454e-02,-7.782067317074480017e-02,1.465086289338066172e-01,1.908052514997360437e-03,5.071436710398096598e-02,9.200180302478871974e-02,1.790032109022394666e-02,-4.279767778052835647e-02,3.138144685413967599e-02,-5.270273952040363530e-02,1.374379791130451167e-01,9.517823205355479058e-03,1.454032583190854322e-01,1.159141070298949083e-01,-2.313553241106636529e-02,-1.968032229994319815e-01,-1.156477869408380210e-01,-6.149818458103217117e-02,-1.693085862023074317e-01,2.146175576953508399e-02,-2.481300609096919949e-02,-2.036614659908527747e-01,-4.878361957590866133e-02,-4.075195061533399415e-02
4.973869264631109455e-01,1.897122565270481787e-01,3.826117944925873093e-01,2.638815194934395758e-01,2.955975081419183748e-01,3.583114617156604731e-01,-3.894853151006711367e-01,-3.236634815285491240e-01,4.436820057974472653e-01,3.628763293755327135e-01,2.449365450903853436e-01,-1.818092305969889744e-01,-1.439674363416379166e-01,1.000000000000000000e+00,-1.360977931452927170e-01,2.945991790169147362e-01,4.132488997898592364e-01,1.093558256038223431e-01,9.213915239188541842e-03,3.375200587677761321e-01,-3.153311278717760846e-01,-1.603530734465538898e-01,3.497763319080209876e-01,2.149887719117252738e-01,3.485599319586102918e-01,2.085992041394382768e-01,4.099766961663032366e-02,2.310067283594437193e-02,3.050903515162673996e-01,3.631120859770694542e-01,6.770587722882588644e-02,2.869275779757262182e-02,4.677946715128271093e-01,3.385598117765564186e-01,5.035650195124182771e-01,2.463266427126328539e-01,5.538524629778109887e-01,2.362617758247687605e-01,8.435325108073273015e-02
9.709881962626043181e-03,-6.396846110612383063e-01,-3.539058275273200826e-01,-2.569367150040973713e-01,-7.369616152002114728e-02,-5.350323708142600276e-01,5.038397521428351622e-01,7.682660831365017984e-02,-1.826948522372884576e-01,-5.384664973934630838e-01,-5.723922938958554418e-01,2.189626899936835680e-01,6.002209188360263514e-02,-1.360977931452927170e-01,1.000000000000000000e+00,-5.157345056474296197e-01,-4.871068087903698829e-01,3.429048888925465000e-01,1.715341606495381643e-01,-3.833008699721542900e-01,5.646363054096632528e-01,3.238297502786826043e-01,-5.286161557043811410e-01,-3.871760523457397629e-01,-5.240643794543217160e-01,4.010578288103139877e-01,1.559253959079822671e-01,5.035724760013476908e-01,5.081639652176303534e-02,-5.163470873432515207e-01,-2.144846440292703937e-01,-3.724117312680683134e-01,-4.516273983381012269e-01,1.790564682078129854e-01,-2.241373066834250749e-01,-3.840853993782158970e-01,-3.383751982240854606e-01,4.413791926719633496e-01,-3.295839150877498125e-01
3.063990667880555629e-01,4.746170526819993296e-01,5.246339655627055842e-01,1.331408472958078293e-01,1.855941622635260135e-01,5.871353811807153988e-01,-2.468280437761130874e-01,-2.417255435817279030e-01,1.930809017477638223e-01,6.967490516053610472e-01,4.904588084400676729e-01,-2.289146073254206271e-01,-8.952808721850176454e-02,2.945991790169147362e-01,-5.157345056474296197e-01,1.000000000000000000e+00,5.484706469793176886e-01,-1.546684703699649222e-01,2.062133798586223907e-02,4.232886701592419310e-01,-2.475027596462442414e-01,7.252951253543085675e-02,6.819722677350906759e-01,4.490720502533818714e-01,5.961291878812738920e-01,-6.618672554937031494e-02,2.920660421269127144e-02,-4.933452067896335752e-02,2.032881649213496011e-01,7.292016458598084006e-01,3.567769201531927337e-01,1.559147292828178544e-01,6.299762758982359045e-01,-5.681378771209875250e-02,5.319806940158146036e-01,6.383205244140066625e-01,4.133372453341804809e-01,-2.336704926964461027e-01,1.642684094732181355e-01
3.219109216840070897e-01,3.926253404550844595e-01,3.045213229530460697e-01,1.192283334930917538e-01,1.135232729420395867e-02,7.397165954773969876e-01,-5.614171294339347362e-01,-6.990880458463281932e-02,8.746227097586690979e-02,5.961297100489578726e-01,6.869013388249990415e-01,-4.695302018921958531e-01,-7.782067317074480017e-02,4.132488997898592364e-01,-4.871068087903698829e-01,5.484706469793176886e-01,1.000000000000000000e+00,-3.729125076342675316e-01,-3.555885401301256965e-01,4.683153675798694682e-01,-4.906487529588172691e-01,-2.899510090289943998e-01,6.750995791580670646e-01,2.653224885241980413e-01,6.859595410802060700e-01,-1.647736944476216672e-02,-7.156221113285199387e-02,-1.621163280219172220e-01,8.893836967341027522e-02,5.669625760344271237e-01,1.745150077810754263e-01,2.294662996140310607e-01,6.461833643452536968e-01,-8.231875830632283397e-02,5.437785165023665268e-01,4.263302272209114063e-01,6.306406552193243309e-01,-2.566980542776857166e-01,-2.209096120236688984e-02
1.473514612189313067e-01,-2.602142007234807819e-01,1.659813389064440647e-01,2.586526742565966042e-01,3.131797752007897673e-01,-3.104162301924180412e-01,3.160255445924587403e-01,-3.413596538567557070e-01,3.935824634620794238e-01,-8.639602215582307954e-02,-4.361919553217694645e-01,3.953529323063207368e-01,1.465086289338066172e-01,1.093558256038223431e-01,3.429048888925465000e-01,-1.546684703699649222e-01,-3.729125076342675316e-01,1.000000000000000000e+00,5.192593355009288425e-01,-7.060838816332981605e-02,3.224714387297331619e-01,2.487387407974706310e-01,-2.488283880499052025e-01,1.434764663465847856e-01,-2.244670937713441339e-01,3.525199010951816092e-01,1.426835692894944628e-02,3.805967753289832278e-01,3.170839827988405912e-01,-5.173206037988899164e-02,-2.501347808975312725e-01,-3.074552204726647142e-01,-1.388003560422896576e-01,2.649179822149877461e-01,-8.726817228659268511e-02,-5.366813863295311765e-02,-2.626507926430675099e-01,5.796969049485251047e-01,1.784773689155596255e-01
-9.330756195260186958e-02,-4.887358053348333370e-02,3.084904570588405948e-01,9.986933329358420319e-02,4.471586712691055232e-01,-2.455045453176211701e-01,4.234229112307705822e-01,-3.158171922708813972e-01,2.841886724246873164e-01,-4.545445572192888944e-03,-3.468573175166856926e-01,6.139324574576715543e-01,1.908052514997360437e-03,9.213915239188541842e-03,1.715341606495381643e-01,2.062133798586223907e-02,-3.555885401301256965e-01,5.192593355009288425e-01,1.000000000000000000e+00,-1.485781345113360019e-01,3.472208299568845802e-01,3.962883515242398014e-01,-1.160826928456645396e-01,1.854934758185300681e-01,-1.509206348463912328e-01,5.334921314039261370e-02,1.461473896002136452e-01,1.489663438962735564e-01,1.475410767875390272e-01,1.865282749612861418e-02,4.071779600320699077e-02,-8.389422261639614686e-02,-1.411234659880497566e-01,2.490747668793802383e-01,-4.681198842635417995e-02,7.534761721584300187e-02,-1.925200094321620758e-01,2.994464565009689050e-01,4.345462956717355829e-01
4.170338508305242442e-01,3.351002655581944989e-01,4.222857601925249504e-01,3.252426306645453957e-01,3.485074111514283590e-01,4.156883574996902975e-01,-4.070538947846346067e-01,-3.814855039059857900e-01,2.193575391325565949e-01,5.390747352765511424e-01,3.161151430010050722e-01,-3.567562160848526953e-01,5.071436710398096598e-02,3.375200587677761321e-01,-3.833008699721542900e-01,4.232886701592419310e-01,4.683153675798694682e-01,-7.060838816332981605e-02,-1.485781345113360019e-01,1.000000000000000000e+00,-2.914141403825329935e-01,-1.130517539471481148e-01,4.263221372651918584e-01,4.369296486080295749e-01,4.650551321528574866e-01,1.655456231063749395e-01,-7.476765142646081552e-02,5.223225260530456326e-02,2.663928744374881585e-01,5.351659464915898834e-01,-3.464283251404669944e-02,1.758824363026669224e-01,3.903682793041621801e-01,8.390396671565196474e-02,4.286824860092133815e-01,3.588247429120145493e-01,4.623031294052674656e-01,-5.951879562054776529e-02,1.002292855289230039e-01
-1.413669851388939525e-01,-4.410438804305590876e-01,-5.668603265196654750e-02,-2.862505487797371018e-01,8.615219464083828660e-02,-4.638230864533625097e-01,6.948539722949892417e-01,-1.493021575098621989e-01,-2.780315355315929882e-01,-2.763412704748171578e-01,-5.481921333440820110e-01,2.721613902073730662e-01,9.200180302478871974e-02,-3.153311278717760846e-01,5.646363054096632528e-01,-2.475027596462442414e-01,-4.906487529588172691e-01,3.224714387297331619e-01,3.472208299568845802e-01,-2.914141403825329935e-01,1.000000000000000000e+00,6.857444354204461634e-01,-3.615941707741002209e-01,-1.086827293488473456e-01,-3.922295921368197935e-01,2.132718265719462103e-01,1.122193842296808214e-01,5.617076567485044247e-01,4.506900838892625299e-02,-2.804551536768142839e-01,-4.193113868578571268e-02,-2.576598922505294320e-01,-3.350574592694528508e-01,5.461803211838303640e-02,-2.165861568434762352e-01,-1.805212722406584758e-01,-4.460124783941739057e-01,2.534651067417785786e-01,-1.424089420801074313e-01
-2.601759892830867241e-02,-2.428503424281150957e-01,2.023953138954522057e-01,-1.887515432658090353e-01,2.267140557417641478e-01,-2.672753681266269443e-01,5.917687372447647531e-01,-2.888205243374649678e-01,-1.848553012911612614e-01,8.939805412642024603e-04,-4.035137241120883567e-01,2.013257427635861685e-01,1.790032109022394666e-02,-1.603530734465538898e-01,3.238297502786826043e-01,7.252951253543085675e-02,-2.899510090289943998e-01,2.487387407974706310e-01,3.962883515242398014e-01,-1.130517539471481148e-01,6.857444354204461634e-01,1.000000000000000000e+00,-1.223003765365739126e-01,4.052534135382779984e-02,-2.055111875503196905e-01,1.446089548164981864e-01,1.118851653823351028e-01,5.166210864500991873e-01,1.273864231161072613e-01,1.914693958902042789e-02,1.075080426218711221e-01,-2.071291511325343004e-01,-9.933000914147627203e-02,7.224446862644824663e-02,9.991287647395958194e-04,9.064165781906183272e-02,-2.835769415499525548e-01,1.418576635780074979e-01,-4.899454665350864296e-02
1.942352432898565295e-01,4.732020133826683739e-01,4.271860172916425169e-01,1.266610296109419997e-01,5.833093059587252105e-02,7.459889726075613625e-01,-3.717590831882046642e-01,-1.392564436169533848e-01,1.303459231518732941e-01,6.647545440762604452e-01,6.358384691770293529e-01,-2.937910370526075066e-01,-4.279767778052835647e-02,3.497763319080209876e-01,-5.286161557043811410e-01,6.819722677350906759e-01,6.750995791580670646e-01,-2.488283880499052025e-01,-1.160826928456645396e-01,4.263221372651918584e-01,-3.615941707741002209e-01,-1.223003765365739126e-01,1.000000000000000000e+00,4.391627082788138181e-01,7.401235897186682067e-01,-1.381678011910681403e-01,-1.624458797633442086e-02,-1.487147587193204112e-01,9.606583118054727588e-02,6.281938659727437368e-01,3.331249706293081259e-01,1.784602410399105388e-01,6.982567195420283923e-01,-1.137039838296540206e-01,5.419687079621987591e-01,4.857489869841919994e-01,5.098682137412887672e-01,-2.997928664984482738e-01,1.616844674018541594e-01
1.981072442876009032e-01,4.537171811252662668e-01,5.067618274675922407e-01,2.207631292311985349e-01,3.590741302246344691e-01,3.271523910504640087e-01,-1.571800065967133286e-01,-4.865020526814540780e-01,3.455480476932954459e-01,6.070548911004614023e-01,1.630367876793157589e-01,-1.895803431752608736e-02,3.138144685413967599e-02,2.149887719117252738e-01,-3.871760523457397629e-01,4.490720502533818714e-01,2.653224885241980413e-01,1.434764663465847856e-01,1.854934758185300681e-01,4.369296486080295749e-01,-1.086827293488473456e-01,4.052534135382779984e-02,4.391627082788138181e-01,1.000000000000000000e+00,4.712866177849261429e-01,-6.871934985972987832e-03,-4.816017706457400432e-02,1.334331741195102054e-02,2.776539054519450156e-01,5.495952505408708832e-01,1.396638307695754755e-01,3.217455519224585170e-01,4.040002037354180620e-01,1.339280756767536294e-02,2.177458790323075488e-01,3.551472694120081930e-01,2.642828168923613275e-01,-5.173523881088313431e-02,3.512984929503728537e-01
1.950088261785896115e-01,4.645299271510510142e-01,4.177328726102275125e-01,1.489157337458049402e-01,8.121772565535899380e-02,7.529628228889533315e-01,-4.318290128237599612e-01,-1.691160721550112600e-01,1.763428231304823568e-01,6.667014947453815399e-01,6.754819760004853180e-01,-2.972069986562697053e-01,-5.270273952040363530e-02,3.485599319586102918e-01,-5.240643794543217160e-01,5.961291878812738920e-01,6.859595410802060700e-01,-2.244670937713441339e-01,-1.509206348463912328e-01,4.650551321528574866e-01,-3.922295921368197935e-01,-2.055111875503196905e-01,7.401235897186682067e-01,4.712866177849261429e-01,1.000000000000000000e+00,-1.212097664755751592e-01,-8.826581889049714413e-02,-1.659736122191178553e-01,4.410228689451962947e-02,6.172613683946341911e-01,2.288081486718591684e-01,2.384519025166457473e-01,6.894282825649447055e-01,-6.563571699399659010e-02,4.730316391517056518e-01,4.274665012821067256e-01,5.534886744059925867e-01,-2.747679228631780823e-01,1.739031324651436894e-01
5.461245152540143977e-01,-2.028750701492638420e-01,-3.234905030168528511e-02,-4.478851289037562387e-04,2.241552655179751552e-01,-1.409467425482220093e-01,1.741937825498645898e-01,-1.783283153303022728e-01,1.763876367360955044e-01,1.980362360555621218e-02,-2.586181173930084953e-01,-1.046784803331300001e-01,1.374379791130451167e-01,2.085992041394382768e-01,4.010578288103139877e-01,-6.618672554937031494e-02,-1.647736944476216672e-02,3.525199010951816092e-01,5.334921314039261370e-02,1.655456231063749395e-01,2.132718265719462103e-01,1.446089548164981864e-01,-1.381678011910681403e-01,-6.871934985972987832e-03,-1.212097664755751592e-01,1.000000000000000000e+00,3.324865848213783281e-01,5.964307907562447220e-01,6.004257544738572649e-01,3.702717275188564111e-02,-1.825654491636249377e-01,-1.400986767175483039e-01,-9.402875365699137067e-02,2.765537686350370006e-01,2.943425719358126469e-01,1.677187520790335840e-01,1.007926829141262831e-01,4.224542936602477261e-01,-2.459270514393324947e-01
9.304236779079705366e-02,1.709648868775079933e-01,-8.568016090532765139e-02,-1.549856220931511708e-01,7.975672037824085847e-02,-8.982127748645775400e-02,2.533239067405664291e-01,5.913381112105537546e-02,7.922097354404951386e-02,-4.339465534666257784e-02,-1.082901183447730481e-01,1.211030181209683532e-01,9.517823205355479058e-03,4.099766961663032366e-02,1.559253959079822671e-01,2.920660421269127144e-02,-7.156221113285199387e-02,1.426835692894944628e-02,1.461473896002136452e-01,-7.476765142646081552e-02,1.122193842296808214e-01,1.118851653823351028e-01,-1.624458797633442086e-02,-4.816017706457400432e-02,-8.826581889049714413e-02,3.324865848213783281e-01,1.000000000000000000e+00,1.198267416333234497e-01,2.270277402694963753e-01,-4.391682978362069362e-02,4.751842185606757751e-01,2.454794954242499327e-01,-6.828226844100863946e-02,6.636940033695315488e-02,1.304401292393160550e-01,1.982956703549367261e-01,4.926553765185523459e-02,7.894941981824156463e-02,1.044757333977961444e-01
3.438697996537774526e-01,-3.819107899458013544e-01,4.080907486092439501e-02,-1.602784140248550704e-01,1.777553825867237702e-01,-2.148307885271434070e-01,4.472484354121223360e-01,-2.262494390665452659e-01,-8.907488062526368322e-02,1.514831205012549592e-03,-3.795144236871141330e-01,-7.368894840644057975e-02,1.454032583190854322e-01,2.310067283594437193e-02,5.035724760013476908e-01,-4.933452067896335752e-02,-1.621163280219172220e-01,3.805967753289832278e-01,1.489663438962735564e-01,5.223225260530456326e-02,5.617076567485044247e-01,5.166210864500991873e-01,-1.487147587193204112e-01,1.334331741195102054e-02,-1.659736122191178553e-01,5.964307907562447220e-01,1.198267416333234497e-01,1.000000000000000000e+00,4.322647204638855878e-01,-3.172509166834058727e-04,-1.435130765199095493e-01,-3.409171535623701232e-01,-7.906720667978150985e-02,1.884403982599951177e-01,2.196741541929833619e-01,9.374826557350682266e-02,-1.144577538546234369e-01,3.328899474820499194e-01,-3.408766720842241194e-01
5.613513220740328213e-01,1.352949851407076742e-01,2.266474096938690952e-01,1.941695071211085311e-01,3.728610707322736473e-01,1.795707268419579131e-02,8.036648773945533064e-02,-3.184532965379290870e-01,3.778594764532996475e-01,2.881952190709953787e-01,-1.572976416531271793e-01,-6.317639034276047172e-02,1.159141070298949083e-01,3.050903515162673996e-01,5.081639652176303534e-02,2.032881649213496011e-01,8.893836967341027522e-02,3.170839827988405912e-01,1.475410767875390272e-01,2.663928744374881585e-01,4.506900838892625299e-02,1.273864231161072613e-01,9.606583118054727588e-02,2.776539054519450156e-01,4.410228689451962947e-02,6.004257544738572649e-01,2.270277402694963753e-01,4.322647204638855878e-01,1.000000000000000000e+00,3.174938674913152514e-01,-1.354625943873994931e-01,-1.509099041267773951e-02,7.305997627649465920e-02,3.233077392057477351e-01,4.287495800247010380e-01,4.089153028525879252e-01,1.478558227888656929e-01,2.397126767074170828e-01,-2.261692447166479061e-02
3.936413315848179550e-01,5.092204969182657637e-01,5.790249439986729918e-01,2.776221029953716002e-01,3.162596406680782124e-01,5.815742393484294448e-01,-3.087605421996685862e-01,-3.566320811431643034e-01,3.476022640681145082e-01,7.585633415382680989e-01,4.566709948704995026e-01,-2.276269015923628458e-01,-2.313553241106636529e-02,3.631120859770694542e-01,-5.163470873432515207e-01,7.292016458598084006e-01,5.669625760344271237e-01,-5.173206037988899164e-02,1.865282749612861418e-02,5.351659464915898834e-01,-2.804551536768142839e-01,1.914693958902042789e-02,6.281938659727437368e-01,5.495952505408708832e-01,6.172613683946341911e-01,3.702717275188564111e-02,-4.391682978362069362e-02,-3.172509166834058727e-04,3.174938674913152514e-01,1.000000000000000000e+00,1.840831915156723730e-01,2.234632711779318270e-01,6.251567769577441869e-01,4.655884741134262012e-02,5.260693594580841959e-01,6.698331865358253534e-01,4.710138787247450942e-01,-1.620186306378032237e-01,1.930043410894214939e-01
-1.173827627598456047e-01,3.644203414037914812e-01,1.522166466772915672e-01,-2.245364159822459682e-01,-7.287813734756787287e-02,2.386571571189055052e-01,3.540397315354545243e-02,4.737491223019535402e-02,-5.300070159636502409e-02,2.303783245956707026e-01,2.435196478010157595e-01,-4.656198066124625501e-02,-1.968032229994319815e-01,6.770587722882588644e-02,-2.144846440292703937e-01,3.567769201531927337e-01,1.745150077810754263e-01,-2.501347808975312725e-01,4.071779600320699077e-02,-3.464283251404669944e-02,-4.193113868578571268e-02,1.075080426218711221e-01,3.331249706293081259e-01,1.396638307695754755e-01,2.288081486718591684e-01,-1.825654491636249377e-01,4.751842185606757751e-01,-1.435130765199095493e-01,-1.354625943873994931e-01,1.840831915156723730e-01,1.000000000000000000e+00,3.027034274589226470e-01,3.319090068543043559e-01,-1.643726690913695221e-01,1.435425569852412098e-01,2.595331199081663542e-01,1.459333974356503416e-01,-1.964215875511763632e-01,2.018570532751666480e-01
-6.134188018515340096e-02,5.325324232312917960e-01,1.266496936289961128e-01,8.623228597814812380e-02,1.907950043056330369e-01,2.074214005369268421e-01,-2.527873260570546177e-01,-5.140632177295526017e-02,1.644610522242624662e-01,2.503018514232606129e-01,2.387883828394399555e-01,9.467132591146993834e-03,-1.156477869408380210e-01,2.869275779757262182e-02,-3.724117312680683134e-01,1.559147292828178544e-01,2.294662996140310607e-01,-3.074552204726647142e-01,-8.389422261639614686e-02,1.758824363026669224e-01,-2.576598922505294320e-01,-2.071291511325343004e-01,1.784602410399105388e-01,3.217455519224585170e-01,2.384519025166457473e-01,-1.400986767175483039e-01,2.454794954242499327e-01,-3.409171535623701232e-01,-1.509099041267773951e-02,2.234632711779318270e-01,3.027034274589226470e-01,1.000000000000000000e+00,1.189404058649909252e-01,3.260710266415550729e-02,-1.600655605667823320e-02,2.327933474451225893e-01,2.982228133602611853e-01,-2.631870409431490421e-01,2.907776374398034491e-01
2.598350518421759792e-01,3.910294535201916943e-01,4.975609167711507741e-01,1.531519697266244262e-01,7.164774668053552897e-02,6.929577735948141415e-01,-4.038997351621023690e-01,-2.359817141240654337e-01,1.964974368700103113e-01,6.455888605385229351e-01,5.906839423032965719e-01,-3.248333338242164747e-01,-6.149818458103217117e-02,4.677946715128271093e-01,-4.516273983381012269e-01,6.299762758982359045e-01,6.461833643452536968e-01,-1.388003560422896576e-01,-1.411234659880497566e-01,3.903682793041621801e-01,-3.350574592694528508e-01,-9.933000914147627203e-02,6.982567195420283923e-01,4.040002037354180620e-01,6.894282825649447055e-01,-9.402875365699137067e-02,-6.828226844100863946e-02,-7.906720667978150985e-02,7.305997627649465920e-02,6.251567769577441869e-01,3.319090068543043559e-01,1.189404058649909252e-01,1.000000000000000000e+00,-4.746960574499119179e-02,4.888198650057870021e-01,4.400447164173433290e-01,4.766774536156532793e-01,-1.615037513998409391e-01,1.234577084994798596e-01
3.462425064508612982e-01,-8.849581791111778284e-02,2.050342240311451847e-01,2.918840619083769017e-01,4.902270185351296217e-01,-1.118908717238447509e-01,3.335942020741085312e-02,-2.315705626360573532e-01,3.863947951810647319e-01,-1.966106868114158787e-02,-1.735608606054030445e-01,1.792295468661048441e-01,-1.693085862023074317e-01,3.385598117765564186e-01,1.790564682078129854e-01,-5.681378771209875250e-02,-8.231875830632283397e-02,2.649179822149877461e-01,2.490747668793802383e-01,8.390396671565196474e-02,5.461803211838303640e-02,7.224446862644824663e-02,-1.137039838296540206e-01,1.339280756767536294e-02,-6.563571699399659010e-02,2.765537686350370006e-01,6.636940033695315488e-02,1.884403982599951177e-01,3.233077392057477351e-01,4.655884741134262012e-02,-1.643726690913695221e-01,3.260710266415550729e-02,-4.746960574499119179e-02,1.000000000000000000e+00,1.109353441199498330e-01,4.627430551152719035e-02,9.412596459097943846e-02,3.574576822457465886e-01,1.119800655876745377e-01
4.892823759354840707e-01,2.669294082455970218e-01,3.451511012826805613e-01,9.381969203775095134e-02,2.123548726119978414e-01,5.122527584877142326e-01,-2.039620020342917395e-01,-1.592268901260880110e-01,1.744294794677264948e-01,5.267096527197877576e-01,3.696265475828843794e-01,-3.068606234092943752e-01,2.146175576953508399e-02,5.035650195124182771e-01,-2.241373066834250749e-01,5.319806940158146036e-01,5.437785165023665268e-01,-8.726817228659268511e-02,-4.681198842635417995e-02,4.286824860092133815e-01,-2.165861568434762352e-01,9.991287647395958194e-04,5.419687079621987591e-01,2.177458790323075488e-01,4.730316391517056518e-01,2.943425719358126469e-01,1.304401292393160550e-01,2.196741541929833619e-01,4.287495800247010380e-01,5.260693594580841959e-01,1.435425569852412098e-01,-1.600655605667823320e-02,4.888198650057870021e-01,1.109353441199498330e-01,1.000000000000000000e+00,5.485528041624813111e-01,5.546156539964319787e-01,-9.788765868618454213e-02,-7.625143980150854428e-02
3.531275142445924886e-01,5.032457327965560445e-01,4.021006704752134731e-01,1.270347242366393070e-01,2.897056482633121877e-01,4.133409743437290729e-01,-9.049751454793546201e-02,-1.733977707061394868e-01,2.781674598030476342e-01,6.236653734281625283e-01,3.284897411807589651e-01,-1.503400914759110696e-01,-2.481300609096919949e-02,2.463266427126328539e-01,-3.840853993782158970e-01,6.383205244140066625e-01,4.263302272209114063e-01,-5.366813863295311765e-02,7.534761721584300187e-02,3.588247429120145493e-01,-1.805212722406584758e-01,9.064165781906183272e-02,4.857489869841919994e-01,3.551472694120081930e-01,4.274665012821067256e-01,1.677187520790335840e-01,1.982956703549367261e-01,9.374826557350682266e-02,4.089153028525879252e-01,6.698331865358253534e-01,2.595331199081663542e-01,2.327933474451225893e-01,4.400447164173433290e-01,4.627430551152719035e-02,5.485528041624813111e-01,1.000000000000000000e+00,3.788582075108397618e-01,-1.713893483346759228e-01,1.407382201072005234e-01
4.014156348504610561e-01,3.618600072023087089e-01,2.703428381215627341e-01,1.209129067918474632e-01,1.771501511320169864e-01,5.558379804029930371e-01,-5.056821260818080699e-01,-1.232323566784451485e-01,2.228587567197058417e-01,5.044969216457018124e-01,5.132446322854158360e-01,-3.446333628912486291e-01,-2.036614659908527747e-01,5.538524629778109887e-01,-3.383751982240854606e-01,4.133372453341804809e-01,6.306406552193243309e-01,-2.626507926430675099e-01,-1.925200094321620758e-01,4.623031294052674656e-01,-4.460124783941739057e-01,-2.835769415499525548e-01,5.098682137412887672e-01,2.642828168923613275e-01,5.534886744059925867e-01,1.007926829141262831e-01,4.926553765185523459e-02,-1.144577538546234369e-01,1.478558227888656929e-01,4.710138787247450942e-01,1.459333974356503416e-01,2.982228133602611853e-01,4.766774536156532793e-01,9.412596459097943846e-02,5.546156539964319787e-01,3.788582075108397618e-01,1.000000000000000000e+00,-1.229520942171254821e-01,-1.147974573230197554e-02
3.316739750120114572e-01,-3.484908854911891174e-01,4.098673139082633504e-02,1.088025003150220188e-01,2.364000513174248364e-01,-3.325436869362999870e-01,1.473986649363904222e-01,-2.790147347853719206e-01,2.914167239901997442e-01,-1.767394093791710696e-01,-4.018509394149463176e-01,2.281152104000779834e-01,-4.878361957590866133e-02,2.362617758247687605e-01,4.413791926719633496e-01,-2.336704926964461027e-01,-2.566980542776857166e-01,5.796969049485251047e-01,2.994464565009689050e-01,-5.951879562054776529e-02,2.534651067417785786e-01,1.418576635780074979e-01,-2.997928664984482738e-01,-5.173523881088313431e-02,-2.747679228631780823e-01,4.224542936602477261e-01,7.894941981824156463e-02,3.328899474820499194e-01,2.397126767074170828e-01,-1.620186306378032237e-01,-1.964215875511763632e-01,-2.631870409431490421e-01,-1.615037513998409391e-01,3.574576822457465886e-01,-9.788765868618454213e-02,-1.713893483346759228e-01,-1.229520942171254821e-01,1.000000000000000000e+00,1.085499194674228035e-01
-1.452730487328942888e-01,4.249646502349674893e-01,3.916207169533478805e-01,2.581342443363485173e-01,3.665181402726077065e-01,1.000483088286359262e-01,-6.950045996401876813e-02,-2.957947746359860797e-01,4.137952355508013880e-01,2.178257189206899702e-01,7.768938847522181834e-02,4.512637125970189733e-01,-4.075195061533399415e-02,8.435325108073273015e-02,-3.295839150877498125e-01,1.642684094732181355e-01,-2.209096120236688984e-02,1.784773689155596255e-01,4.345462956717355829e-01,1.002292855289230039e-01,-1.424089420801074313e-01,-4.899454665350864296e-02,1.616844674018541594e-01,3.512984929503728537e-01,1.739031324651436894e-01,-2.459270514393324947e-01,1.044757333977961444e-01,-3.408766720842241194e-01,-2.261692447166479061e-02,1.930043410894214939e-01,2.018570532751666480e-01,2.907776374398034491e-01,1.234577084994798596e-01,1.119800655876745377e-01,-7.625143980150854428e-02,1.407382201072005234e-01,-1.147974573230197554e-02,1.085499194674228035e-01,1.000000000000000000e+00
