1.000000000000000000e+00,6.052918455853656399e-01,1.590644876099554794e-01,2.815313929197905962e-02,2.263953857924344282e-01,6.252002644455438574e-02,1.008196551856522377e-01,-1.417617073168922215e-01,5.146462053674575321e-01,4.920557282074231598e-01,2.223713061676372560e-01,-2.149791084463763269e-02,1.630741760816772634e-01,3.054172147252800507e-01,1.887207331167321533e-01,5.828662974661640295e-01,1.705987986535831835e-01,1.140670719798339283e-01,1.712530154778701408e-01,1.667663011225223035e-01,-8.310308313467248964e-02,-3.244796891002425798e-02,4.666157998617890823e-01,4.403950311264479556e-01,4.086450428236977350e-01,2.480170384148709106e-01,-2.445682740646746081e-02,2.466420437472769123e-01,3.339111428079743482e-01,5.961025231409292635e-01,1.158309076176883418e-01,2.103527918152337250e-01,-3.856703509537353670e-03,1.401978815486394636e-01,3.383650575118724579e-01,8.014834540202642188e-02,2.974933434695670731e-01,3.950371924736083562e-01,3.948851446558709899e-01
6.052918455853656399e-01,1.000000000000000000e+00,3.727802532946495329e-01,-4.470338404968961926e-02,3.661061872494827951e-01,2.313024221926756052e-01,4.143375845226952570e-01,-3.763546994518534583e-01,6.687083249970513510e-01,7.674604089825365349e-01,3.402864353144290366e-01,3.121967649768443986e-01,-1.204192078030369255e-02,5.925563104161545303e-01,4.009557255815369703e-01,3.704827955507156156e-01,1.083982042615226210e-01,3.135197927980412635e-02,4.039010014317618302e-01,3.234195355936050342e-01,1.767073161511467372e-01,1.789923356051233705e-01,5.365020871472580000e-01,4.164421490844346097e-01,4.864754557357919285e-01,4.998377135555050477e-01,2.354349118964389753e-01,5.940977318379683236e-01,6.036309408081000916e-01,5.722996041174476245e-01,5.407679867533979889e-01,5.465912246149551290e-01,2.352609406121604629e-01,4.797938772548033248e-01,6.021044040393637164e-01,3.539739271669663512e-01,6.138441111364113523e-01,2.454854508089699128e-01,3.845482974537208221e-01
1.590644876099554794e-01,3.727802532946495329e-01,1.000000000000000000e+00,-2.024436613994619050e-01,7.902491646441626161e-01,9.227485138384472485e-02,2.691377254907949546e-01,-9.020788598630850030e-01,6.015498892289478094e-01,5.692989098375985657e-01,2.280164642687044496e-01,1.710819297536847472e-01,-3.019810872779449817e-01,5.610222908968319766e-01,1.564604104527030914e-01,2.659740693797104094e-01,1.289669435376587237e-01,3.428278663009525634e-02,5.736249733833306275e-01,1.002778599437595258e-01,6.780843308907258393e-01,2.434375208943657942e-01,4.788126405484485759e-01,2.561851750046121867e-01,3.495058305868185000e-01,4.771192303026594583e-01,4.880250824041668101e-01,6.871024852572488184e-01,4.163867927796082169e-01,4.216520401509142313e-01,6.369217298494981305e-01,3.447630665398330185e-01,5.453760174097710411e-01,4.571802655820877970e-01,3.227381792181879816e-01,1.359092958904106196e-01,2.902078675482983594e-01,1.229253512771277812e-01,5.628963844807890471e-01
2.815313929197905962e-02,-4.470338404968961926e-02,-2.024436613994619050e-01,1.000000000000000000e+00,-1.405480306431405035e-01,-1.111113162011911730e-02,1.662464079720962773e-01,2.108829901689412145e-01,-7.758512207084405921e-02,-7.330384045546466110e-02,-3.459857901218573589e-02,2.140641221153428697e-01,4.899237789733102422e-01,1.029667594914680379e-01,2.427523781469665409e-01,-3.086110793485554588e-03,-2.823538907624479899e-01,4.333884086119095258e-01,9.337065656734858110e-02,3.913416012608009753e-01,-3.458468851438322722e-01,-3.909904142299171215e-02,-7.354647044331519279e-02,-2.755185346402392876e-01,-9.897086360970160090e-02,-1.722780300417724175e-01,-1.303093039782578511e-01,-1.174020987018950801e-01,-1.238215619352995012e-01,1.097204905075732824e-02,-3.211772949508893693e-01,1.076084402481907870e-01,-3.588797797721017258e-01,-3.226149903952692938e-02,-8.336758518497608406e-02,1.782186675078152316e-01,-2.572091829506171004e-02,3.606191868409780454e-01,-5.872845766536053530e-02
2.263953857924344282e-01,3.661061872494827951e-01,7.902491646441626161e-01,-1.405480306431405035e-01,1.000000000000000000e+00,-3.844564754637654763e-02,1.448363766511511774e-01,-7.846118246355441306e-01,6.639655291273489635e-01,5.634556822483118843e-01,2.080273427885045712e-01,-2.389885308032789479e-02,-2.851627070357575788e-01,5.928689205520760730e-01,1.996144551411712861e-02,4.534421122805254445e-01,1.918478529573403868e-01,9.284013788734601924e-02,5.172360036007828121e-01,-1.892884316687143756e-02,4.910834225684902465e-01,1.585009509837885522e-01,4.270749374609085214e-01,4.092823828218251636e-01,3.206093863385676701e-01,5.045793771938428263e-01,4.410530022005574868e-01,5.406177981879989325e-01,4.235356869564795290e-01,5.745018889020420128e-01,5.099853283835935613e-01,3.593070138771192745e-01,4.626947060531690359e-01,3.117204315027588546e-01,3.027619707729933274e-01,1.663917761088870018e-01,2.652554737659572059e-01,1.192481712584921028e-01,5.792599086201599690e-01
6.252002644455438574e-02,2.313024221926756052e-01,9.227485138384472485e-02,-1.111113162011911730e-02,-3.844564754637654763e-02,1.000000000000000000e+00,3.386435229944782521e-01,-8.491750799893649226e-02,8.393936610829177969e-02,2.644328475718126237e-01,5.812073762510310271e-01,4.988380715987469349e-01,2.936798490500184822e-01,3.506174051887519516e-01,4.270953138009851990e-01,-1.500232485490483603e-01,1.731209585876378465e-01,7.828814704016597015e-02,2.832353705620875850e-01,3.163739680163805690e-01,3.395729739921160562e-02,-6.232997427521071859e-02,3.365213807598690932e-01,-5.109585540378775576e-02,1.967199705678195354e-01,2.955772012108861535e-01,2.536024663053068617e-01,4.035227533398194066e-01,4.668393899638054734e-01,-4.916576020672575043e-02,2.227783830109777985e-01,4.932996925494686491e-01,1.999789805005759702e-01,4.279286891372997559e-01,5.292726309749277158e-01,4.160259502271564380e-01,4.995699176403236574e-01,1.584020854228028741e-01,-1.206461569915129456e-01
1.008196551856522377e-01,4.143375845226952570e-01,2.691377254907949546e-01,1.662464079720962773e-01,1.448363766511511774e-01,3.386435229944782521e-01,1.000000000000000000e+00,-2.726206546297601507e-01,2.617320419835391099e-01,3.352319127910403651e-01,1.484358667170778412e-01,7.284966972100407334e-01,3.367503566571866669e-01,3.902624082459168475e-01,7.373605557793588838e-01,2.599575667885773225e-02,-2.164783625581375714e-01,1.897618436251160834e-01,6.261300503524457328e-01,6.532811528352521213e-01,1.020348376298637338e-01,3.285141580445663512e-01,3.716021529885278896e-01,-1.120359395577235628e-01,1.591105821081615634e-01,2.409820290136284182e-01,1.811405135576917014e-01,5.387964233455929675e-01,2.592253730894769626e-01,1.258532777603126596e-01,2.696212829212794038e-01,5.095832605252869074e-01,-3.614847462671313266e-02,6.709010571856718341e-01,4.248157628663439822e-01,3.449613662212048792e-01,4.944527297446251746e-01,4.781862613748736335e-01,1.807528413981951410e-01
-1.417617073168922215e-01,-3.763546994518534583e-01,-9.020788598630850030e-01,2.108829901689412145e-01,-7.846118246355441306e-01,-8.491750799893649226e-02,-2.726206546297601507e-01,1.000000000000000000e+00,-6.132221433376885411e-01,-5.656402506377803396e-01,-2.097903497318617250e-01,-1.673729079437067113e-01,2.854599543691901942e-01,-5.690450924109407005e-01,-1.624265517350514110e-01,-2.698560522725359512e-01,-1.278175195301731182e-01,-2.175437419527073354e-02,-5.721228503284992994e-01,-1.037694828291396004e-01,-6.681766639623627491e-01,-2.342204810553475958e-01,-4.710166195351273011e-01,-2.604513644663486449e-01,-3.616217086910274436e-01,-4.917944088051350859e-01,-4.847105642687044580e-01,-6.885124543815647202e-01,-4.170113409010160477e-01,-4.369883538333572126e-01,-6.305657526105618027e-01,-3.507108542361040970e-01,-5.686882991723918312e-01,-4.537019526944638392e-01,-3.354914176095854517e-01,-1.303561152122733879e-01,-3.001038425185664216e-01,-1.213690712227994822e-01,-5.402836348393682542e-01
5.146462053674575321e-01,6.687083249970513510e-01,6.015498892289478094e-01,-7.758512207084405921e-02,6.639655291273489635e-01,8.393936610829177969e-02,2.617320419835391099e-01,-6.132221433376885411e-01,1.000000000000000000e+00,6.923805937623949136e-01,2.684708968099709936e-01,1.232435018828307721e-01,-1.331873251689429383e-01,6.541096530834505929e-01,2.180311990278645529e-01,5.122433516455575653e-01,1.305557272949430248e-01,1.220090686995809609e-01,5.303201651450610843e-01,1.674475181165596127e-01,3.184439009445188540e-01,1.200084099668954352e-01,4.737279518824462632e-01,4.786534307809643951e-01,5.047999177413433625e-01,5.905341161085356783e-01,4.249881704182200126e-01,6.510230690634279949e-01,6.059445948410044913e-01,7.215136651182790795e-01,5.572615354016987599e-01,5.372553458723496878e-01,5.184956398839215552e-01,3.791741146715634780e-01,5.194040361295130248e-01,2.644601323253853442e-01,4.591948335471621734e-01,3.508387369089761010e-01,5.916602109959085976e-01
4.920557282074231598e-01,7.674604089825365349e-01,5.692989098375985657e-01,-7.330384045546466110e-02,5.634556822483118843e-01,2.644328475718126237e-01,3.352319127910403651e-01,-5.656402506377803396e-01,6.923805937623949136e-01,1.000000000000000000e+00,4.995274939417623239e-01,2.528413071003078882e-01,-7.323234895184600746e-02,7.127058751122991032e-01,2.974101055148360984e-01,4.568755647326099845e-01,2.893193618315806348e-01,1.608375051889921192e-01,4.927131951670264964e-01,2.959296085535804699e-01,3.965957098890511845e-01,1.920097384203277302e-01,6.650802400469326692e-01,4.917715336474764443e-01,5.593206434667610250e-01,6.380240971234074632e-01,4.033643341757015555e-01,6.842211442313071990e-01,6.821858070081233683e-01,6.189960337189356343e-01,5.568610293976924419e-01,6.007472016024034689e-01,3.259649131033280911e-01,4.527251332428511299e-01,6.045554194360998057e-01,4.505179944535804282e-01,6.146127122267018850e-01,1.887852816550442681e-01,4.766890412217597017e-01
2.223713061676372560e-01,3.402864353144290366e-01,2.280164642687044496e-01,-3.459857901218573589e-02,2.080273427885045712e-01,5.812073762510310271e-01,1.484358667170778412e-01,-2.097903497318617250e-01,2.684708968099709936e-01,4.995274939417623239e-01,1.000000000000000000e+00,2.193555964826363336e-01,9.101555704213366849e-02,5.195000534460014752e-01,2.184826426528714283e-01,1.823415728804645974e-01,5.946625381109609254e-01,2.024669325479301896e-01,3.377542167472394330e-01,1.542107744778230816e-01,1.932891132812055990e-01,-8.221641183228304076e-03,5.535009196310183288e-01,2.591005263878751741e-01,3.681929151740255812e-01,5.132321884416568558e-01,4.174818258868147058e-01,4.434991356146552044e-01,5.974939925024258525e-01,2.201030782906520378e-01,2.831373507963597658e-01,4.396867271084590745e-01,2.202294103497899336e-01,3.023082231198725989e-01,5.137112969355415171e-01,4.847008134622176057e-01,5.341583503333896532e-01,1.006304128311172885e-01,2.734884364547375268e-01
-2.149791084463763269e-02,3.121967649768443986e-01,1.710819297536847472e-01,2.140641221153428697e-01,-2.389885308032789479e-02,4.988380715987469349e-01,7.284966972100407334e-01,-1.673729079437067113e-01,1.232435018828307721e-01,2.528413071003078882e-01,2.193555964826363336e-01,1.000000000000000000e+00,3.678946823466199834e-01,3.672411498199729118e-01,7.521444649539660299e-01,-2.451685234095153376e-01,-2.565020839696104393e-01,1.761347024338878742e-01,4.749449553035272609e-01,6.625080273424360788e-01,6.347137096772666187e-02,2.685473751428255618e-01,3.144944269350313237e-01,-2.736434905026248754e-01,6.719605079171703244e-02,2.431414933143213886e-01,2.786800484878578787e-01,5.256056616580839780e-01,2.770473453910589079e-01,-9.284956480611997187e-02,2.617924191872282869e-01,5.110454953714326232e-01,-9.261658837437489883e-03,6.941126195734553805e-01,4.734870851443290229e-01,4.585084992279510607e-01,5.169340257045242915e-01,4.398113960852035320e-01,-2.268546717078109148e-02
1.630741760816772634e-01,-1.204192078030369255e-02,-3.019810872779449817e-01,4.899237789733102422e-01,-2.851627070357575788e-01,2.936798490500184822e-01,3.367503566571866669e-01,2.854599543691901942e-01,-1.331873251689429383e-01,-7.323234895184600746e-02,9.101555704213366849e-02,3.678946823466199834e-01,1.000000000000000000e+00,6.840910890308487050e-03,4.296715828956456651e-01,1.511971181925515217e-01,-9.241432856609199664e-02,3.094466245995261544e-01,1.443467377932941553e-01,4.688802508369569466e-01,-5.159465742063333860e-01,-1.707032389014098983e-01,8.730974395177461267e-02,-2.573349804022552756e-01,-7.579795133321605427e-02,-1.312895257727160758e-01,-2.847749437698499086e-01,-6.463468793150624336e-02,-5.520605508726794675e-02,6.993280326787792989e-02,-4.810336466683291512e-01,1.493385048806586402e-01,-4.355041396580670576e-01,1.353182879785201076e-01,7.791145795272834407e-02,1.257046588428087641e-01,8.699013957507498174e-02,5.456041622203706698e-01,-1.566822920893030657e-01
3.054172147252800507e-01,5.925563104161545303e-01,5.610222908968319766e-01,1.029667594914680379e-01,5.928689205520760730e-01,3.506174051887519516e-01,3.902624082459168475e-01,-5.690450924109407005e-01,6.541096530834505929e-01,7.127058751122991032e-01,5.195000534460014752e-01,3.672411498199729118e-01,6.840910890308487050e-03,1.000000000000000000e+00,3.148964573701237835e-01,2.402161005114275272e-01,1.798517309774793904e-01,1.740374166222176944e-01,5.635663979709877314e-01,2.875361483261749118e-01,2.813775484714587938e-01,4.604999516221957440e-02,5.650169980664906388e-01,3.122676584184971293e-01,4.931741224492622866e-01,6.348017305935450549e-01,5.142661093054957666e-01,6.976141232572247164e-01,6.682590296123773754e-01,4.944921904160506920e-01,5.532361782750310208e-01,6.712116872590051520e-01,4.116514939395167216e-01,5.136536388563184286e-01,5.951948317335400418e-01,5.736076886054228829e-01,6.429801914775294946e-01,2.908919362881201010e-01,3.946848632036988880e-01
1.887207331167321533e-01,4.009557255815369703e-01,1.564604104527030914e-01,2.427523781469665409e-01,1.996144551411712861e-02,4.270953138009851990e-01,7.373605557793588838e-01,-1.624265517350514110e-01,2.180311990278645529e-01,2.974101055148360984e-01,2.184826426528714283e-01,7.521444649539660299e-01,4.296715828956456651e-01,3.148964573701237835e-01,1.000000000000000000e+00,1.531191274749253012e-02,-1.144127638844528588e-01,2.434867033220614041e-01,5.357744993471250661e-01,7.048859300562665409e-01,5.219544583434260199e-02,3.724638360009795424e-01,2.987158796648583525e-01,-9.237321871610928992e-02,1.770172034025320473e-01,2.406747316438392903e-01,1.421925811400986117e-01,4.912792947356950934e-01,3.184182630900691535e-01,6.365245972896547977e-02,1.581224828477747479e-01,5.003181652996805395e-01,-1.993616264166777827e-02,6.791498024128284072e-01,4.866468397727645168e-01,3.252690413011332105e-01,5.111283928174419344e-01,5.121112085970823680e-01,2.656839459063542463e-02
5.828662974661640295e-01,3.704827955507156156e-01,2.659740693797104094e-01,-3.086110793485554588e-03,4.534421122805254445e-01,-1.500232485490483603e-01,2.599575667885773225e-02,-2.698560522725359512e-01,5.122433516455575653e-01,4.568755647326099845e-01,1.823415728804645974e-01,-2.451685234095153376e-01,1.511971181925515217e-01,2.402161005114275272e-01,1.531191274749253012e-02,1.000000000000000000e+00,3.460062175814340724e-01,3.406930419884376948e-01,2.761278939631476859e-01,6.127301172742027902e-02,4.247169105281035223e-02,8.817713279205031951e-02,4.093902123093949297e-01,5.904904909903783139e-01,3.630637109533028095e-01,2.999543371038507766e-01,-1.507264950645387930e-02,1.700226205151360026e-01,2.352545843107674839e-01,7.437884106461660760e-01,-8.433221402119500318e-03,1.436601342349852761e-01,-1.297207025597871266e-02,-1.985136937885449010e-02,1.779378100768079507e-01,-3.057010610261777506e-02,1.291060173977409686e-01,3.360002543642668371e-01,5.091593159111840183e-01
1.705987986535831835e-01,1.083982042615226210e-01,1.289669435376587237e-01,-2.823538907624479899e-01,1.918478529573403868e-01,1.731209585876378465e-01,-2.164783625581375714e-01,-1.278175195301731182e-01,1.305557272949430248e-01,2.893193618315806348e-01,5.946625381109609254e-01,-2.565020839696104393e-01,-9.241432856609199664e-02,1.798517309774793904e-01,-1.144127638844528588e-01,3.460062175814340724e-01,1.000000000000000000e+00,1.032726158801167277e-01,1.900088104091759295e-02,-2.194975803084225907e-01,2.310582683917299096e-01,4.612122031849213988e-02,2.469693620036304826e-01,3.659809292581499562e-01,2.456726112914870974e-01,4.169514208296627444e-01,2.141015781663761497e-01,1.286572961931549408e-01,4.048146824649739850e-01,2.251238483031738069e-01,5.358630698551507948e-02,9.106407593147061372e-03,2.171896512966360604e-01,4.269492224539112035e-02,1.704015445708162158e-01,1.313929515743579302e-01,1.623472654876084720e-01,-2.005422798867426692e-01,1.640019797367213150e-01
1.140670719798339283e-01,3.135197927980412635e-02,3.428278663009525634e-02,4.333884086119095258e-01,9.284013788734601924e-02,7.828814704016597015e-02,1.897618436251160834e-01,-2.175437419527073354e-02,1.220090686995809609e-01,1.608375051889921192e-01,2.024669325479301896e-01,1.761347024338878742e-01,3.094466245995261544e-01,1.740374166222176944e-01,2.434867033220614041e-01,3.406930419884376948e-01,1.032726158801167277e-01,1.000000000000000000e+00,3.545165131099332623e-01,2.842789391814885547e-01,-3.870536324783696580e-02,3.169936985626454762e-01,1.755420694193554898e-01,9.689924708356946470e-02,1.435495377348985635e-01,1.502674646176417328e-01,5.434209435816061279e-02,1.199104091865599714e-01,9.796435274769298152e-02,1.157956389412684861e-01,-1.428494344102471669e-01,2.230345914529317242e-01,-1.658338203586411097e-01,9.165400756503591650e-02,1.309568915941255185e-01,2.913593206717470241e-01,1.378850597588466009e-01,3.111689627023701554e-01,2.217173076400889842e-01
1.712530154778701408e-01,4.039010014317618302e-01,5.736249733833306275e-01,9.337065656734858110e-02,5.172360036007828121e-01,2.832353705620875850e-01,6.261300503524457328e-01,-5.721228503284992994e-01,5.303201651450610843e-01,4.927131951670264964e-01,3.377542167472394330e-01,4.749449553035272609e-01,1.443467377932941553e-01,5.635663979709877314e-01,5.357744993471250661e-01,2.761278939631476859e-01,1.900088104091759295e-02,3.545165131099332623e-01,1.000000000000000000e+00,4.767727923259538203e-01,3.686473192699107893e-01,2.897298045605416483e-01,5.198567335554070690e-01,1.074141686951612801e-01,3.267710073120571046e-01,4.415317450422689971e-01,3.926202564270119266e-01,6.758431266835780438e-01,4.205577348918406178e-01,3.694332733132078550e-01,3.963833071203669012e-01,5.814527812449796773e-01,2.359387413780970055e-01,5.328240521600280388e-01,4.647040964287387776e-01,3.623332006099442282e-01,4.828217999118731285e-01,4.567737292761615553e-01,4.526788553906794799e-01
1.667663011225223035e-01,3.234195355936050342e-01,1.002778599437595258e-01,3.913416012608009753e-01,-1.892884316687143756e-02,3.163739680163805690e-01,6.532811528352521213e-01,-1.037694828291396004e-01,1.674475181165596127e-01,2.959296085535804699e-01,1.542107744778230816e-01,6.625080273424360788e-01,4.688802508369569466e-01,2.875361483261749118e-01,7.048859300562665409e-01,6.127301172742027902e-02,-2.194975803084225907e-01,2.842789391814885547e-01,4.767727923259538203e-01,1.000000000000000000e+00,3.973100354779648263e-02,3.641637726499426519e-01,3.480870092510673919e-01,-1.025701145198266717e-01,1.663578486977034809e-01,2.314411439361924450e-01,1.331140667116978149e-01,4.179607855570380281e-01,2.068450941914585783e-01,1.229563978905234001e-01,5.650298100298198345e-02,4.246353371614429162e-01,-1.826021334358125248e-01,4.419447068866986239e-01,3.892384223357127082e-01,3.521739764631249825e-01,4.461114251584397117e-01,5.482193528481706934e-01,4.513867728914128935e-02
-8.310308313467248964e-02,1.767073161511467372e-01,6.780843308907258393e-01,-3.458468851438322722e-01,4.910834225684902465e-01,3.395729739921160562e-02,1.020348376298637338e-01,-6.681766639623627491e-01,3.184439009445188540e-01,3.965957098890511845e-01,1.932891132812055990e-01,6.347137096772666187e-02,-5.159465742063333860e-01,2.813775484714587938e-01,5.219544583434260199e-02,4.247169105281035223e-02,2.310582683917299096e-01,-3.870536324783696580e-02,3.686473192699107893e-01,3.973100354779648263e-02,1.000000000000000000e+00,4.061580822634616728e-01,2.941129562334307002e-01,2.204598194088894236e-01,2.723339685137795563e-01,4.375624900017466845e-01,4.941141869319911617e-01,5.423521792653950291e-01,3.064622426660376653e-01,9.911088227558496888e-02,5.693716840981217775e-01,1.665457950865857906e-01,4.794149960728488757e-01,2.843993195709637600e-01,2.253773191810908572e-01,9.536191495972751175e-02,2.346128005033135122e-01,-1.660975697748288127e-01,3.350118788986889973e-01
-3.244796891002425798e-02,1.789923356051233705e-01,2.434375208943657942e-01,-3.909904142299171215e-02,1.585009509837885522e-01,-6.232997427521071859e-02,3.285141580445663512e-01,-2.342204810553475958e-01,1.200084099668954352e-01,1.920097384203277302e-01,-8.221641183228304076e-03,2.685473751428255618e-01,-1.707032389014098983e-01,4.604999516221957440e-02,3.724638360009795424e-01,8.817713279205031951e-02,4.612122031849213988e-02,3.169936985626454762e-01,2.897298045605416483e-01,3.641637726499426519e-01,4.061580822634616728e-01,1.000000000000000000e+00,1.459046459562016729e-01,2.094533803811419459e-01,1.369699019037845522e-01,3.040426768917912637e-01,2.669317887910170328e-01,2.857497395844176280e-01,1.466331908929739969e-01,-7.248113691202898168e-02,2.546690983792799234e-01,8.453981677000831085e-02,6.827191534957620378e-02,3.758038920550119677e-01,2.215197421243899900e-01,9.547270367821190928e-02,2.417428875287329360e-01,1.388889531722883874e-02,1.798596823159663571e-01
4.666157998617890823e-01,5.365020871472580000e-01,4.788126405484485759e-01,-7.354647044331519279e-02,4.270749374609085214e-01,3.365213807598690932e-01,3.716021529885278896e-01,-4.710166195351273011e-01,4.737279518824462632e-01,6.650802400469326692e-01,5.535009196310183288e-01,3.144944269350313237e-01,8.730974395177461267e-02,5.650169980664906388e-01,2.987158796648583525e-01,4.093902123093949297e-01,2.469693620036304826e-01,1.755420694193554898e-01,5.198567335554070690e-01,3.480870092510673919e-01,2.941129562334307002e-01,1.459046459562016729e-01,1.000000000000000000e+00,3.948393716359097638e-01,5.263105548227009489e-01,4.914840823496632316e-01,3.731804393058025804e-01,6.048920632515570883e-01,4.269348226649176681e-01,4.763280277495171022e-01,4.457189945558791555e-01,4.487230849744319738e-01,1.615928765468481187e-01,4.108095362228548764e-01,5.356467494947988461e-01,3.249102122328727527e-01,5.491334989581732051e-01,3.665782088125957294e-01,5.520680508779691742e-01
4.403950311264479556e-01,4.164421490844346097e-01,2.561851750046121867e-01,-2.755185346402392876e-01,4.092823828218251636e-01,-5.109585540378775576e-02,-1.120359395577235628e-01,-2.604513644663486449e-01,4.786534307809643951e-01,4.917715336474764443e-01,2.591005263878751741e-01,-2.736434905026248754e-01,-2.573349804022552756e-01,3.122676584184971293e-01,-9.237321871610928992e-02,5.904904909903783139e-01,3.659809292581499562e-01,9.689924708356946470e-02,1.074141686951612801e-01,-1.025701145198266717e-01,2.204598194088894236e-01,2.094533803811419459e-01,3.948393716359097638e-01,1.000000000000000000e+00,5.034725989410514524e-01,3.976761512746597171e-01,1.852641081364428122e-01,2.077033866237402160e-01,3.552782822511925676e-01,5.156320591646166296e-01,3.025009026255467970e-01,2.097707103544862728e-01,2.581365588857704729e-01,2.047360577392902739e-02,3.302894931902539133e-01,2.813108450034771529e-02,3.172226714218527865e-01,-1.995063397644754322e-02,3.657148656184984747e-01
4.086450428236977350e-01,4.864754557357919285e-01,3.495058305868185000e-01,-9.897086360970160090e-02,3.206093863385676701e-01,1.967199705678195354e-01,1.591105821081615634e-01,-3.616217086910274436e-01,5.047999177413433625e-01,5.593206434667610250e-01,3.681929151740255812e-01,6.719605079171703244e-02,-7.579795133321605427e-02,4.931741224492622866e-01,1.770172034025320473e-01,3.630637109533028095e-01,2.456726112914870974e-01,1.435495377348985635e-01,3.267710073120571046e-01,1.663578486977034809e-01,2.723339685137795563e-01,1.369699019037845522e-01,5.263105548227009489e-01,5.034725989410514524e-01,1.000000000000000000e+00,3.889631369440542108e-01,2.510991328763244046e-01,4.731017097093006551e-01,4.342833364950746122e-01,4.023631198884705662e-01,4.312229565550930177e-01,3.610606526054961352e-01,3.750171592295897249e-01,2.454343056698944370e-01,3.304086479267028809e-01,2.374579815689881468e-01,4.138549431976480397e-01,2.192865653171993112e-01,4.018166016516360184e-01
2.480170384148709106e-01,4.998377135555050477e-01,4.771192303026594583e-01,-1.722780300417724175e-01,5.045793771938428263e-01,2.955772012108861535e-01,2.409820290136284182e-01,-4.917944088051350859e-01,5.905341161085356783e-01,6.380240971234074632e-01,5.132321884416568558e-01,2.431414933143213886e-01,-1.312895257727160758e-01,6.348017305935450549e-01,2.406747316438392903e-01,2.999543371038507766e-01,4.169514208296627444e-01,1.502674646176417328e-01,4.415317450422689971e-01,2.314411439361924450e-01,4.375624900017466845e-01,3.040426768917912637e-01,4.914840823496632316e-01,3.976761512746597171e-01,3.889631369440542108e-01,1.000000000000000000e+00,6.844386154664816591e-01,6.713108714508003727e-01,7.268329761070877471e-01,4.265105479751726825e-01,5.157999856473468592e-01,4.975515487008662086e-01,4.290458755750724551e-01,4.632671808866870022e-01,6.866155011208416870e-01,4.888145434682265034e-01,6.517372021415097638e-01,1.196078146025235101e-01,3.123512015673666764e-01
-2.445682740646746081e-02,2.354349118964389753e-01,4.880250824041668101e-01,-1.303093039782578511e-01,4.410530022005574868e-01,2.536024663053068617e-01,1.811405135576917014e-01,-4.847105642687044580e-01,4.249881704182200126e-01,4.033643341757015555e-01,4.174818258868147058e-01,2.786800484878578787e-01,-2.847749437698499086e-01,5.142661093054957666e-01,1.421925811400986117e-01,-1.507264950645387930e-02,2.141015781663761497e-01,5.434209435816061279e-02,3.926202564270119266e-01,1.331140667116978149e-01,4.941141869319911617e-01,2.669317887910170328e-01,3.731804393058025804e-01,1.852641081364428122e-01,2.510991328763244046e-01,6.844386154664816591e-01,1.000000000000000000e+00,5.793804989170905362e-01,5.100146128155845782e-01,1.491078654209115062e-01,5.498188322712559417e-01,3.740496459154418751e-01,4.780388943780748412e-01,4.337495649532189246e-01,5.022432708123143463e-01,4.087472988109753791e-01,4.149954550068775672e-01,5.911842682956504336e-02,3.173009915540899728e-01
2.466420437472769123e-01,5.940977318379683236e-01,6.871024852572488184e-01,-1.174020987018950801e-01,5.406177981879989325e-01,4.035227533398194066e-01,5.387964233455929675e-01,-6.885124543815647202e-01,6.510230690634279949e-01,6.842211442313071990e-01,4.434991356146552044e-01,5.256056616580839780e-01,-6.463468793150624336e-02,6.976141232572247164e-01,4.912792947356950934e-01,1.700226205151360026e-01,1.286572961931549408e-01,1.199104091865599714e-01,6.758431266835780438e-01,4.179607855570380281e-01,5.423521792653950291e-01,2.857497395844176280e-01,6.048920632515570883e-01,2.077033866237402160e-01,4.731017097093006551e-01,6.713108714508003727e-01,5.793804989170905362e-01,1.000000000000000000e+00,6.553397879849697238e-01,3.771263570495702044e-01,7.054707649460770780e-01,6.172636656963833568e-01,4.639623740932574125e-01,6.793453514089319301e-01,6.319338271014555142e-01,4.344960272648979993e-01,6.383453608050324579e-01,3.224400101196774338e-01,4.795718319092849291e-01
3.339111428079743482e-01,6.036309408081000916e-01,4.163867927796082169e-01,-1.238215619352995012e-01,4.235356869564795290e-01,4.668393899638054734e-01,2.592253730894769626e-01,-4.170113409010160477e-01,6.059445948410044913e-01,6.821858070081233683e-01,5.974939925024258525e-01,2.770473453910589079e-01,-5.520605508726794675e-02,6.682590296123773754e-01,3.184182630900691535e-01,2.352545843107674839e-01,4.048146824649739850e-01,9.796435274769298152e-02,4.205577348918406178e-01,2.068450941914585783e-01,3.064622426660376653e-01,1.466331908929739969e-01,4.269348226649176681e-01,3.552782822511925676e-01,4.342833364950746122e-01,7.268329761070877471e-01,5.100146128155845782e-01,6.553397879849697238e-01,1.000000000000000000e+00,3.912894036674312015e-01,5.369263214049131427e-01,6.549228772219820582e-01,4.743412996332742604e-01,5.172923272078985280e-01,6.934270646193606558e-01,5.055834505772252019e-01,6.494902441624245126e-01,1.026140896447232109e-01,2.406151405614383454e-01
5.961025231409292635e-01,5.722996041174476245e-01,4.216520401509142313e-01,1.097204905075732824e-02,5.745018889020420128e-01,-4.916576020672575043e-02,1.258532777603126596e-01,-4.369883538333572126e-01,7.215136651182790795e-01,6.189960337189356343e-01,2.201030782906520378e-01,-9.284956480611997187e-02,6.993280326787792989e-02,4.944921904160506920e-01,6.365245972896547977e-02,7.437884106461660760e-01,2.251238483031738069e-01,1.157956389412684861e-01,3.694332733132078550e-01,1.229563978905234001e-01,9.911088227558496888e-02,-7.248113691202898168e-02,4.763280277495171022e-01,5.156320591646166296e-01,4.023631198884705662e-01,4.265105479751726825e-01,1.491078654209115062e-01,3.771263570495702044e-01,3.912894036674312015e-01,1.000000000000000000e+00,2.407229971140474878e-01,3.303477722625413060e-01,2.163847138148789484e-01,1.270915937438877874e-01,3.176707710175936672e-01,7.044014669941268958e-02,2.769836218079643753e-01,3.598033277312642775e-01,5.202830052905293989e-01
1.158309076176883418e-01,5.407679867533979889e-01,6.369217298494981305e-01,-3.211772949508893693e-01,5.099853283835935613e-01,2.227783830109777985e-01,2.696212829212794038e-01,-6.305657526105618027e-01,5.572615354016987599e-01,5.568610293976924419e-01,2.831373507963597658e-01,2.617924191872282869e-01,-4.810336466683291512e-01,5.532361782750310208e-01,1.581224828477747479e-01,-8.433221402119500318e-03,5.358630698551507948e-02,-1.428494344102471669e-01,3.963833071203669012e-01,5.650298100298198345e-02,5.693716840981217775e-01,2.546690983792799234e-01,4.457189945558791555e-01,3.025009026255467970e-01,4.312229565550930177e-01,5.157999856473468592e-01,5.498188322712559417e-01,7.054707649460770780e-01,5.369263214049131427e-01,2.407229971140474878e-01,1.000000000000000000e+00,4.423690336469550677e-01,6.276615363088505761e-01,5.357650379483033243e-01,4.819742535785249138e-01,2.293101382012012746e-01,4.879578791547031225e-01,-7.714957064723250435e-02,4.307224711787579485e-01
2.103527918152337250e-01,5.465912246149551290e-01,3.447630665398330185e-01,1.076084402481907870e-01,3.593070138771192745e-01,4.932996925494686491e-01,5.095832605252869074e-01,-3.507108542361040970e-01,5.372553458723496878e-01,6.007472016024034689e-01,4.396867271084590745e-01,5.110454953714326232e-01,1.493385048806586402e-01,6.712116872590051520e-01,5.003181652996805395e-01,1.436601342349852761e-01,9.106407593147061372e-03,2.230345914529317242e-01,5.814527812449796773e-01,4.246353371614429162e-01,1.665457950865857906e-01,8.453981677000831085e-02,4.487230849744319738e-01,2.097707103544862728e-01,3.610606526054961352e-01,4.975515487008662086e-01,3.740496459154418751e-01,6.172636656963833568e-01,6.549228772219820582e-01,3.303477722625413060e-01,4.423690336469550677e-01,1.000000000000000000e+00,2.951095242235365901e-01,5.299285331578809100e-01,6.964391101672594564e-01,6.183753336732726869e-01,7.165146318684808557e-01,3.003658949937737521e-01,1.877371772143340001e-01
-3.856703509537353670e-03,2.352609406121604629e-01,5.453760174097710411e-01,-3.588797797721017258e-01,4.626947060531690359e-01,1.999789805005759702e-01,-3.614847462671313266e-02,-5.686882991723918312e-01,5.184956398839215552e-01,3.259649131033280911e-01,2.202294103497899336e-01,-9.261658837437489883e-03,-4.355041396580670576e-01,4.116514939395167216e-01,-1.993616264166777827e-02,-1.297207025597871266e-02,2.171896512966360604e-01,-1.658338203586411097e-01,2.359387413780970055e-01,-1.826021334358125248e-01,4.794149960728488757e-01,6.827191534957620378e-02,1.615928765468481187e-01,2.581365588857704729e-01,3.750171592295897249e-01,4.290458755750724551e-01,4.780388943780748412e-01,4.639623740932574125e-01,4.743412996332742604e-01,2.163847138148789484e-01,6.276615363088505761e-01,2.951095242235365901e-01,1.000000000000000000e+00,3.264281643102081576e-01,3.389088707853050164e-01,8.544978077476567124e-02,2.571161854836381822e-01,-1.747869130287983408e-01,2.364019078046102895e-01
1.401978815486394636e-01,4.797938772548033248e-01,4.571802655820877970e-01,-3.226149903952692938e-02,3.117204315027588546e-01,4.279286891372997559e-01,6.709010571856718341e-01,-4.537019526944638392e-01,3.791741146715634780e-01,4.527251332428511299e-01,3.023082231198725989e-01,6.941126195734553805e-01,1.353182879785201076e-01,5.136536388563184286e-01,6.791498024128284072e-01,-1.985136937885449010e-02,4.269492224539112035e-02,9.165400756503591650e-02,5.328240521600280388e-01,4.419447068866986239e-01,2.843993195709637600e-01,3.758038920550119677e-01,4.108095362228548764e-01,2.047360577392902739e-02,2.454343056698944370e-01,4.632671808866870022e-01,4.337495649532189246e-01,6.793453514089319301e-01,5.172923272078985280e-01,1.270915937438877874e-01,5.357650379483033243e-01,5.299285331578809100e-01,3.264281643102081576e-01,1.000000000000000000e+00,5.853316099497367642e-01,3.474729696112101585e-01,5.640281759993039934e-01,2.683427899571598219e-01,2.081377643256442089e-01
3.383650575118724579e-01,6.021044040393637164e-01,3.227381792181879816e-01,-8.336758518497608406e-02,3.027619707729933274e-01,5.292726309749277158e-01,4.248157628663439822e-01,-3.354914176095854517e-01,5.194040361295130248e-01,6.045554194360998057e-01,5.137112969355415171e-01,4.734870851443290229e-01,7.791145795272834407e-02,5.951948317335400418e-01,4.866468397727645168e-01,1.779378100768079507e-01,1.704015445708162158e-01,1.309568915941255185e-01,4.647040964287387776e-01,3.892384223357127082e-01,2.253773191810908572e-01,2.215197421243899900e-01,5.356467494947988461e-01,3.302894931902539133e-01,3.304086479267028809e-01,6.866155011208416870e-01,5.022432708123143463e-01,6.319338271014555142e-01,6.934270646193606558e-01,3.176707710175936672e-01,4.819742535785249138e-01,6.964391101672594564e-01,3.389088707853050164e-01,5.853316099497367642e-01,1.000000000000000000e+00,5.230592021599755892e-01,8.182479838349585588e-01,2.328946790692867086e-01,1.838530189114398194e-01
8.014834540202642188e-02,3.539739271669663512e-01,1.359092958904106196e-01,1.782186675078152316e-01,1.663917761088870018e-01,4.160259502271564380e-01,3.449613662212048792e-01,-1.303561152122733879e-01,2.644601323253853442e-01,4.505179944535804282e-01,4.847008134622176057e-01,4.585084992279510607e-01,1.257046588428087641e-01,5.736076886054228829e-01,3.252690413011332105e-01,-3.057010610261777506e-02,1.313929515743579302e-01,2.913593206717470241e-01,3.623332006099442282e-01,3.521739764631249825e-01,9.536191495972751175e-02,9.547270367821190928e-02,3.249102122328727527e-01,2.813108450034771529e-02,2.374579815689881468e-01,4.888145434682265034e-01,4.087472988109753791e-01,4.344960272648979993e-01,5.055834505772252019e-01,7.044014669941268958e-02,2.293101382012012746e-01,6.183753336732726869e-01,8.544978077476567124e-02,3.474729696112101585e-01,5.230592021599755892e-01,1.000000000000000000e+00,5.976610396861619101e-01,1.852553812617516726e-01,4.333756602357827226e-02
2.974933434695670731e-01,6.138441111364113523e-01,2.902078675482983594e-01,-2.572091829506171004e-02,2.652554737659572059e-01,4.995699176403236574e-01,4.944527297446251746e-01,-3.001038425185664216e-01,4.591948335471621734e-01,6.146127122267018850e-01,5.341583503333896532e-01,5.169340257045242915e-01,8.699013957507498174e-02,6.429801914775294946e-01,5.111283928174419344e-01,1.291060173977409686e-01,1.623472654876084720e-01,1.378850597588466009e-01,4.828217999118731285e-01,4.461114251584397117e-01,2.346128005033135122e-01,2.417428875287329360e-01,5.491334989581732051e-01,3.172226714218527865e-01,4.138549431976480397e-01,6.517372021415097638e-01,4.149954550068775672e-01,6.383453608050324579e-01,6.494902441624245126e-01,2.769836218079643753e-01,4.879578791547031225e-01,7.165146318684808557e-01,2.571161854836381822e-01,5.640281759993039934e-01,8.182479838349585588e-01,5.976610396861619101e-01,1.000000000000000000e+00,2.292117501076625097e-01,1.816592387965884625e-01
3.950371924736083562e-01,2.454854508089699128e-01,1.229253512771277812e-01,3.606191868409780454e-01,1.192481712584921028e-01,1.584020854228028741e-01,4.781862613748736335e-01,-1.213690712227994822e-01,3.508387369089761010e-01,1.887852816550442681e-01,1.006304128311172885e-01,4.398113960852035320e-01,5.456041622203706698e-01,2.908919362881201010e-01,5.121112085970823680e-01,3.360002543642668371e-01,-2.005422798867426692e-01,3.111689627023701554e-01,4.567737292761615553e-01,5.482193528481706934e-01,-1.660975697748288127e-01,1.388889531722883874e-02,3.665782088125957294e-01,-1.995063397644754322e-02,2.192865653171993112e-01,1.196078146025235101e-01,5.911842682956504336e-02,3.224400101196774338e-01,1.026140896447232109e-01,3.598033277312642775e-01,-7.714957064723250435e-02,3.003658949937737521e-01,-1.747869130287983408e-01,2.683427899571598219e-01,2.328946790692867086e-01,1.852553812617516726e-01,2.292117501076625097e-01,1.000000000000000000e+00,3.470270128622940931e-01
3.948851446558709899e-01,3.845482974537208221e-01,5.628963844807890471e-01,-5.872845766536053530e-02,5.792599086201599690e-01,-1.206461569915129456e-01,1.807528413981951410e-01,-5.402836348393682542e-01,5.916602109959085976e-01,4.766890412217597017e-01,2.734884364547375268e-01,-2.268546717078109148e-02,-1.566822920893030657e-01,3.946848632036988880e-01,2.656839459063542463e-02,5.091593159111840183e-01,1.640019797367213150e-01,2.217173076400889842e-01,4.526788553906794799e-01,4.513867728914128935e-02,3.350118788986889973e-01,1.798596823159663571e-01,5.520680508779691742e-01,3.657148656184984747e-01,4.018166016516360184e-01,3.123512015673666764e-01,3.173009915540899728e-01,4.795718319092849291e-01,2.406151405614383454e-01,5.202830052905293989e-01,4.307224711787579485e-01,1.877371772143340001e-01,2.364019078046102895e-01,2.081377643256442089e-01,1.838530189114398194e-01,4.333756602357827226e-02,1.816592387965884625e-01,3.470270128622940931e-01,1.000000000000000000e+00
