1.000000000000000000e+00,7.987094789037736398e-01,4.610516624045214451e-01,-1.530262188930215650e-01,6.898647260115728930e-01,6.779787350750080543e-01,-1.903421962776372933e-01,-4.584710175518843522e-01,7.154335550074572003e-01,7.285760480339726897e-01,7.016604698179004229e-01,3.316150595971490422e-01,-5.795596864207962495e-01,7.556517206766163453e-01,-9.838154588018672986e-02,6.718448605933721174e-01,5.116190815603756104e-01,4.599914005802117623e-01,5.739005490727484560e-01,4.476476421744070983e-02,3.727226959013945629e-01,3.512797459315833426e-01,5.580672842909586429e-01,5.140403494173546584e-01,4.719187638211424507e-01,7.895986097900113965e-01,7.740385731938963509e-01,7.454912233508281805e-01,7.079172780460798453e-01,7.470391229314776727e-01,6.296005568421157994e-01,7.339811657940594758e-01,3.787569735843603902e-01,5.550873888190316352e-01,6.531939508366186864e-01,6.445456050051902031e-01,6.206677316338924388e-01,5.271926177218700937e-01,6.498183737893651335e-01
7.987094789037736398e-01,1.000000000000000000e+00,5.074315713201554834e-01,-1.189740234817389247e-01,7.214944423497590131e-01,6.779539291651591748e-01,-1.612805431419165325e-01,-5.025102646304284715e-01,7.408204383829035677e-01,7.007303722746534014e-01,7.051389000531070872e-01,3.334409685703083048e-01,-6.201771075980484493e-01,7.711711642759803143e-01,-1.184228981110372336e-01,6.299896429582478863e-01,5.146899762396638378e-01,4.006805673547232383e-01,5.536213338329444289e-01,7.988615184898675489e-03,3.603230374103456590e-01,3.506434412309790694e-01,5.625321357457870874e-01,5.095682246267442261e-01,5.035676403483495545e-01,7.779753987678432736e-01,7.619927077561261530e-01,7.407494408549172293e-01,7.223473018294798154e-01,7.481547423186288848e-01,6.772238493262039416e-01,7.474479970890941516e-01,4.048147666282643775e-01,5.834623705864881993e-01,6.884905790395509095e-01,5.946923786045039684e-01,6.622274906307222819e-01,5.036090339556709150e-01,6.429119597642367623e-01
4.610516624045214451e-01,5.074315713201554834e-01,1.000000000000000000e+00,2.672259231170160398e-01,7.195032881402670943e-01,4.148995765444838391e-01,3.691330814825660167e-01,-7.942711231480918954e-01,6.873441276502429975e-01,4.569457700540187628e-01,3.166835230585055005e-01,5.464311497489436897e-01,-7.707090262370155376e-01,5.983518097479473274e-01,1.981854960806311294e-01,3.833671409337982006e-01,1.992688129629670984e-02,4.166381855137819834e-02,4.971283663297232369e-01,2.111197782773408804e-01,4.375363131148206630e-01,6.173382377364912132e-01,6.625166510832545264e-01,4.673602245129699351e-01,7.619321962124306902e-01,4.196184470215877926e-01,4.955903911025236752e-01,4.973264110162011753e-01,3.692771878196961510e-01,5.683406255784119177e-01,7.237161532974004663e-01,4.543294413494826656e-01,4.432052552451691829e-01,7.645269176898317198e-01,5.267672998279588903e-01,2.740522000734496033e-01,4.678505071807175231e-01,5.094371978096624565e-01,5.871520462370125593e-01
-1.530262188930215650e-01,-1.189740234817389247e-01,2.672259231170160398e-01,1.000000000000000000e+00,1.465277845376544985e-01,-5.274147858184177230e-03,1.754699668765376530e-01,-1.854721357746613175e-01,1.224621250743502671e-01,-3.474762007063351803e-03,-2.615343375020266481e-01,3.833390380789232221e-01,-2.282300657068264960e-01,6.670813146782707259e-02,2.878003645295647561e-01,-1.015768461057933586e-01,-3.347595156405216432e-01,-3.724427041838516972e-02,7.621225777521800637e-02,7.864271144919400547e-02,-1.908972641551449634e-01,1.876020226687205306e-01,-3.200046500997603266e-02,-2.196412278975461707e-01,2.540993797535289755e-01,-1.343502516035751104e-01,-1.787845747373995042e-01,-6.072876572870097855e-02,-4.664658183311419515e-02,1.207982941210340166e-01,6.301862470309116393e-02,-2.259592226865848527e-03,-2.662170799959491241e-01,1.530601763803404458e-01,-1.925021443256466278e-02,-3.462917496834523601e-02,2.473687606325073937e-02,-1.746777133732357878e-02,-8.687716890489158295e-02
6.898647260115728930e-01,7.214944423497590131e-01,7.195032881402670943e-01,1.465277845376544985e-01,1.000000000000000000e+00,6.195510072146548364e-01,8.737816888197554033e-02,-6.995507966558465185e-01,7.960439959882855687e-01,6.313667222905439136e-01,5.528973323297479148e-01,5.059832981191031420e-01,-7.672098438102677997e-01,7.690584869533790835e-01,4.771002418742313622e-02,5.332323685310583761e-01,3.106175382395821027e-01,2.309221108640144016e-01,5.701938704650624246e-01,1.178604132480132183e-01,3.871063410363263513e-01,5.249082887515372775e-01,6.542394330684156989e-01,5.076515812548512141e-01,7.038285132121075982e-01,6.581110391929403391e-01,6.785417683348459184e-01,6.676105347852185901e-01,6.280300867729532444e-01,7.391374142322968410e-01,7.664222071032485983e-01,6.788297508100107347e-01,4.300765680669808577e-01,7.338672272257890095e-01,6.982020779227877672e-01,4.760351780725893822e-01,6.507176575876487679e-01,5.357926654995606164e-01,6.557810008463720308e-01
6.779787350750080543e-01,6.779539291651591748e-01,4.148995765444838391e-01,-5.274147858184177230e-03,6.195510072146548364e-01,1.000000000000000000e+00,-1.007397676093961109e-01,-3.572452904296863907e-01,6.196373940221381327e-01,6.545689292369532009e-01,6.151477964510937424e-01,3.277534607852672921e-01,-5.403450090435886199e-01,7.203201177150850842e-01,-2.451117362108370112e-01,5.447738129396144657e-01,5.064562162727478389e-01,4.459398031891168568e-01,6.536130086978744202e-01,-3.952428396370075842e-02,5.189836470616682879e-02,2.874854295450200437e-01,4.911220258464343291e-01,1.824681352882047969e-01,3.994030034534149509e-01,6.749774672813066978e-01,6.033067893751378197e-01,5.782671040727451750e-01,6.720746438389246791e-01,7.085775952558743818e-01,5.861418916589460348e-01,7.418417756334200197e-01,6.087526861925677407e-02,4.276819946356276714e-01,6.467948123533397986e-01,5.925211726970377457e-01,6.865214642010174506e-01,3.122473857003332798e-01,4.863516231904569387e-01
-1.903421962776372933e-01,-1.612805431419165325e-01,3.691330814825660167e-01,1.754699668765376530e-01,8.737816888197554033e-02,-1.007397676093961109e-01,1.000000000000000000e+00,-3.814849739482850111e-01,4.101957760569335115e-02,-6.954411940897776978e-02,-3.903776612903416265e-01,3.663372018082495241e-01,-2.984685686561797668e-01,-4.971052834240330398e-02,3.502070629489042464e-01,-4.119359855328312559e-02,-3.427399416209965244e-01,-1.323225261244517226e-01,2.306761385870850778e-01,4.367264370473236679e-01,2.694862029449390795e-01,5.187446832002128305e-01,2.699843535577418074e-01,1.878474029665259601e-02,3.137734974451162895e-01,-1.854194090448067767e-01,-3.594359168906361562e-02,-1.107699973908495839e-01,-3.581661159989961152e-01,-8.134773592699565126e-02,1.738855495745253721e-01,-2.313326631508998699e-01,5.198051124530154304e-02,2.796009945250043094e-01,-8.568920564799868689e-02,-1.053983520065816110e-01,-1.889533843280483405e-01,2.220347071542040363e-01,1.545276677029278345e-01
-4.584710175518843522e-01,-5.025102646304284715e-01,-7.942711231480918954e-01,-1.854721357746613175e-01,-6.995507966558465185e-01,-3.572452904296863907e-01,-3.814849739482850111e-01,1.000000000000000000e+00,-6.670356732847563253e-01,-4.408690677111513634e-01,-3.168459966858875876e-01,-5.049020728458362139e-01,7.511494622561917245e-01,-5.680594714303672799e-01,-2.066092162072755423e-01,-3.867260333535022521e-01,-2.515150834455812459e-02,-2.556386773312630326e-02,-4.575560684187649496e-01,-2.454131948933959695e-01,-5.162466324656134198e-01,-6.293329447028520596e-01,-6.604053083055325679e-01,-5.276480438060733302e-01,-7.456342525952064371e-01,-4.170926417207236891e-01,-5.109626492617527216e-01,-5.074161011205956529e-01,-3.396292118673370219e-01,-5.342408874485720105e-01,-7.134509933482305888e-01,-4.197161063852948848e-01,-5.122888444239479533e-01,-7.642485842926226569e-01,-5.057374753247138033e-01,-2.555803904423842865e-01,-4.193042817832321467e-01,-5.410612012425943806e-01,-6.016675417741468301e-01
7.154335550074572003e-01,7.408204383829035677e-01,6.873441276502429975e-01,1.224621250743502671e-01,7.960439959882855687e-01,6.196373940221381327e-01,4.101957760569335115e-02,-6.670356732847563253e-01,1.000000000000000000e+00,6.547701360330617781e-01,5.638249302971963806e-01,5.324393330731923557e-01,-7.510121863176484336e-01,7.698694340844296491e-01,8.093334491232347105e-02,5.689930598945350804e-01,3.016941018734307089e-01,2.734350277001680318e-01,5.811555443340273852e-01,1.115868791349318156e-01,3.986154592986441703e-01,5.060336726939573815e-01,6.616790550204351140e-01,5.348741787371070755e-01,6.916796204599351405e-01,6.766859635515465321e-01,7.051075718580827045e-01,6.790802815913984380e-01,6.264848995870517800e-01,7.466426279907699692e-01,7.419299865355523105e-01,6.778426692271692922e-01,4.344909939928465747e-01,7.326101719225840414e-01,6.752717635391216611e-01,5.215426836507727204e-01,6.355585506552876573e-01,5.703002767816610641e-01,6.901762249113246872e-01
7.285760480339726897e-01,7.007303722746534014e-01,4.569457700540187628e-01,-3.474762007063351803e-03,6.313667222905439136e-01,6.545689292369532009e-01,-6.954411940897776978e-02,-4.408690677111513634e-01,6.547701360330617781e-01,1.000000000000000000e+00,5.427687153419868960e-01,4.473779990421985486e-01,-5.681037582382746365e-01,7.085207230364912734e-01,7.649174432282933311e-02,7.779487192027999543e-01,3.241055978548026406e-01,6.309879563310153427e-01,7.065884295138722404e-01,2.029042138292639075e-01,4.120682015627650241e-01,4.700887389697994134e-01,5.581551613095517839e-01,4.363494984340152705e-01,4.788141239636398705e-01,7.493349203733706831e-01,7.331983787359110938e-01,7.420219612040113155e-01,5.819465973525553837e-01,7.587386927418574567e-01,5.385108187849471095e-01,6.400137250225000907e-01,2.278561563637748477e-01,5.403761265593326479e-01,4.833672565749628225e-01,7.456928444890857932e-01,4.575127086137408261e-01,5.839508879153022525e-01,6.271824012818670857e-01
7.016604698179004229e-01,7.051389000531070872e-01,3.166835230585055005e-01,-2.615343375020266481e-01,5.528973323297479148e-01,6.151477964510937424e-01,-3.903776612903416265e-01,-3.168459966858875876e-01,5.638249302971963806e-01,5.427687153419868960e-01,1.000000000000000000e+00,1.335738507347685594e-02,-3.996116026634618512e-01,6.283388468532998816e-01,-4.038974056092823339e-01,4.655440270703223304e-01,5.762209807460965116e-01,2.807322299936936272e-01,3.417276942925901451e-01,-2.558840560326097191e-01,1.482854004831913597e-01,4.823159301074954330e-02,3.869992277188911700e-01,3.732970942832286032e-01,2.782558213794655844e-01,6.644486467174168798e-01,5.888609100096660054e-01,6.125532950526246800e-01,7.210491586446177159e-01,6.021168475246773122e-01,5.459758994991764647e-01,7.253919252268551388e-01,3.341282215341010442e-01,3.666297438680994336e-01,6.284246186514623744e-01,4.359501687896767952e-01,6.692799148156794997e-01,2.491176527311908251e-01,4.416158668552889743e-01
3.316150595971490422e-01,3.334409685703083048e-01,5.464311497489436897e-01,3.833390380789232221e-01,5.059832981191031420e-01,3.277534607852672921e-01,3.663372018082495241e-01,-5.049020728458362139e-01,5.324393330731923557e-01,4.473779990421985486e-01,1.335738507347685594e-02,1.000000000000000000e+00,-5.721082618984907331e-01,4.309193497188588129e-01,5.309945090470662432e-01,4.163136522194628708e-01,-1.601209305715201314e-01,2.476855300757001555e-01,5.740065972423235019e-01,4.893904070859129707e-01,3.307755360303305525e-01,6.630211559567081858e-01,5.817967469044333928e-01,3.370690306623079224e-01,6.321699346897132754e-01,2.995371593944742838e-01,4.209437326168523619e-01,3.005305428939495371e-01,1.208667044796530310e-01,4.602220296659297327e-01,3.830559022732739627e-01,2.414831882155343001e-01,1.234908298864744597e-01,6.069932912339750519e-01,2.705487669880221602e-01,4.657662557154648164e-01,1.725376946955239077e-01,6.276938984018473056e-01,5.970586694196587940e-01
-5.795596864207962495e-01,-6.201771075980484493e-01,-7.707090262370155376e-01,-2.282300657068264960e-01,-7.672098438102677997e-01,-5.403450090435886199e-01,-2.984685686561797668e-01,7.511494622561917245e-01,-7.510121863176484336e-01,-5.681037582382746365e-01,-3.996116026634618512e-01,-5.721082618984907331e-01,1.000000000000000000e+00,-6.970911424865807726e-01,-1.314856705848430896e-01,-4.845267582017786512e-01,-1.680935974826739954e-01,-2.059070857582917524e-01,-5.935134842218934281e-01,-1.789368744001853806e-01,-4.129419732545754340e-01,-6.043059263748427057e-01,-6.519359964402886565e-01,-4.401004206378793526e-01,-7.239245599393591135e-01,-5.535596295544644718e-01,-6.028881137577299931e-01,-5.988144414572329488e-01,-4.760492539018068570e-01,-6.672079991531024712e-01,-7.620607046509542126e-01,-5.687831039346391560e-01,-3.841441398542463914e-01,-7.509820602650303378e-01,-5.931333534090312831e-01,-4.120899974803031718e-01,-5.482626611678249606e-01,-5.390402690428234278e-01,-6.331934804640653169e-01
7.556517206766163453e-01,7.711711642759803143e-01,5.983518097479473274e-01,6.670813146782707259e-02,7.690584869533790835e-01,7.203201177150850842e-01,-4.971052834240330398e-02,-5.680594714303672799e-01,7.698694340844296491e-01,7.085207230364912734e-01,6.283388468532998816e-01,4.309193497188588129e-01,-6.970911424865807726e-01,1.000000000000000000e+00,-6.208071660649971957e-02,6.100075664651517515e-01,4.429840922812006143e-01,3.843364445714094191e-01,6.219480819421049356e-01,4.853946822856995691e-02,3.100869731550365271e-01,4.313448060119251526e-01,5.884674454602774052e-01,4.326249031467294670e-01,5.890916006677463512e-01,7.469746207902721036e-01,7.196106128652492995e-01,7.200164439509242342e-01,7.162867007041827661e-01,7.871421676896915853e-01,7.207108897050018559e-01,7.519131921041947164e-01,3.284846631964397634e-01,6.299292292385358927e-01,7.070543464814786905e-01,5.788888443301131170e-01,6.919405602452385340e-01,4.805025941105797727e-01,6.144812445267991974e-01
-9.838154588018672986e-02,-1.184228981110372336e-01,1.981854960806311294e-01,2.878003645295647561e-01,4.771002418742313622e-02,-2.451117362108370112e-01,3.502070629489042464e-01,-2.066092162072755423e-01,8.093334491232347105e-02,7.649174432282933311e-02,-4.038974056092823339e-01,5.309945090470662432e-01,-1.314856705848430896e-01,-6.208071660649971957e-02,1.000000000000000000e+00,1.691582863706853346e-01,-5.450487239496590863e-01,1.193906448648954406e-02,1.438198400891111950e-01,5.487730860247136411e-01,4.335774447096229500e-01,4.499987030566218182e-01,2.681429243301548526e-01,3.335916416750540070e-01,3.561868479996974646e-01,-1.065393321701424700e-01,6.500033167739922846e-02,-2.232976772297081899e-02,-3.076635030723212649e-01,-2.362408136095775577e-03,-7.573344534838506725e-02,-3.114138325633425963e-01,1.898127660219116608e-01,3.013917080852069885e-01,-2.374409427143481244e-01,1.060254921085697910e-01,-3.585200262097156254e-01,4.373171175780525832e-01,2.596344439724466713e-01
6.718448605933721174e-01,6.299896429582478863e-01,3.833671409337982006e-01,-1.015768461057933586e-01,5.332323685310583761e-01,5.447738129396144657e-01,-4.119359855328312559e-02,-3.867260333535022521e-01,5.689930598945350804e-01,7.779487192027999543e-01,4.655440270703223304e-01,4.163136522194628708e-01,-4.845267582017786512e-01,6.100075664651517515e-01,1.691582863706853346e-01,1.000000000000000000e+00,2.227381159005647482e-01,6.520697638596669732e-01,6.788547495917460761e-01,2.520136850401024087e-01,5.094748080144864133e-01,4.616236892824478466e-01,5.454734891256631801e-01,4.848201842934436456e-01,4.260681335320916641e-01,6.956219586309623226e-01,7.111572790852253023e-01,7.104888768950365918e-01,4.661772998649991173e-01,6.740477760574898891e-01,4.445767194058030669e-01,5.149797423322464152e-01,2.707719521797896656e-01,5.005652909574418441e-01,3.410968690240001044e-01,7.333711215250688920e-01,3.098202249545719544e-01,6.127401798713507652e-01,6.209280215381116630e-01
5.116190815603756104e-01,5.146899762396638378e-01,1.992688129629670984e-02,-3.347595156405216432e-01,3.106175382395821027e-01,5.064562162727478389e-01,-3.427399416209965244e-01,-2.515150834455812459e-02,3.016941018734307089e-01,3.241055978548026406e-01,5.762209807460965116e-01,-1.601209305715201314e-01,-1.680935974826739954e-01,4.429840922812006143e-01,-5.450487239496590863e-01,2.227381159005647482e-01,1.000000000000000000e+00,2.600070626074815205e-01,1.727197243057916054e-01,-1.616941192117306858e-01,-6.542715339146952525e-02,-5.315047834564744222e-02,4.906511229148154823e-02,6.736360016998001188e-02,-4.299382838841200871e-02,5.371806893961684759e-01,4.254311034828995308e-01,3.986821517497023959e-01,5.993540526098584120e-01,3.781700836383202757e-01,3.231375498029575577e-01,5.785321140427408526e-01,5.352889411213686971e-02,2.992253544507541413e-02,5.741476419040034695e-01,3.129814615976934111e-01,5.319352153192283827e-01,3.937252418142755950e-02,1.701557109903346077e-01
4.599914005802117623e-01,4.006805673547232383e-01,4.166381855137819834e-02,-3.724427041838516972e-02,2.309221108640144016e-01,4.459398031891168568e-01,-1.323225261244517226e-01,-2.556386773312630326e-02,2.734350277001680318e-01,6.309879563310153427e-01,2.807322299936936272e-01,2.476855300757001555e-01,-2.059070857582917524e-01,3.843364445714094191e-01,1.193906448648954406e-02,6.520697638596669732e-01,2.600070626074815205e-01,1.000000000000000000e+00,5.657479831533877013e-01,1.769325960023510891e-01,1.859967153968603015e-01,2.389118213639963018e-01,1.641632543241080266e-01,6.679775284370134680e-02,3.713336302330907945e-02,5.355474268114139846e-01,4.692049761070926084e-01,5.146693049022097455e-01,2.989192076228458506e-01,4.835382481549431177e-01,1.388602178026992762e-01,3.823272485347498084e-01,-1.750918156809241621e-01,1.176185644647129991e-01,1.034204376053270563e-01,7.074199729880046306e-01,1.153608321414302945e-01,3.670182929904876046e-01,3.159316746875183712e-01
5.739005490727484560e-01,5.536213338329444289e-01,4.971283663297232369e-01,7.621225777521800637e-02,5.701938704650624246e-01,6.536130086978744202e-01,2.306761385870850778e-01,-4.575560684187649496e-01,5.811555443340273852e-01,7.065884295138722404e-01,3.417276942925901451e-01,5.740065972423235019e-01,-5.935134842218934281e-01,6.219480819421049356e-01,1.438198400891111950e-01,6.788547495917460761e-01,1.727197243057916054e-01,5.657479831533877013e-01,1.000000000000000000e+00,2.985142948189993817e-01,3.191047109177592156e-01,5.716540988756260155e-01,6.132824770294398320e-01,2.734470579951762681e-01,5.097459786840172757e-01,5.871211624031593690e-01,6.122569683992319378e-01,5.612069889494208930e-01,3.880720035580326188e-01,6.581230883036307544e-01,5.161868767265940239e-01,5.168034741145626221e-01,7.294106537165366555e-02,5.374662864633318327e-01,4.002148323912618211e-01,6.791696154801526442e-01,3.836919988227956990e-01,5.514110401801096684e-01,6.055759008698614609e-01
4.476476421744070983e-02,7.988615184898675489e-03,2.111197782773408804e-01,7.864271144919400547e-02,1.178604132480132183e-01,-3.952428396370075842e-02,4.367264370473236679e-01,-2.454131948933959695e-01,1.115868791349318156e-01,2.029042138292639075e-01,-2.558840560326097191e-01,4.893904070859129707e-01,-1.789368744001853806e-01,4.853946822856995691e-02,5.487730860247136411e-01,2.520136850401024087e-01,-1.616941192117306858e-01,1.769325960023510891e-01,2.985142948189993817e-01,1.000000000000000000e+00,4.301124974562431369e-01,6.451334909161358100e-01,3.147619064184411508e-01,2.823515124540167398e-01,2.965144612875660890e-01,6.927669653694407126e-02,2.245008614329445096e-01,6.672693519402309037e-02,-2.073219873543644121e-01,9.183361104919686435e-02,2.390646633711263330e-03,-1.246809356770703231e-01,6.006808890347615365e-02,2.715435857993294677e-01,-7.633200671918020930e-03,3.022613833427464924e-01,-2.744759227235302190e-01,5.576967129262091483e-01,3.596103458750238291e-01
3.727226959013945629e-01,3.603230374103456590e-01,4.375363131148206630e-01,-1.908972641551449634e-01,3.871063410363263513e-01,5.189836470616682879e-02,2.694862029449390795e-01,-5.162466324656134198e-01,3.986154592986441703e-01,4.120682015627650241e-01,1.482854004831913597e-01,3.307755360303305525e-01,-4.129419732545754340e-01,3.100869731550365271e-01,4.335774447096229500e-01,5.094748080144864133e-01,-6.542715339146952525e-02,1.859967153968603015e-01,3.191047109177592156e-01,4.301124974562431369e-01,1.000000000000000000e+00,5.470299066916864961e-01,5.110412513838756832e-01,6.968982744467672186e-01,4.806039743721268742e-01,3.717546320123485404e-01,5.240922077239322796e-01,4.841733041768507828e-01,1.140501524357084850e-01,3.192227879896132325e-01,3.662981295746729482e-01,1.066112214336210340e-01,6.262411364242289613e-01,5.460345974869829089e-01,1.503238631922655388e-01,3.030860485034378993e-01,-5.014089774447192359e-03,6.292927507455853275e-01,5.505093279263678641e-01
3.512797459315833426e-01,3.506434412309790694e-01,6.173382377364912132e-01,1.876020226687205306e-01,5.249082887515372775e-01,2.874854295450200437e-01,5.187446832002128305e-01,-6.293329447028520596e-01,5.060336726939573815e-01,4.700887389697994134e-01,4.823159301074954330e-02,6.630211559567081858e-01,-6.043059263748427057e-01,4.313448060119251526e-01,4.499987030566218182e-01,4.616236892824478466e-01,-5.315047834564744222e-02,2.389118213639963018e-01,5.716540988756260155e-01,6.451334909161358100e-01,5.470299066916864961e-01,1.000000000000000000e+00,6.142615474533608122e-01,4.395776474094578723e-01,6.367769478219112989e-01,3.533220447531610353e-01,4.903929430264509781e-01,3.926215604897622113e-01,1.127074786854998650e-01,4.461986037796337734e-01,4.592104912477252276e-01,2.329276875631828003e-01,2.669770620033503628e-01,6.347988330004327162e-01,3.162584880174362234e-01,4.326303545380270066e-01,1.221422319850684474e-01,6.860057786563287241e-01,6.100025282538270588e-01
5.580672842909586429e-01,5.625321357457870874e-01,6.625166510832545264e-01,-3.200046500997603266e-02,6.542394330684156989e-01,4.911220258464343291e-01,2.699843535577418074e-01,-6.604053083055325679e-01,6.616790550204351140e-01,5.581551613095517839e-01,3.869992277188911700e-01,5.817967469044333928e-01,-6.519359964402886565e-01,5.884674454602774052e-01,2.681429243301548526e-01,5.454734891256631801e-01,4.906511229148154823e-02,1.641632543241080266e-01,6.132824770294398320e-01,3.147619064184411508e-01,5.110412513838756832e-01,6.142615474533608122e-01,1.000000000000000000e+00,6.036246380257730415e-01,7.229526682316801400e-01,4.911848807614235812e-01,6.187225675175667128e-01,4.931135687111957711e-01,3.558500460997738868e-01,5.710192039896740956e-01,6.156532084389401138e-01,4.378753971517511112e-01,4.821313888936108460e-01,7.402300840123011705e-01,4.908759282991334572e-01,4.577150898640975907e-01,4.123006047240114214e-01,6.453286204825310346e-01,7.404542019665347752e-01
5.140403494173546584e-01,5.095682246267442261e-01,4.673602245129699351e-01,-2.196412278975461707e-01,5.076515812548512141e-01,1.824681352882047969e-01,1.878474029665259601e-02,-5.276480438060733302e-01,5.348741787371070755e-01,4.363494984340152705e-01,3.732970942832286032e-01,3.370690306623079224e-01,-4.401004206378793526e-01,4.326249031467294670e-01,3.335916416750540070e-01,4.848201842934436456e-01,6.736360016998001188e-02,6.679775284370134680e-02,2.734470579951762681e-01,2.823515124540167398e-01,6.968982744467672186e-01,4.395776474094578723e-01,6.036246380257730415e-01,1.000000000000000000e+00,5.626780485869383730e-01,4.576645653780483936e-01,5.972736584310417429e-01,5.075882213574465229e-01,3.216441919206218247e-01,4.163305268526224512e-01,4.463468774575978237e-01,2.809239965197281585e-01,7.267444553401214424e-01,6.174543305977502339e-01,3.646204819038345035e-01,3.219296246743518775e-01,2.277947674575974690e-01,6.262533582598548421e-01,6.411057702189438823e-01
4.719187638211424507e-01,5.035676403483495545e-01,7.619321962124306902e-01,2.540993797535289755e-01,7.038285132121075982e-01,3.994030034534149509e-01,3.137734974451162895e-01,-7.456342525952064371e-01,6.916796204599351405e-01,4.788141239636398705e-01,2.782558213794655844e-01,6.321699346897132754e-01,-7.239245599393591135e-01,5.890916006677463512e-01,3.561868479996974646e-01,4.260681335320916641e-01,-4.299382838841200871e-02,3.713336302330907945e-02,5.097459786840172757e-01,2.965144612875660890e-01,4.806039743721268742e-01,6.367769478219112989e-01,7.229526682316801400e-01,5.626780485869383730e-01,1.000000000000000000e+00,4.184795754591073003e-01,5.256186453600244501e-01,4.704322770297000855e-01,3.566368983579866758e-01,5.689688229890191851e-01,6.543570269513349080e-01,4.054039999078192791e-01,4.879074759314742105e-01,7.846136520964372973e-01,5.034769871445436973e-01,3.228784090093212433e-01,4.247574620739610340e-01,5.802914180345614126e-01,6.430580456385861510e-01
7.895986097900113965e-01,7.779753987678432736e-01,4.196184470215877926e-01,-1.343502516035751104e-01,6.581110391929403391e-01,6.749774672813066978e-01,-1.854194090448067767e-01,-4.170926417207236891e-01,6.766859635515465321e-01,7.493349203733706831e-01,6.644486467174168798e-01,2.995371593944742838e-01,-5.535596295544644718e-01,7.469746207902721036e-01,-1.065393321701424700e-01,6.956219586309623226e-01,5.371806893961684759e-01,5.355474268114139846e-01,5.871211624031593690e-01,6.927669653694407126e-02,3.717546320123485404e-01,3.533220447531610353e-01,4.911848807614235812e-01,4.576645653780483936e-01,4.184795754591073003e-01,1.000000000000000000e+00,7.659396923658242651e-01,7.678634869931892926e-01,7.063625914442036580e-01,7.501555838938824827e-01,5.972218993767880457e-01,7.225012980570642007e-01,3.171868363575317540e-01,4.999319519551152502e-01,6.194377691704788802e-01,6.657958577933666966e-01,5.839257429134242505e-01,4.987718056695904512e-01,5.914450345737125581e-01
7.740385731938963509e-01,7.619927077561261530e-01,4.955903911025236752e-01,-1.787845747373995042e-01,6.785417683348459184e-01,6.033067893751378197e-01,-3.594359168906361562e-02,-5.109626492617527216e-01,7.051075718580827045e-01,7.331983787359110938e-01,5.888609100096660054e-01,4.209437326168523619e-01,-6.028881137577299931e-01,7.196106128652492995e-01,6.500033167739922846e-02,7.111572790852253023e-01,4.254311034828995308e-01,4.692049761070926084e-01,6.122569683992319378e-01,2.245008614329445096e-01,5.240922077239322796e-01,4.903929430264509781e-01,6.187225675175667128e-01,5.972736584310417429e-01,5.256186453600244501e-01,7.659396923658242651e-01,1.000000000000000000e+00,7.390461719161737220e-01,6.009288451313378188e-01,7.131380134446765329e-01,6.143352576198866100e-01,6.350129396540969973e-01,4.406462981072015728e-01,6.091533577389550702e-01,5.914500479675726119e-01,6.603148439505039935e-01,5.016556646901954020e-01,6.440216863796969227e-01,7.152244166723035201e-01
7.454912233508281805e-01,7.407494408549172293e-01,4.973264110162011753e-01,-6.072876572870097855e-02,6.676105347852185901e-01,5.782671040727451750e-01,-1.107699973908495839e-01,-5.074161011205956529e-01,6.790802815913984380e-01,7.420219612040113155e-01,6.125532950526246800e-01,3.005305428939495371e-01,-5.988144414572329488e-01,7.200164439509242342e-01,-2.232976772297081899e-02,7.104888768950365918e-01,3.986821517497023959e-01,5.146693049022097455e-01,5.612069889494208930e-01,6.672693519402309037e-02,4.841733041768507828e-01,3.926215604897622113e-01,4.931135687111957711e-01,5.075882213574465229e-01,4.704322770297000855e-01,7.678634869931892926e-01,7.390461719161737220e-01,1.000000000000000000e+00,6.484520517493481684e-01,7.380748080970889191e-01,6.249647699958817970e-01,6.611432859531857220e-01,3.991881527319889322e-01,5.575049083094851810e-01,5.364496639478339990e-01,6.078474635516969427e-01,5.145996798284739882e-01,5.163901637607186679e-01,5.777036686656704667e-01
7.079172780460798453e-01,7.223473018294798154e-01,3.692771878196961510e-01,-4.664658183311419515e-02,6.280300867729532444e-01,6.720746438389246791e-01,-3.581661159989961152e-01,-3.396292118673370219e-01,6.264848995870517800e-01,5.819465973525553837e-01,7.210491586446177159e-01,1.208667044796530310e-01,-4.760492539018068570e-01,7.162867007041827661e-01,-3.076635030723212649e-01,4.661772998649991173e-01,5.993540526098584120e-01,2.989192076228458506e-01,3.880720035580326188e-01,-2.073219873543644121e-01,1.140501524357084850e-01,1.127074786854998650e-01,3.558500460997738868e-01,3.216441919206218247e-01,3.566368983579866758e-01,7.063625914442036580e-01,6.009288451313378188e-01,6.484520517493481684e-01,1.000000000000000000e+00,6.870436107817681215e-01,5.894210285006572514e-01,7.597069073626757651e-01,2.812283911182603680e-01,3.967053133210069471e-01,7.018691884887034993e-01,4.451765569612903262e-01,7.361401959209973311e-01,2.206555763244455182e-01,3.912659496292131833e-01
7.470391229314776727e-01,7.481547423186288848e-01,5.683406255784119177e-01,1.207982941210340166e-01,7.391374142322968410e-01,7.085775952558743818e-01,-8.134773592699565126e-02,-5.342408874485720105e-01,7.466426279907699692e-01,7.587386927418574567e-01,6.021168475246773122e-01,4.602220296659297327e-01,-6.672079991531024712e-01,7.871421676896915853e-01,-2.362408136095775577e-03,6.740477760574898891e-01,3.781700836383202757e-01,4.835382481549431177e-01,6.581230883036307544e-01,9.183361104919686435e-02,3.192227879896132325e-01,4.461986037796337734e-01,5.710192039896740956e-01,4.163305268526224512e-01,5.689688229890191851e-01,7.501555838938824827e-01,7.131380134446765329e-01,7.380748080970889191e-01,6.870436107817681215e-01,1.000000000000000000e+00,6.605082979914772556e-01,7.327156674271503300e-01,2.643919401003753111e-01,6.091388055631308251e-01,6.319067139829112056e-01,6.499547302067529841e-01,6.238514646846500256e-01,5.125267181642131353e-01,6.097610488821827435e-01
6.296005568421157994e-01,6.772238493262039416e-01,7.237161532974004663e-01,6.301862470309116393e-02,7.664222071032485983e-01,5.861418916589460348e-01,1.738855495745253721e-01,-7.134509933482305888e-01,7.419299865355523105e-01,5.385108187849471095e-01,5.459758994991764647e-01,3.830559022732739627e-01,-7.620607046509542126e-01,7.207108897050018559e-01,-7.573344534838506725e-02,4.445767194058030669e-01,3.231375498029575577e-01,1.388602178026992762e-01,5.161868767265940239e-01,2.390646633711263330e-03,3.662981295746729482e-01,4.592104912477252276e-01,6.156532084389401138e-01,4.463468774575978237e-01,6.543570269513349080e-01,5.972218993767880457e-01,6.143352576198866100e-01,6.249647699958817970e-01,5.894210285006572514e-01,6.605082979914772556e-01,1.000000000000000000e+00,6.444223549904476434e-01,4.594189581414061530e-01,6.968263064659258044e-01,6.788907816270880469e-01,3.420819142133026958e-01,6.642409350945952529e-01,4.218221361175860662e-01,5.804257665294587643e-01
7.339811657940594758e-01,7.474479970890941516e-01,4.543294413494826656e-01,-2.259592226865848527e-03,6.788297508100107347e-01,7.418417756334200197e-01,-2.313326631508998699e-01,-4.197161063852948848e-01,6.778426692271692922e-01,6.400137250225000907e-01,7.253919252268551388e-01,2.414831882155343001e-01,-5.687831039346391560e-01,7.519131921041947164e-01,-3.114138325633425963e-01,5.149797423322464152e-01,5.785321140427408526e-01,3.823272485347498084e-01,5.168034741145626221e-01,-1.246809356770703231e-01,1.066112214336210340e-01,2.329276875631828003e-01,4.378753971517511112e-01,2.809239965197281585e-01,4.054039999078192791e-01,7.225012980570642007e-01,6.350129396540969973e-01,6.611432859531857220e-01,7.597069073626757651e-01,7.327156674271503300e-01,6.444223549904476434e-01,1.000000000000000000e+00,1.937906948622223069e-01,4.626536127589940817e-01,7.154557025777067425e-01,5.416147761962623042e-01,7.386345447215706406e-01,3.199498482238303798e-01,4.898904931935745277e-01
3.787569735843603902e-01,4.048147666282643775e-01,4.432052552451691829e-01,-2.662170799959491241e-01,4.300765680669808577e-01,6.087526861925677407e-02,5.198051124530154304e-02,-5.122888444239479533e-01,4.344909939928465747e-01,2.278561563637748477e-01,3.341282215341010442e-01,1.234908298864744597e-01,-3.841441398542463914e-01,3.284846631964397634e-01,1.898127660219116608e-01,2.707719521797896656e-01,5.352889411213686971e-02,-1.750918156809241621e-01,7.294106537165366555e-02,6.006808890347615365e-02,6.262411364242289613e-01,2.669770620033503628e-01,4.821313888936108460e-01,7.267444553401214424e-01,4.879074759314742105e-01,3.171868363575317540e-01,4.406462981072015728e-01,3.991881527319889322e-01,2.812283911182603680e-01,2.643919401003753111e-01,4.594189581414061530e-01,1.937906948622223069e-01,1.000000000000000000e+00,5.370537992055121057e-01,3.327557908646611162e-01,3.448967089144607673e-02,2.490557451363039354e-01,3.922018966351650260e-01,4.584658300888293514e-01
5.550873888190316352e-01,5.834623705864881993e-01,7.645269176898317198e-01,1.530601763803404458e-01,7.338672272257890095e-01,4.276819946356276714e-01,2.796009945250043094e-01,-7.642485842926226569e-01,7.326101719225840414e-01,5.403761265593326479e-01,3.666297438680994336e-01,6.069932912339750519e-01,-7.509820602650303378e-01,6.299292292385358927e-01,3.013917080852069885e-01,5.005652909574418441e-01,2.992253544507541413e-02,1.176185644647129991e-01,5.374662864633318327e-01,2.715435857993294677e-01,5.460345974869829089e-01,6.347988330004327162e-01,7.402300840123011705e-01,6.174543305977502339e-01,7.846136520964372973e-01,4.999319519551152502e-01,6.091533577389550702e-01,5.575049083094851810e-01,3.967053133210069471e-01,6.091388055631308251e-01,6.968263064659258044e-01,4.626536127589940817e-01,5.370537992055121057e-01,1.000000000000000000e+00,5.244435244881022751e-01,3.900291880379927467e-01,4.446630830237811582e-01,6.381517284405405777e-01,7.083047622176393832e-01
6.531939508366186864e-01,6.884905790395509095e-01,5.267672998279588903e-01,-1.925021443256466278e-02,6.982020779227877672e-01,6.467948123533397986e-01,-8.568920564799868689e-02,-5.057374753247138033e-01,6.752717635391216611e-01,4.833672565749628225e-01,6.284246186514623744e-01,2.705487669880221602e-01,-5.931333534090312831e-01,7.070543464814786905e-01,-2.374409427143481244e-01,3.410968690240001044e-01,5.741476419040034695e-01,1.034204376053270563e-01,4.002148323912618211e-01,-7.633200671918020930e-03,1.503238631922655388e-01,3.162584880174362234e-01,4.908759282991334572e-01,3.646204819038345035e-01,5.034769871445436973e-01,6.194377691704788802e-01,5.914500479675726119e-01,5.364496639478339990e-01,7.018691884887034993e-01,6.319067139829112056e-01,6.788907816270880469e-01,7.154557025777067425e-01,3.327557908646611162e-01,5.244435244881022751e-01,1.000000000000000000e+00,3.626058060015280304e-01,7.410799087325723455e-01,3.262212678276193434e-01,4.992357513311794226e-01
6.445456050051902031e-01,5.946923786045039684e-01,2.740522000734496033e-01,-3.462917496834523601e-02,4.760351780725893822e-01,5.925211726970377457e-01,-1.053983520065816110e-01,-2.555803904423842865e-01,5.215426836507727204e-01,7.456928444890857932e-01,4.359501687896767952e-01,4.657662557154648164e-01,-4.120899974803031718e-01,5.788888443301131170e-01,1.060254921085697910e-01,7.333711215250688920e-01,3.129814615976934111e-01,7.074199729880046306e-01,6.791696154801526442e-01,3.022613833427464924e-01,3.030860485034378993e-01,4.326303545380270066e-01,4.577150898640975907e-01,3.219296246743518775e-01,3.228784090093212433e-01,6.657958577933666966e-01,6.603148439505039935e-01,6.078474635516969427e-01,4.451765569612903262e-01,6.499547302067529841e-01,3.420819142133026958e-01,5.416147761962623042e-01,3.448967089144607673e-02,3.900291880379927467e-01,3.626058060015280304e-01,1.000000000000000000e+00,3.065169204779402690e-01,5.929937952724337880e-01,5.913666491286743154e-01
6.206677316338924388e-01,6.622274906307222819e-01,4.678505071807175231e-01,2.473687606325073937e-02,6.507176575876487679e-01,6.865214642010174506e-01,-1.889533843280483405e-01,-4.193042817832321467e-01,6.355585506552876573e-01,4.575127086137408261e-01,6.692799148156794997e-01,1.725376946955239077e-01,-5.482626611678249606e-01,6.919405602452385340e-01,-3.585200262097156254e-01,3.098202249545719544e-01,5.319352153192283827e-01,1.153608321414302945e-01,3.836919988227956990e-01,-2.744759227235302190e-01,-5.014089774447192359e-03,1.221422319850684474e-01,4.123006047240114214e-01,2.277947674575974690e-01,4.247574620739610340e-01,5.839257429134242505e-01,5.016556646901954020e-01,5.145996798284739882e-01,7.361401959209973311e-01,6.238514646846500256e-01,6.642409350945952529e-01,7.386345447215706406e-01,2.490557451363039354e-01,4.446630830237811582e-01,7.410799087325723455e-01,3.065169204779402690e-01,1.000000000000000000e+00,1.457360323400018198e-01,3.813585320361316811e-01
5.271926177218700937e-01,5.036090339556709150e-01,5.094371978096624565e-01,-1.746777133732357878e-02,5.357926654995606164e-01,3.122473857003332798e-01,2.220347071542040363e-01,-5.410612012425943806e-01,5.703002767816610641e-01,5.839508879153022525e-01,2.491176527311908251e-01,6.276938984018473056e-01,-5.390402690428234278e-01,4.805025941105797727e-01,4.373171175780525832e-01,6.127401798713507652e-01,3.937252418142755950e-02,3.670182929904876046e-01,5.514110401801096684e-01,5.576967129262091483e-01,6.292927507455853275e-01,6.860057786563287241e-01,6.453286204825310346e-01,6.262533582598548421e-01,5.802914180345614126e-01,4.987718056695904512e-01,6.440216863796969227e-01,5.163901637607186679e-01,2.206555763244455182e-01,5.125267181642131353e-01,4.218221361175860662e-01,3.199498482238303798e-01,3.922018966351650260e-01,6.381517284405405777e-01,3.262212678276193434e-01,5.929937952724337880e-01,1.457360323400018198e-01,1.000000000000000000e+00,7.480770177634779028e-01
6.498183737893651335e-01,6.429119597642367623e-01,5.871520462370125593e-01,-8.687716890489158295e-02,6.557810008463720308e-01,4.863516231904569387e-01,1.545276677029278345e-01,-6.016675417741468301e-01,6.901762249113246872e-01,6.271824012818670857e-01,4.416158668552889743e-01,5.970586694196587940e-01,-6.331934804640653169e-01,6.144812445267991974e-01,2.596344439724466713e-01,6.209280215381116630e-01,1.701557109903346077e-01,3.159316746875183712e-01,6.055759008698614609e-01,3.596103458750238291e-01,5.505093279263678641e-01,6.100025282538270588e-01,7.404542019665347752e-01,6.411057702189438823e-01,6.430580456385861510e-01,5.914450345737125581e-01,7.152244166723035201e-01,5.777036686656704667e-01,3.912659496292131833e-01,6.097610488821827435e-01,5.804257665294587643e-01,4.898904931935745277e-01,4.584658300888293514e-01,7.083047622176393832e-01,4.992357513311794226e-01,5.913666491286743154e-01,3.813585320361316811e-01,7.480770177634779028e-01,1.000000000000000000e+00
