1.000000000000000000e+00,-8.620326448179396750e-02,1.541003160610013578e-01,8.093616537858160376e-01,1.383590127742353459e-01,-2.858671615644430841e-01,-9.005848846335944360e-03,7.514687095475104661e-02,2.085224863811163676e-01,-2.892199283955169120e-01,-1.005154976903879956e-02,1.471064367455031385e-01,-1.454106673586641474e-02,5.914154418026426052e-01,5.388686023528249658e-01,3.343233349213041716e-01,5.826298855808783594e-01,6.429492038953269484e-01,3.824699286345103338e-02,8.509818908812096794e-01,6.713379908007626184e-01,1.878285761230740480e-01,-1.223621316123764124e-01,1.888206491556634614e-01,1.999911161881400834e-01,8.594505969999132189e-01,-5.008001326820440413e-01,8.596880074964609042e-01,8.655941727231922789e-01,-1.963650725911803355e-02,-3.968046177615443537e-01,-5.581113257412042561e-01,2.960251749046846625e-01,2.185356303221769048e-01,6.299759747329405357e-01,2.899601603011711104e-01,1.738817543768398366e-01,8.841108709143890021e-01,-4.377399522353262462e-01
-8.620326448179396750e-02,1.000000000000000000e+00,4.361250072135581246e-01,3.238880882945238682e-02,4.387189680945714487e-01,-1.747398439936123926e-01,1.416697746621320975e-01,-4.934404475284277503e-01,5.036223327477759026e-01,6.953764598542695463e-01,1.076289160733825134e-01,6.731172983879162297e-01,1.458018641429600082e-01,2.119459335533853128e-01,-1.686597345523538904e-01,2.084069040072863421e-01,-2.150771094884518231e-01,1.086232009275427679e-01,4.017471994735426488e-01,-1.317083452309239233e-01,5.513813334177584263e-02,5.065173447408499730e-01,2.996672196118876919e-01,3.430717948693678965e-01,8.513072722494828548e-02,-1.722616387542097172e-01,5.282686475500678602e-01,-2.268264806139233813e-01,-2.890702527332341121e-01,4.923479420874563028e-01,4.471100884505544992e-01,6.932246105341940412e-01,1.296981070807665393e-01,4.288456887975478082e-01,-1.629561226124372486e-01,3.993484095451829696e-01,3.119726064219894845e-01,-1.331653252054425252e-01,6.556733141442144808e-01
1.541003160610013578e-01,4.361250072135581246e-01,1.000000000000000000e+00,1.850150654089741664e-01,8.218997116122447322e-01,-1.963508856403601288e-01,3.089523348846447415e-01,-8.563623095090985293e-01,6.317465090552424334e-01,6.196122773046793819e-01,7.715432800343288711e-02,5.250539314896411902e-01,1.238151130032210112e-01,5.520086131529899909e-01,1.613900085114174654e-01,5.554888919553092608e-01,-3.282694210804324147e-03,5.407087975802991053e-01,5.692315043461968482e-01,2.638016139848531338e-01,4.312047004882552659e-01,7.356102735033926976e-01,4.448991127088232078e-01,4.626318405026130232e-01,3.810041170730765203e-01,1.224452488713517473e-01,3.434663390803206484e-01,1.208794087357623059e-01,3.304372518550153376e-02,7.412432489273644842e-01,3.249650838337732051e-01,3.014215660474611758e-01,5.376876431556192326e-01,6.875140214688297835e-01,3.203219677284892264e-02,5.324309426297603176e-01,3.239616367603136982e-01,1.541717784080774978e-01,4.951694746214827525e-01
8.093616537858160376e-01,3.238880882945238682e-02,1.850150654089741664e-01,1.000000000000000000e+00,1.265129750945764298e-01,-6.041785647472255327e-01,5.944102252640390965e-02,-3.123702862650878931e-02,3.682874865779264817e-01,-1.824375753076854789e-01,-3.044795730070509743e-01,3.257658625107058836e-01,2.292347321067879085e-01,4.281164248285392326e-01,4.331564617296094766e-01,1.885599284904249939e-01,3.354971563563049486e-01,7.109780144951851621e-01,1.487420823275663329e-01,8.192987244467919705e-01,5.219912565858076947e-01,2.038138891468246339e-01,-3.221866527352042486e-01,2.554077072092452161e-01,-4.896046690682545610e-02,7.007856005240054031e-01,-5.015111676029959664e-01,6.867798797818671641e-01,7.045093774996550318e-01,3.001086761101940618e-03,-4.963398364505621774e-01,-4.775713956054963849e-01,7.957286773631483401e-02,2.975850049934412600e-01,4.107664535353993118e-01,1.386991495687327769e-01,-6.196496872683788376e-02,8.338255857476930544e-01,-2.526013507649692569e-01
1.383590127742353459e-01,4.387189680945714487e-01,8.218997116122447322e-01,1.265129750945764298e-01,1.000000000000000000e+00,-7.793616356442260862e-02,3.128219351717433927e-01,-7.493043616515655536e-01,6.299599114319233140e-01,6.021924267787459595e-01,9.314129284593170022e-02,4.169803778566756880e-01,1.386812265625901319e-01,5.789892105636360586e-01,1.882319639049410132e-01,5.281275589923873914e-01,1.022216477593408321e-02,4.733085241157331535e-01,5.229152992153841550e-01,2.333491580538332721e-01,3.749873067718746955e-01,7.165341002813055971e-01,4.727700790813426646e-01,4.392917162858132052e-01,4.434384867312576306e-01,1.392747785684357309e-01,3.529596838063577824e-01,1.091723207161564291e-01,4.821483741627698161e-02,7.427911556493588252e-01,3.157761326501170029e-01,3.364986090480908132e-01,5.081769003721828826e-01,6.999054896334393483e-01,1.010874676004795691e-01,5.218697753032188746e-01,3.971673195213165086e-01,1.390391209383371462e-01,5.254819328393754985e-01
-2.858671615644430841e-01,-1.747398439936123926e-01,-1.963508856403601288e-01,-6.041785647472255327e-01,-7.793616356442260862e-02,1.000000000000000000e+00,-1.026747854494092643e-01,2.450953472427603586e-01,-4.375201039400210545e-01,-6.215318250373035036e-02,6.611150716472764532e-01,-3.643974790710218792e-01,-4.677101319143714964e-01,5.039999599532613700e-02,-7.347122257890086050e-02,4.023375951797608652e-02,2.027818539227972117e-01,-4.726213538773349487e-01,-2.457275777252604654e-01,-3.648913151646359099e-01,-2.607661353003539254e-02,-6.378492189084841724e-02,4.288744866407739331e-01,-1.765725360685174161e-01,3.562515926179040671e-01,-1.269628275568001619e-01,3.391372338826926236e-01,-1.032461713579925361e-01,-1.231504020559935214e-01,-8.002094855968418241e-02,4.871647001060057103e-01,2.029406328589660746e-01,2.852941449028877918e-01,-2.808814759907549696e-01,2.229024569844951231e-01,1.003221222838018151e-01,4.930647185598184268e-01,-3.799822027386114409e-01,-1.140153851663149587e-01
-9.005848846335944360e-03,1.416697746621320975e-01,3.089523348846447415e-01,5.944102252640390965e-02,3.128219351717433927e-01,-1.026747854494092643e-01,1.000000000000000000e+00,-3.279053311157578143e-01,1.919675265664906039e-01,2.105732165402804112e-01,3.667853445880215474e-02,1.682415068074242515e-01,-2.863520687484830823e-03,1.081555443954833606e-01,3.611840732255758996e-02,1.917307874942999479e-01,-5.145167318360350378e-02,1.747335751932493908e-01,2.714197023515134699e-01,7.846233540175387433e-02,1.989643254998548494e-01,2.999806389860066314e-01,2.054968959295769976e-02,4.811351936160904175e-02,-2.441878935381921328e-02,3.910838678666660184e-02,2.194176666952402932e-01,2.748257709412529545e-02,3.068651135113198338e-03,2.352698088175136926e-01,1.990617245544168690e-01,1.752060052819771341e-01,1.645583809279544951e-01,2.175902998603367611e-01,5.191686862246810974e-02,2.160696569304423609e-01,1.855784553383797997e-01,1.923813787745851100e-02,2.338182518941280263e-01
7.514687095475104661e-02,-4.934404475284277503e-01,-8.563623095090985293e-01,-3.123702862650878931e-02,-7.493043616515655536e-01,2.450953472427603586e-01,-3.279053311157578143e-01,1.000000000000000000e+00,-6.114797681604375867e-01,-6.769983104340898672e-01,3.366968178820852614e-02,-4.676248545127876244e-01,-2.276442741500700750e-01,-2.789055058329312220e-01,4.753620038418499005e-02,-3.550714333650937249e-01,2.633917973219661590e-01,-3.813160378838214015e-01,-5.640470573333992155e-01,-3.962973847445251663e-02,-1.701566269709247070e-01,-5.986877523604102747e-01,-3.649261924194091566e-01,-4.050641865795348573e-01,-2.177380248416027342e-01,1.474961346811660690e-01,-4.166426489420689827e-01,1.581786029905822843e-01,2.244723337141912300e-01,-7.075756528343288831e-01,-3.138972467018608659e-01,-4.288607059748992256e-01,-3.050295156808744967e-01,-5.926578379570844879e-01,2.206280430952436422e-01,-4.198524912582586310e-01,-1.305977119423071819e-01,6.084236074005297534e-02,-6.455467143364950200e-01
2.085224863811163676e-01,5.036223327477759026e-01,6.317465090552424334e-01,3.682874865779264817e-01,6.299599114319233140e-01,-4.375201039400210545e-01,1.919675265664906039e-01,-6.114797681604375867e-01,1.000000000000000000e+00,6.199577953599187952e-01,-2.490992837547013061e-01,5.389834410116497443e-01,3.510272353471960427e-01,4.189829243250008384e-01,3.058447640294524317e-01,3.843355555390910450e-01,-1.248105510455355949e-01,6.024907789979198069e-01,6.048065381104853477e-01,3.360804071318100883e-01,1.043364234157961867e-01,5.461535186901437244e-01,2.355561896218634765e-01,6.387705564798535907e-01,1.630779071925556323e-01,1.250212836538192041e-01,8.551615628177963724e-02,4.675600424033103664e-02,1.808739350144503849e-02,6.976045708303219017e-01,-7.970718454558028965e-02,2.538649193725850406e-01,2.377167989273368531e-01,6.774533274710827779e-01,-1.501783979222598153e-01,1.905172702241404725e-01,3.516793949154330828e-02,2.721713227278147462e-01,5.568593307153775207e-01
-2.892199283955169120e-01,6.953764598542695463e-01,6.196122773046793819e-01,-1.824375753076854789e-01,6.021924267787459595e-01,-6.215318250373035036e-02,2.105732165402804112e-01,-6.769983104340898672e-01,6.199577953599187952e-01,1.000000000000000000e+00,3.416327564557231772e-02,5.692036966456897051e-01,1.589712894902949314e-01,2.458016074211785973e-01,-1.948428228187078649e-04,4.220514602922300074e-01,-2.834882071215812371e-01,2.038708309566470978e-01,6.709967801052265646e-01,-1.917331730839275661e-01,-3.007327051393492157e-02,5.699578002926022346e-01,5.197531115622682218e-01,4.780525409300611095e-01,2.433493243469218581e-01,-2.955835436980109865e-01,5.993818717111629724e-01,-3.415899857675695483e-01,-4.514478069628352075e-01,6.967712780570884945e-01,4.663963242493471828e-01,7.303065838435860435e-01,2.617244799630915608e-01,4.533848596954305754e-01,-3.309297274112140697e-01,2.812286801964998251e-01,2.598882592655913926e-01,-2.605384916810061235e-01,7.924662308457596227e-01
-1.005154976903879956e-02,1.076289160733825134e-01,7.715432800343288711e-02,-3.044795730070509743e-01,9.314129284593170022e-02,6.611150716472764532e-01,3.667853445880215474e-02,3.366968178820852614e-02,-2.490992837547013061e-01,3.416327564557231772e-02,1.000000000000000000e+00,2.475247977464804794e-02,-4.183677486427943570e-01,3.163938288858172410e-01,4.903267909402521385e-02,2.987949048391381202e-01,3.837659807971444681e-01,-1.665980718035443009e-01,-6.182686114714488340e-02,-1.259459482124997975e-01,2.960054336253735707e-01,1.952837742291417267e-01,5.210831457604826467e-01,-4.398970110752570967e-02,4.730415159061998054e-01,1.319573878263964051e-01,4.081565142118754319e-01,1.634634220503280444e-01,8.229117616369270582e-02,1.659965517882756869e-02,5.931031648257268918e-01,2.450060133839586929e-01,4.861439924715170169e-01,-3.173547478613693296e-02,3.266655424750731229e-01,3.038752886388141339e-01,6.472974451240341986e-01,-1.081998266037301065e-01,-6.701434845189663259e-02
1.471064367455031385e-01,6.731172983879162297e-01,5.250539314896411902e-01,3.257658625107058836e-01,4.169803778566756880e-01,-3.643974790710218792e-01,1.682415068074242515e-01,-4.676248545127876244e-01,5.389834410116497443e-01,5.692036966456897051e-01,2.475247977464804794e-02,1.000000000000000000e+00,2.907634290384689679e-01,4.312271866723618174e-01,1.912861792051753218e-01,3.790233814033895920e-01,2.188872727547560085e-02,4.252755349164199505e-01,4.537456969008558105e-01,1.967018160308360020e-01,3.405227352735389346e-01,6.095824927880212352e-01,1.795680118271379966e-01,4.511172204045096890e-01,3.549372879160539451e-02,1.215203811288443903e-01,3.025038666952827304e-01,1.060605852713223662e-01,-9.791261751492039492e-03,4.190961945749986373e-01,2.764783034015219076e-01,4.184754400089524817e-01,2.983222537856389800e-01,5.366684245726733860e-01,3.748868493575958222e-02,2.241912317571117808e-01,2.987649019118249205e-01,1.768084168649404209e-01,4.639331284750453088e-01
-1.454106673586641474e-02,1.458018641429600082e-01,1.238151130032210112e-01,2.292347321067879085e-01,1.386812265625901319e-01,-4.677101319143714964e-01,-2.863520687484830823e-03,-2.276442741500700750e-01,3.510272353471960427e-01,1.589712894902949314e-01,-4.183677486427943570e-01,2.907634290384689679e-01,1.000000000000000000e+00,-1.368052589936973318e-01,1.138318337425884008e-01,-1.523987615403895601e-01,-3.475820475161210954e-01,2.009015482917536899e-01,2.157719920174953343e-01,1.314289276168987275e-01,-1.710297384789659647e-01,7.312876499362304383e-02,-3.478805209042787339e-01,3.024767857009179606e-01,-3.619413381491262127e-01,-6.940223801971388828e-02,-8.822786839481094878e-02,-1.517605313670317702e-01,-1.019075081130048355e-01,1.025725668403926344e-01,-3.704321747811680776e-01,1.017697789642357104e-01,-2.676848584371274709e-01,1.880800412695100010e-01,-2.338647192958378251e-01,-3.013888551271368677e-01,-3.457014840336542494e-01,5.261187591102135797e-02,2.665739606398131456e-01
5.914154418026426052e-01,2.119459335533853128e-01,5.520086131529899909e-01,4.281164248285392326e-01,5.789892105636360586e-01,5.039999599532613700e-02,1.081555443954833606e-01,-2.789055058329312220e-01,4.189829243250008384e-01,2.458016074211785973e-01,3.163938288858172410e-01,4.312271866723618174e-01,-1.368052589936973318e-01,1.000000000000000000e+00,5.494206899446472114e-01,6.795331566557698544e-01,5.668479882526195057e-01,5.882878049855270186e-01,3.004123315333736555e-01,5.784933331274094703e-01,7.337867281917560547e-01,6.369245148847935134e-01,4.273163554882553616e-01,4.526176395560777554e-01,5.675460431088155122e-01,6.576044793011330825e-01,4.586607449900335920e-02,6.559272632290352734e-01,5.743077667302159961e-01,4.676114643570057350e-01,1.903802606714189716e-01,-2.902776445546088879e-02,7.583001294814960547e-01,5.561501019930451539e-01,5.634245984713229793e-01,4.982204530638337237e-01,6.209673830618683832e-01,5.672405665705111399e-01,6.006251162512511906e-03
5.388686023528249658e-01,-1.686597345523538904e-01,1.613900085114174654e-01,4.331564617296094766e-01,1.882319639049410132e-01,-7.347122257890086050e-02,3.611840732255758996e-02,4.753620038418499005e-02,3.058447640294524317e-01,-1.948428228187078649e-04,4.903267909402521385e-02,1.912861792051753218e-01,1.138318337425884008e-01,5.494206899446472114e-01,1.000000000000000000e+00,5.970070941292584532e-01,5.764896134255272919e-01,6.142966724448931659e-01,3.369350715180333133e-01,6.364619250945350304e-01,4.398375212141281132e-01,2.743290760783039239e-01,6.609860980955400978e-02,3.398850236754660248e-01,1.686427906403241417e-01,6.837061986559265225e-01,-3.475605636318460645e-01,6.351899771430966624e-01,5.569938219061698614e-01,1.362510669121515527e-01,-3.260397274883661267e-01,-2.921618477173457129e-01,4.041457427240097711e-01,1.657637491304848332e-01,3.526870628401598817e-01,-9.483981656444290254e-02,1.758999541389607568e-01,6.218195190840748454e-01,-2.373170669005583988e-01
3.343233349213041716e-01,2.084069040072863421e-01,5.554888919553092608e-01,1.885599284904249939e-01,5.281275589923873914e-01,4.023375951797608652e-02,1.917307874942999479e-01,-3.550714333650937249e-01,3.843355555390910450e-01,4.220514602922300074e-01,2.987949048391381202e-01,3.790233814033895920e-01,-1.523987615403895601e-01,6.795331566557698544e-01,5.970070941292584532e-01,1.000000000000000000e+00,5.231684556026429123e-01,5.821002349933777076e-01,5.767836903498148038e-01,3.858997613156012751e-01,5.591744444322147567e-01,5.692858649181748998e-01,5.528711084685122845e-01,3.159864734109322781e-01,4.845035345241828217e-01,4.541726901102469127e-01,8.099342558332922604e-02,4.557285407123033982e-01,3.143596322445118552e-01,5.321154861959416227e-01,2.099279166194073787e-01,9.103842896611694102e-02,6.290542387323906359e-01,3.397484848117933720e-01,2.492799043460181829e-01,3.907379403064512036e-01,4.606497980804402648e-01,3.583483065750316943e-01,7.331195981704910491e-02
5.826298855808783594e-01,-2.150771094884518231e-01,-3.282694210804324147e-03,3.354971563563049486e-01,1.022216477593408321e-02,2.027818539227972117e-01,-5.145167318360350378e-02,2.633917973219661590e-01,-1.248105510455355949e-01,-2.834882071215812371e-01,3.837659807971444681e-01,2.188872727547560085e-02,-3.475820475161210954e-01,5.668479882526195057e-01,5.764896134255272919e-01,5.231684556026429123e-01,1.000000000000000000e+00,3.605723249110357465e-01,-1.244090956080711775e-03,5.008940894776680031e-01,6.286263571825039254e-01,1.437744396406770986e-01,1.688099769553020324e-01,-2.839782844835691059e-02,3.265477217294733281e-01,7.049282818219648750e-01,-3.193346815715225051e-01,7.478485913259508289e-01,6.977285131055575018e-01,-5.574017607800170471e-02,-4.279917444825906414e-02,-4.091822188701018659e-01,4.819884447405229366e-01,-3.273896989613243880e-02,6.112271219340584816e-01,1.991173492503247044e-01,4.095781965527856006e-01,5.623135803969341318e-01,-5.156678358281199248e-01
6.429492038953269484e-01,1.086232009275427679e-01,5.407087975802991053e-01,7.109780144951851621e-01,4.733085241157331535e-01,-4.726213538773349487e-01,1.747335751932493908e-01,-3.813160378838214015e-01,6.024907789979198069e-01,2.038708309566470978e-01,-1.665980718035443009e-01,4.252755349164199505e-01,2.009015482917536899e-01,5.882878049855270186e-01,6.142966724448931659e-01,5.821002349933777076e-01,3.605723249110357465e-01,1.000000000000000000e+00,5.853212974608046348e-01,7.581997976709751175e-01,5.424583506666538213e-01,4.339333324281535176e-01,1.037704736450607568e-01,4.018282043499279421e-01,2.143220734168636010e-01,5.910327490644123882e-01,-2.979406856899843858e-01,5.979921104920070674e-01,5.219762361352812130e-01,3.879576490482241624e-01,-2.870415951298142532e-01,-2.671316974647010567e-01,2.999234127982122744e-01,4.109494037979323222e-01,2.402981668625746858e-01,2.481678446213840816e-01,5.688258081243890291e-02,7.234774911889078064e-01,3.605669473613690862e-02
3.824699286345103338e-02,4.017471994735426488e-01,5.692315043461968482e-01,1.487420823275663329e-01,5.229152992153841550e-01,-2.457275777252604654e-01,2.714197023515134699e-01,-5.640470573333992155e-01,6.048065381104853477e-01,6.709967801052265646e-01,-6.182686114714488340e-02,4.537456969008558105e-01,2.157719920174953343e-01,3.004123315333736555e-01,3.369350715180333133e-01,5.767836903498148038e-01,-1.244090956080711775e-03,5.853212974608046348e-01,1.000000000000000000e+00,1.988274134920545166e-01,1.371723004945030466e-01,4.497208697985812798e-01,3.763546225239095544e-01,4.029466299324604428e-01,2.268925231166210033e-01,1.745467428399167034e-02,1.845311229721031954e-01,1.063668060531606542e-02,-1.142946287773796005e-01,5.547049123337677301e-01,1.138743436415698695e-01,2.838140930448211363e-01,1.897330153524759699e-01,2.683767791195152963e-01,-2.083175923139354846e-01,2.150675419317493731e-01,1.082202958910060825e-01,1.320109040253391597e-01,5.067208280576095403e-01
8.509818908812096794e-01,-1.317083452309239233e-01,2.638016139848531338e-01,8.192987244467919705e-01,2.333491580538332721e-01,-3.648913151646359099e-01,7.846233540175387433e-02,-3.962973847445251663e-02,3.360804071318100883e-01,-1.917331730839275661e-01,-1.259459482124997975e-01,1.967018160308360020e-01,1.314289276168987275e-01,5.784933331274094703e-01,6.364619250945350304e-01,3.858997613156012751e-01,5.008940894776680031e-01,7.581997976709751175e-01,1.988274134920545166e-01,1.000000000000000000e+00,6.423578479738124569e-01,2.732602144566981250e-01,-1.374413137063043300e-01,3.043487249498679770e-01,1.565756326200917481e-01,8.179823202879396016e-01,-4.993163118047340143e-01,8.087466166920848076e-01,8.036734955422519810e-01,5.615208570774447849e-02,-4.522687413267991174e-01,-5.330427643377220193e-01,2.974071296279768295e-01,2.631242378535540438e-01,5.491083675726591284e-01,1.919110428597837481e-01,1.156326525143416134e-01,8.622769693500745847e-01,-3.508786533735069324e-01
6.713379908007626184e-01,5.513813334177584263e-02,4.312047004882552659e-01,5.219912565858076947e-01,3.749873067718746955e-01,-2.607661353003539254e-02,1.989643254998548494e-01,-1.701566269709247070e-01,1.043364234157961867e-01,-3.007327051393492157e-02,2.960054336253735707e-01,3.405227352735389346e-01,-1.710297384789659647e-01,7.337867281917560547e-01,4.398375212141281132e-01,5.591744444322147567e-01,6.286263571825039254e-01,5.424583506666538213e-01,1.371723004945030466e-01,6.423578479738124569e-01,1.000000000000000000e+00,5.530064586295772022e-01,1.717484100095488242e-01,1.753827367464053377e-01,3.636384196285630255e-01,7.190909221282714148e-01,-5.617139765980955907e-02,7.687335408189798214e-01,6.885201875828518281e-01,1.639275058544118480e-01,1.535510508846321676e-01,-2.174263662650821050e-01,6.427109430997909323e-01,3.417405179426826201e-01,7.010976376655556619e-01,4.994308469734494160e-01,5.416574330136348925e-01,6.152388566820891080e-01,-2.607356889291325142e-01
1.878285761230740480e-01,5.065173447408499730e-01,7.356102735033926976e-01,2.038138891468246339e-01,7.165341002813055971e-01,-6.378492189084841724e-02,2.999806389860066314e-01,-5.986877523604102747e-01,5.461535186901437244e-01,5.699578002926022346e-01,1.952837742291417267e-01,6.095824927880212352e-01,7.312876499362304383e-02,6.369245148847935134e-01,2.743290760783039239e-01,5.692858649181748998e-01,1.437744396406770986e-01,4.339333324281535176e-01,4.497208697985812798e-01,2.732602144566981250e-01,5.530064586295772022e-01,1.000000000000000000e+00,4.053230485591318155e-01,4.775134390394590311e-01,3.541400353831549164e-01,2.429459328148174946e-01,4.123407424039044478e-01,2.194235034140574470e-01,1.266156625727708762e-01,6.305534749935018946e-01,4.335322101287379937e-01,3.743893065265167519e-01,6.720402361740732688e-01,7.095650084188331874e-01,2.660706801075432559e-01,4.791764473994185036e-01,5.512814229593849813e-01,1.612468149713882637e-01,4.040505690940036088e-01
-1.223621316123764124e-01,2.996672196118876919e-01,4.448991127088232078e-01,-3.221866527352042486e-01,4.727700790813426646e-01,4.288744866407739331e-01,2.054968959295769976e-02,-3.649261924194091566e-01,2.355561896218634765e-01,5.197531115622682218e-01,5.210831457604826467e-01,1.795680118271379966e-01,-3.478805209042787339e-01,4.273163554882553616e-01,6.609860980955400978e-02,5.528711084685122845e-01,1.688099769553020324e-01,1.037704736450607568e-01,3.763546225239095544e-01,-1.374413137063043300e-01,1.717484100095488242e-01,4.053230485591318155e-01,1.000000000000000000e+00,2.554727543569967341e-01,7.537703771001583730e-01,-7.621610863805579339e-02,4.328523369845926339e-01,-2.395168646548511207e-02,-1.516847725321534834e-01,5.258001361937872931e-01,5.718380394941579015e-01,3.754547251668695629e-01,5.436985486409049440e-01,2.867107549007139600e-01,4.288677253076308288e-02,4.133718525512474762e-01,5.099235421343096819e-01,-1.463938519868895616e-01,3.617190386042512529e-01
1.888206491556634614e-01,3.430717948693678965e-01,4.626318405026130232e-01,2.554077072092452161e-01,4.392917162858132052e-01,-1.765725360685174161e-01,4.811351936160904175e-02,-4.050641865795348573e-01,6.387705564798535907e-01,4.780525409300611095e-01,-4.398970110752570967e-02,4.511172204045096890e-01,3.024767857009179606e-01,4.526176395560777554e-01,3.398850236754660248e-01,3.159864734109322781e-01,-2.839782844835691059e-02,4.018282043499279421e-01,4.029466299324604428e-01,3.043487249498679770e-01,1.753827367464053377e-01,4.775134390394590311e-01,2.554727543569967341e-01,1.000000000000000000e+00,2.531455431729433547e-01,1.839460843583455296e-01,1.073517197490853059e-01,1.263234090819592426e-01,8.951295060517136526e-02,4.489617708575913135e-01,3.114764610742091783e-03,2.354500348963943501e-01,3.878325890940808041e-01,5.234216493909864543e-01,1.153608877445724545e-01,3.102023998666675331e-02,1.979917731403787462e-01,2.319879237742596134e-01,3.401109019164310077e-01
1.999911161881400834e-01,8.513072722494828548e-02,3.810041170730765203e-01,-4.896046690682545610e-02,4.434384867312576306e-01,3.562515926179040671e-01,-2.441878935381921328e-02,-2.177380248416027342e-01,1.630779071925556323e-01,2.433493243469218581e-01,4.730415159061998054e-01,3.549372879160539451e-02,-3.619413381491262127e-01,5.675460431088155122e-01,1.686427906403241417e-01,4.845035345241828217e-01,3.265477217294733281e-01,2.143220734168636010e-01,2.268925231166210033e-01,1.565756326200917481e-01,3.636384196285630255e-01,3.541400353831549164e-01,7.537703771001583730e-01,2.531455431729433547e-01,1.000000000000000000e+00,2.256761738166250530e-01,2.082464729823502170e-01,2.802422117061690865e-01,2.036969489032619263e-01,3.835349123534591564e-01,3.683834631693284623e-01,2.859768347966642685e-02,5.773342612775128613e-01,3.432693460441847977e-01,3.328151140071480274e-01,4.643694451661640743e-01,5.015051575597485600e-01,1.570691692103645121e-01,1.351368306288890930e-01
8.594505969999132189e-01,-1.722616387542097172e-01,1.224452488713517473e-01,7.007856005240054031e-01,1.392747785684357309e-01,-1.269628275568001619e-01,3.910838678666660184e-02,1.474961346811660690e-01,1.250212836538192041e-01,-2.955835436980109865e-01,1.319573878263964051e-01,1.215203811288443903e-01,-6.940223801971388828e-02,6.576044793011330825e-01,6.837061986559265225e-01,4.541726901102469127e-01,7.049282818219648750e-01,5.910327490644123882e-01,1.745467428399167034e-02,8.179823202879396016e-01,7.190909221282714148e-01,2.429459328148174946e-01,-7.621610863805579339e-02,1.839460843583455296e-01,2.256761738166250530e-01,1.000000000000000000e+00,-4.156706560754577229e-01,8.998507625256166875e-01,8.875892430745029316e-01,-2.032059016028082629e-02,-3.078496516728701504e-01,-5.061255022409323345e-01,4.320612766942709126e-01,1.972803931155432122e-01,6.939711460810082944e-01,2.174716556949855828e-01,2.993312239935416175e-01,8.384884530184157914e-01,-5.002401727852204827e-01
-5.008001326820440413e-01,5.282686475500678602e-01,3.434663390803206484e-01,-5.015111676029959664e-01,3.529596838063577824e-01,3.391372338826926236e-01,2.194176666952402932e-01,-4.166426489420689827e-01,8.551615628177963724e-02,5.993818717111629724e-01,4.081565142118754319e-01,3.025038666952827304e-01,-8.822786839481094878e-02,4.586607449900335920e-02,-3.475605636318460645e-01,8.099342558332922604e-02,-3.193346815715225051e-01,-2.979406856899843858e-01,1.845311229721031954e-01,-4.993163118047340143e-01,-5.617139765980955907e-02,4.123407424039044478e-01,4.328523369845926339e-01,1.073517197490853059e-01,2.082464729823502170e-01,-4.156706560754577229e-01,1.000000000000000000e+00,-4.603145807555508173e-01,-5.346580038312364058e-01,3.547757630024525044e-01,7.893802676242664962e-01,7.498556005281545866e-01,2.333505645595139733e-01,2.278755575782396015e-01,-1.681697907165716488e-01,2.857304626620882915e-01,4.530730367870399733e-01,-5.675694550534455818e-01,6.110693551041710414e-01
8.596880074964609042e-01,-2.268264806139233813e-01,1.208794087357623059e-01,6.867798797818671641e-01,1.091723207161564291e-01,-1.032461713579925361e-01,2.748257709412529545e-02,1.581786029905822843e-01,4.675600424033103664e-02,-3.415899857675695483e-01,1.634634220503280444e-01,1.060605852713223662e-01,-1.517605313670317702e-01,6.559272632290352734e-01,6.351899771430966624e-01,4.557285407123033982e-01,7.478485913259508289e-01,5.979921104920070674e-01,1.063668060531606542e-02,8.087466166920848076e-01,7.687335408189798214e-01,2.194235034140574470e-01,-2.395168646548511207e-02,1.263234090819592426e-01,2.802422117061690865e-01,8.998507625256166875e-01,-4.603145807555508173e-01,1.000000000000000000e+00,8.925452733808824091e-01,-7.151463493932440352e-02,-2.647360285199728547e-01,-5.664226033034825969e-01,4.517168844908784342e-01,1.566259112137458331e-01,7.222842584041878622e-01,2.424154450590234045e-01,3.015521781794390788e-01,8.436841050538437248e-01,-5.450684964191255810e-01
8.655941727231922789e-01,-2.890702527332341121e-01,3.304372518550153376e-02,7.045093774996550318e-01,4.821483741627698161e-02,-1.231504020559935214e-01,3.068651135113198338e-03,2.244723337141912300e-01,1.808739350144503849e-02,-4.514478069628352075e-01,8.229117616369270582e-02,-9.791261751492039492e-03,-1.019075081130048355e-01,5.743077667302159961e-01,5.569938219061698614e-01,3.143596322445118552e-01,6.977285131055575018e-01,5.219762361352812130e-01,-1.142946287773796005e-01,8.036734955422519810e-01,6.885201875828518281e-01,1.266156625727708762e-01,-1.516847725321534834e-01,8.951295060517136526e-02,2.036969489032619263e-01,8.875892430745029316e-01,-5.346580038312364058e-01,8.925452733808824091e-01,1.000000000000000000e+00,-1.115075148440748398e-01,-3.713664439555111607e-01,-6.339447900780346146e-01,3.522732921306496179e-01,1.235676266330646839e-01,7.266577048210337564e-01,2.254170531034073166e-01,2.259417663592746539e-01,8.303029001293055211e-01,-5.961386613216229646e-01
-1.963650725911803355e-02,4.923479420874563028e-01,7.412432489273644842e-01,3.001086761101940618e-03,7.427911556493588252e-01,-8.002094855968418241e-02,2.352698088175136926e-01,-7.075756528343288831e-01,6.976045708303219017e-01,6.967712780570884945e-01,1.659965517882756869e-02,4.190961945749986373e-01,1.025725668403926344e-01,4.676114643570057350e-01,1.362510669121515527e-01,5.321154861959416227e-01,-5.574017607800170471e-02,3.879576490482241624e-01,5.547049123337677301e-01,5.615208570774447849e-02,1.639275058544118480e-01,6.305534749935018946e-01,5.258001361937872931e-01,4.489617708575913135e-01,3.835349123534591564e-01,-2.032059016028082629e-02,3.547757630024525044e-01,-7.151463493932440352e-02,-1.115075148440748398e-01,1.000000000000000000e+00,3.041666880226965297e-01,4.310215680483518996e-01,4.295157002181707595e-01,6.392565957131693954e-01,-1.414884390203491327e-01,4.660086282102602340e-01,2.705838181499424233e-01,-6.621362725922660085e-03,6.056006055112559405e-01
-3.968046177615443537e-01,4.471100884505544992e-01,3.249650838337732051e-01,-4.963398364505621774e-01,3.157761326501170029e-01,4.871647001060057103e-01,1.990617245544168690e-01,-3.138972467018608659e-01,-7.970718454558028965e-02,4.663963242493471828e-01,5.931031648257268918e-01,2.764783034015219076e-01,-3.704321747811680776e-01,1.903802606714189716e-01,-3.260397274883661267e-01,2.099279166194073787e-01,-4.279917444825906414e-02,-2.870415951298142532e-01,1.138743436415698695e-01,-4.522687413267991174e-01,1.535510508846321676e-01,4.335322101287379937e-01,5.718380394941579015e-01,3.114764610742091783e-03,3.683834631693284623e-01,-3.078496516728701504e-01,7.893802676242664962e-01,-2.647360285199728547e-01,-3.713664439555111607e-01,3.041666880226965297e-01,1.000000000000000000e+00,6.415120553450474050e-01,4.331674814293606790e-01,1.962994702160444915e-01,3.565502458551540049e-02,4.272368183540238284e-01,6.173824469615990518e-01,-4.743960928590342796e-01,4.203485316770669833e-01
-5.581113257412042561e-01,6.932246105341940412e-01,3.014215660474611758e-01,-4.775713956054963849e-01,3.364986090480908132e-01,2.029406328589660746e-01,1.752060052819771341e-01,-4.288607059748992256e-01,2.538649193725850406e-01,7.303065838435860435e-01,2.450060133839586929e-01,4.184754400089524817e-01,1.017697789642357104e-01,-2.902776445546088879e-02,-2.921618477173457129e-01,9.103842896611694102e-02,-4.091822188701018659e-01,-2.671316974647010567e-01,2.838140930448211363e-01,-5.330427643377220193e-01,-2.174263662650821050e-01,3.743893065265167519e-01,3.754547251668695629e-01,2.354500348963943501e-01,2.859768347966642685e-02,-5.061255022409323345e-01,7.498556005281545866e-01,-5.664226033034825969e-01,-6.339447900780346146e-01,4.310215680483518996e-01,6.415120553450474050e-01,1.000000000000000000e+00,1.291246747557981411e-01,2.412305159675363908e-01,-3.432807485778658907e-01,1.650800321802917692e-01,3.096080296607897075e-01,-5.748114846519779553e-01,7.092437234285597913e-01
2.960251749046846625e-01,1.296981070807665393e-01,5.376876431556192326e-01,7.957286773631483401e-02,5.081769003721828826e-01,2.852941449028877918e-01,1.645583809279544951e-01,-3.050295156808744967e-01,2.377167989273368531e-01,2.617244799630915608e-01,4.861439924715170169e-01,2.983222537856389800e-01,-2.676848584371274709e-01,7.583001294814960547e-01,4.041457427240097711e-01,6.290542387323906359e-01,4.819884447405229366e-01,2.999234127982122744e-01,1.897330153524759699e-01,2.974071296279768295e-01,6.427109430997909323e-01,6.720402361740732688e-01,5.436985486409049440e-01,3.878325890940808041e-01,5.773342612775128613e-01,4.320612766942709126e-01,2.333505645595139733e-01,4.517168844908784342e-01,3.522732921306496179e-01,4.295157002181707595e-01,4.331674814293606790e-01,1.291246747557981411e-01,1.000000000000000000e+00,5.135016427887212354e-01,4.904637683834402462e-01,4.198993570396456487e-01,6.761800651602706269e-01,2.551264234261660380e-01,1.327308805683960480e-02
2.185356303221769048e-01,4.288456887975478082e-01,6.875140214688297835e-01,2.975850049934412600e-01,6.999054896334393483e-01,-2.808814759907549696e-01,2.175902998603367611e-01,-5.926578379570844879e-01,6.774533274710827779e-01,4.533848596954305754e-01,-3.173547478613693296e-02,5.366684245726733860e-01,1.880800412695100010e-01,5.561501019930451539e-01,1.657637491304848332e-01,3.397484848117933720e-01,-3.273896989613243880e-02,4.109494037979323222e-01,2.683767791195152963e-01,2.631242378535540438e-01,3.417405179426826201e-01,7.095650084188331874e-01,2.867107549007139600e-01,5.234216493909864543e-01,3.432693460441847977e-01,1.972803931155432122e-01,2.278755575782396015e-01,1.566259112137458331e-01,1.235676266330646839e-01,6.392565957131693954e-01,1.962994702160444915e-01,2.412305159675363908e-01,5.135016427887212354e-01,1.000000000000000000e+00,1.231109521294615206e-01,3.060157728299166546e-01,2.588043979418381269e-01,2.424717525679813412e-01,4.644567762831958158e-01
6.299759747329405357e-01,-1.629561226124372486e-01,3.203219677284892264e-02,4.107664535353993118e-01,1.010874676004795691e-01,2.229024569844951231e-01,5.191686862246810974e-02,2.206280430952436422e-01,-1.501783979222598153e-01,-3.309297274112140697e-01,3.266655424750731229e-01,3.748868493575958222e-02,-2.338647192958378251e-01,5.634245984713229793e-01,3.526870628401598817e-01,2.492799043460181829e-01,6.112271219340584816e-01,2.402981668625746858e-01,-2.083175923139354846e-01,5.491083675726591284e-01,7.010976376655556619e-01,2.660706801075432559e-01,4.288677253076308288e-02,1.153608877445724545e-01,3.328151140071480274e-01,6.939711460810082944e-01,-1.681697907165716488e-01,7.222842584041878622e-01,7.266577048210337564e-01,-1.414884390203491327e-01,3.565502458551540049e-02,-3.432807485778658907e-01,4.904637683834402462e-01,1.231109521294615206e-01,1.000000000000000000e+00,3.225564969332346266e-01,5.807842143205668162e-01,5.343449829997514167e-01,-4.674789001208626282e-01
2.899601603011711104e-01,3.993484095451829696e-01,5.324309426297603176e-01,1.386991495687327769e-01,5.218697753032188746e-01,1.003221222838018151e-01,2.160696569304423609e-01,-4.198524912582586310e-01,1.905172702241404725e-01,2.812286801964998251e-01,3.038752886388141339e-01,2.241912317571117808e-01,-3.013888551271368677e-01,4.982204530638337237e-01,-9.483981656444290254e-02,3.907379403064512036e-01,1.991173492503247044e-01,2.481678446213840816e-01,2.150675419317493731e-01,1.919110428597837481e-01,4.994308469734494160e-01,4.791764473994185036e-01,4.133718525512474762e-01,3.102023998666675331e-02,4.643694451661640743e-01,2.174716556949855828e-01,2.857304626620882915e-01,2.424154450590234045e-01,2.254170531034073166e-01,4.660086282102602340e-01,4.272368183540238284e-01,1.650800321802917692e-01,4.198993570396456487e-01,3.060157728299166546e-01,3.225564969332346266e-01,1.000000000000000000e+00,5.298422019379308567e-01,1.486215205615220025e-01,1.644994183197504289e-01
1.738817543768398366e-01,3.119726064219894845e-01,3.239616367603136982e-01,-6.196496872683788376e-02,3.971673195213165086e-01,4.930647185598184268e-01,1.855784553383797997e-01,-1.305977119423071819e-01,3.516793949154330828e-02,2.598882592655913926e-01,6.472974451240341986e-01,2.987649019118249205e-01,-3.457014840336542494e-01,6.209673830618683832e-01,1.758999541389607568e-01,4.606497980804402648e-01,4.095781965527856006e-01,5.688258081243890291e-02,1.082202958910060825e-01,1.156326525143416134e-01,5.416574330136348925e-01,5.512814229593849813e-01,5.099235421343096819e-01,1.979917731403787462e-01,5.015051575597485600e-01,2.993312239935416175e-01,4.530730367870399733e-01,3.015521781794390788e-01,2.259417663592746539e-01,2.705838181499424233e-01,6.173824469615990518e-01,3.096080296607897075e-01,6.761800651602706269e-01,2.588043979418381269e-01,5.807842143205668162e-01,5.298422019379308567e-01,1.000000000000000000e+00,6.251956794644000781e-02,7.477535326154546858e-02
8.841108709143890021e-01,-1.331653252054425252e-01,1.541717784080774978e-01,8.338255857476930544e-01,1.390391209383371462e-01,-3.799822027386114409e-01,1.923813787745851100e-02,6.084236074005297534e-02,2.721713227278147462e-01,-2.605384916810061235e-01,-1.081998266037301065e-01,1.768084168649404209e-01,5.261187591102135797e-02,5.672405665705111399e-01,6.218195190840748454e-01,3.583483065750316943e-01,5.623135803969341318e-01,7.234774911889078064e-01,1.320109040253391597e-01,8.622769693500745847e-01,6.152388566820891080e-01,1.612468149713882637e-01,-1.463938519868895616e-01,2.319879237742596134e-01,1.570691692103645121e-01,8.384884530184157914e-01,-5.675694550534455818e-01,8.436841050538437248e-01,8.303029001293055211e-01,-6.621362725922660085e-03,-4.743960928590342796e-01,-5.748114846519779553e-01,2.551264234261660380e-01,2.424717525679813412e-01,5.343449829997514167e-01,1.486215205615220025e-01,6.251956794644000781e-02,1.000000000000000000e+00,-3.849929069142390969e-01
-4.377399522353262462e-01,6.556733141442144808e-01,4.951694746214827525e-01,-2.526013507649692569e-01,5.254819328393754985e-01,-1.140153851663149587e-01,2.338182518941280263e-01,-6.455467143364950200e-01,5.568593307153775207e-01,7.924662308457596227e-01,-6.701434845189663259e-02,4.639331284750453088e-01,2.665739606398131456e-01,6.006251162512511906e-03,-2.373170669005583988e-01,7.331195981704910491e-02,-5.156678358281199248e-01,3.605669473613690862e-02,5.067208280576095403e-01,-3.508786533735069324e-01,-2.607356889291325142e-01,4.040505690940036088e-01,3.617190386042512529e-01,3.401109019164310077e-01,1.351368306288890930e-01,-5.002401727852204827e-01,6.110693551041710414e-01,-5.450684964191255810e-01,-5.961386613216229646e-01,6.056006055112559405e-01,4.203485316770669833e-01,7.092437234285597913e-01,1.327308805683960480e-02,4.644567762831958158e-01,-4.674789001208626282e-01,1.644994183197504289e-01,7.477535326154546858e-02,-3.849929069142390969e-01,1.000000000000000000e+00
