1.000000000000000000e+00,7.702694738759339188e-01,5.705020283389066194e-01,-6.085672715631310070e-02,6.942787659854138260e-01,-1.512087391391735147e-01,6.355053975463119398e-02,-3.589748456965738965e-01,7.454879505463383182e-01,7.349194331395109137e-01,5.668820434235910533e-01,2.693368831183088341e-01,3.072123061750074990e-01,6.069064954456435679e-01,3.019132827024640919e-01,7.794412060530836461e-01,3.264030720290788112e-01,2.885446880354279875e-01,4.821270462468958962e-01,1.290382231435693028e-01,5.725045766171645845e-01,3.988307874337829184e-01,6.655336684583950113e-01,2.803093716635066124e-01,6.747382814187192768e-01,6.630087533365910391e-01,4.721098219910244698e-01,5.627787242843484972e-01,6.024825321276707779e-01,8.085467484294495133e-01,4.226903900542466341e-01,2.640912474606455507e-01,5.696305073379526185e-01,5.912667381906163699e-01,1.934882156489781679e-01,5.754470409998234670e-01,3.152901800236027618e-01,2.809881677892945295e-01,5.186120998277613525e-01
7.702694738759339188e-01,1.000000000000000000e+00,5.493310875778730784e-01,-3.779085468326410374e-02,7.148456701004504144e-01,-2.546229349189703117e-01,8.542256724272907775e-02,-3.200056706779956239e-01,7.051995264633730276e-01,7.745047048751787511e-01,5.619846678229870607e-01,3.088175665913989731e-01,4.478574433989665482e-01,5.183918635529140007e-01,1.903158639255967954e-01,7.734509799265631980e-01,2.112374365743905080e-01,2.027983245132395362e-01,4.499861543861367053e-01,1.987180367424542515e-01,4.830366416474488611e-01,4.862604190512613833e-01,6.162451890199271975e-01,2.018145310509681933e-01,6.686626549155895161e-01,4.152467655356736342e-01,5.566205434519215789e-01,5.713822889276580774e-01,3.763515521510314987e-01,7.034352710133179309e-01,5.553533665561560806e-01,4.250994066550218831e-01,4.617205916697186274e-01,6.025401530828604635e-01,2.735460501631429425e-02,5.113933702418045346e-01,3.920481240463548622e-01,5.383998900841893698e-02,6.320520205517179413e-01
5.705020283389066194e-01,5.493310875778730784e-01,1.000000000000000000e+00,-3.026023181686006147e-01,7.282929965168587483e-01,-1.583976206566659051e-01,-9.648672541701254490e-02,-5.781512253094065468e-01,7.260486988203237457e-01,7.255586767270455484e-01,5.533036269725597478e-01,4.177843607411819149e-01,2.280837980664750519e-01,6.582744203410556549e-01,3.665485218086589891e-01,6.741409269787361769e-01,4.059980639919757439e-01,4.450461105365658421e-01,6.963567828514659608e-01,-1.233277609477706621e-01,5.333867298156809156e-01,5.368455099946225495e-01,7.306178094751857310e-01,3.523423500627932414e-01,6.571253338470951499e-01,5.982245330596764887e-01,5.897262077646828748e-01,6.275159302173202169e-01,3.185151787040645943e-01,6.500810387386125599e-01,6.475919494525524955e-01,2.769762651094798689e-01,6.958001740388382039e-01,5.892016510894413361e-01,2.958638617265491044e-01,6.396090462033949819e-01,3.086528570725499687e-01,4.667197929420962565e-01,5.622336842002506607e-01
-6.085672715631310070e-02,-3.779085468326410374e-02,-3.026023181686006147e-01,1.000000000000000000e+00,-8.021688816063088368e-02,-1.904347320122188048e-01,6.418154733889908092e-01,4.351765577757243930e-01,-1.915200236028491709e-01,-1.044705412047970128e-01,-8.440802210336753944e-03,8.542574152077243854e-02,3.299897910661654388e-01,-2.403444914860262682e-01,2.194719524870646782e-02,-6.156762615822054113e-02,-1.475844339413147355e-01,1.134957588799418160e-01,-2.013336954293357406e-01,4.199061561979735568e-01,-1.278734665531370551e-01,-3.508041648102539628e-02,-2.896623956926954735e-01,-3.244000983655195292e-01,-9.280043140731054907e-02,-2.389613444004037024e-01,-6.657039373418846204e-03,-2.423611830996975636e-01,1.628694280322193818e-03,-6.763979598857589037e-02,-3.397758157886762165e-01,4.951418592024640908e-02,-3.955248491887098927e-01,1.074899854311627337e-03,-3.242122158004790977e-01,-1.131451955419512378e-01,-7.510906790549259915e-02,-2.055061910755316412e-01,1.093031733987577178e-02
6.942787659854138260e-01,7.148456701004504144e-01,7.282929965168587483e-01,-8.021688816063088368e-02,1.000000000000000000e+00,-2.373450189845296154e-01,9.569391272034585838e-03,-3.924681110931343975e-01,7.710217631394772342e-01,7.480655378404386102e-01,6.280575388121892866e-01,4.766953228365082840e-01,4.045532498217617179e-01,6.481381073714447272e-01,4.292570637572372116e-01,7.635844212012733445e-01,3.315343645988164112e-01,4.788915832379356807e-01,6.542737336188481079e-01,3.206962123831765682e-02,5.944305339705059366e-01,4.581843768258258009e-01,7.048453122342589472e-01,2.179826645624808323e-01,6.896856131961376368e-01,5.599138345469902855e-01,6.118762325129751822e-01,6.748958487601902645e-01,4.580661109142377674e-01,7.014009648218404447e-01,5.605793757314819770e-01,4.076546312760817581e-01,6.133478486902756988e-01,6.765242034550761341e-01,2.167507421388887301e-01,6.161909016527565841e-01,3.574519289182756521e-01,3.420052077785673550e-01,6.230448807717847703e-01
-1.512087391391735147e-01,-2.546229349189703117e-01,-1.583976206566659051e-01,-1.904347320122188048e-01,-2.373450189845296154e-01,1.000000000000000000e+00,-3.163055819174638850e-01,1.822410793812781205e-01,-2.977796107513935864e-01,-2.489144709325538940e-01,-9.996703998776472477e-02,-2.415052469592238182e-01,-2.829119376705725442e-01,-1.625483309753042171e-01,-1.839627354897878375e-01,-3.597856597148185731e-01,7.707323244211307378e-02,-8.939413980556902561e-02,-2.966112999680620144e-01,-2.214102316569438178e-01,-1.369992162378816380e-01,-2.786957785594259551e-01,-1.436597824533053513e-01,1.270707429818350442e-01,-2.514864710135661929e-01,5.795953826182953517e-02,-1.173218018301109972e-01,-1.046699629612436455e-01,2.546960558895682292e-01,-2.993945941363454488e-01,-9.645895762212393365e-02,1.933742887741752847e-01,-1.202206554918656412e-01,-4.260860616658900257e-01,2.829191992787032373e-01,-2.795464173711828537e-01,3.748598576707951047e-01,-4.423030276654687371e-02,-3.845828890079644458e-01
6.355053975463119398e-02,8.542256724272907775e-02,-9.648672541701254490e-02,6.418154733889908092e-01,9.569391272034585838e-03,-3.163055819174638850e-01,1.000000000000000000e+00,7.164279799597204901e-02,-7.746972139089677856e-02,5.888513884037745866e-02,6.288666065394521443e-02,-7.830426932552711494e-02,3.803989494276622252e-01,-1.857523675470538482e-01,-1.422027745162861567e-01,4.613743001449249759e-02,1.889273039002595245e-02,-8.567425042382831313e-02,-1.456293552611069575e-01,3.663956193707156306e-01,-1.354272640052968102e-01,4.191045613852403123e-02,-1.843679245225300356e-01,-1.937495557452095785e-01,-4.125315527606986110e-02,-5.858872035971996600e-02,-3.383488532611015481e-02,-1.529433051980314817e-01,-6.884837087536474498e-02,5.696368975393483608e-02,-1.581688505746685625e-01,-9.234708033944984129e-02,-2.045160376444183914e-01,3.920932436433581525e-02,-2.740871265703815340e-01,2.937966487462203083e-02,-7.000715776998656104e-02,-6.122677501289792296e-02,6.648215324094601530e-02
-3.589748456965738965e-01,-3.200056706779956239e-01,-5.781512253094065468e-01,4.351765577757243930e-01,-3.924681110931343975e-01,1.822410793812781205e-01,7.164279799597204901e-02,1.000000000000000000e+00,-4.293436305248397034e-01,-3.863591424843316746e-01,-2.745965829025935334e-01,-4.330120452751452798e-02,4.724512552135049642e-02,-3.662924641291493422e-01,6.040423527083943478e-02,-3.560415744635160862e-01,-3.729650814417174720e-01,3.327302241716247055e-02,-3.390275482703624110e-01,2.662041589925160379e-01,-2.098440257890841487e-01,-2.180371660367858844e-01,-4.168961047479586290e-01,-2.898017972195431891e-01,-3.522301674812224337e-01,-3.226441038917121640e-01,-1.541045429072225859e-01,-3.167067497976405743e-01,-8.540559389145571320e-03,-3.671364534249327849e-01,-4.904085404152636607e-01,8.787254915677937539e-02,-4.310390354419831871e-01,-2.379289719482579335e-01,-6.410872884803035798e-02,-3.281222622373933806e-01,8.167582209940535062e-03,-2.530941006743891442e-01,-2.706556364812224835e-01
7.454879505463383182e-01,7.051995264633730276e-01,7.260486988203237457e-01,-1.915200236028491709e-01,7.710217631394772342e-01,-2.977796107513935864e-01,-7.746972139089677856e-02,-4.293436305248397034e-01,1.000000000000000000e+00,8.134473318004933340e-01,5.452729871309790477e-01,5.164883649484922623e-01,3.114147248378885124e-01,7.336504867361616222e-01,5.219141335427419648e-01,8.422267795288324033e-01,3.135484312437994969e-01,4.810936111391371228e-01,7.564759526019066982e-01,6.750852906040870349e-02,6.957616250312332884e-01,4.105439503202660823e-01,7.605951690255720044e-01,3.325829424149379654e-01,7.862322481409691477e-01,6.544236778751809647e-01,5.439764896817773643e-01,7.001921609072669916e-01,4.417032776561983232e-01,8.183031707912242769e-01,5.257896816547694696e-01,1.889740124564485146e-01,7.335608722051455421e-01,7.869795890938570126e-01,2.167605090942817669e-01,6.922693581850229982e-01,2.165078029929783932e-01,4.788789447498845164e-01,6.899491843864683505e-01
7.349194331395109137e-01,7.745047048751787511e-01,7.255586767270455484e-01,-1.044705412047970128e-01,7.480655378404386102e-01,-2.489144709325538940e-01,5.888513884037745866e-02,-3.863591424843316746e-01,8.134473318004933340e-01,1.000000000000000000e+00,5.868593010565144041e-01,4.783286566956945207e-01,4.513862517992298096e-01,6.279315242367481398e-01,3.837964488951212672e-01,8.318417339564391222e-01,2.984697574860432079e-01,4.063016586249807438e-01,6.655384942164179751e-01,1.607376512911557753e-01,5.812347512149232953e-01,4.672302791573743064e-01,7.282155298489939588e-01,3.061916479319676809e-01,7.658455185589275738e-01,5.736448719426098242e-01,6.218560443759745260e-01,6.401383811203720242e-01,3.814211880884944561e-01,7.544158223737204017e-01,5.684964464532443751e-01,3.020812517744074777e-01,6.134099884977303185e-01,7.143054976224658681e-01,1.167096737963956299e-01,6.563426462218764357e-01,3.663491608125581389e-01,3.648204713282379164e-01,7.299324790479505554e-01
5.668820434235910533e-01,5.619846678229870607e-01,5.533036269725597478e-01,-8.440802210336753944e-03,6.280575388121892866e-01,-9.996703998776472477e-02,6.288666065394521443e-02,-2.745965829025935334e-01,5.452729871309790477e-01,5.868593010565144041e-01,1.000000000000000000e+00,5.263069642434312634e-01,4.742557834344292012e-01,5.137330286185767259e-01,4.104436830728365737e-01,5.848565748049532331e-01,6.079735722162546985e-01,4.689145669117686932e-01,4.959830689370687273e-01,6.472191884236605519e-02,3.836182817048763849e-01,4.041372541636385485e-01,6.206111385273885839e-01,2.767359070822692502e-01,6.014290331386995536e-01,4.162443952261810631e-01,6.620166048921571900e-01,5.110268669379208761e-01,4.393844192089070289e-01,5.305051798184395873e-01,4.374547033010284247e-01,4.775741890775412890e-01,4.957527538602922168e-01,5.333627786141333926e-01,2.201852583576134809e-04,5.199326750379393847e-01,2.785788814856121620e-01,2.580029949115782983e-01,5.511563757212073478e-01
2.693368831183088341e-01,3.088175665913989731e-01,4.177843607411819149e-01,8.542574152077243854e-02,4.766953228365082840e-01,-2.415052469592238182e-01,-7.830426932552711494e-02,-4.330120452751452798e-02,5.164883649484922623e-01,4.783286566956945207e-01,5.263069642434312634e-01,1.000000000000000000e+00,4.217939013342660304e-01,4.821024908895147898e-01,7.459734205462259515e-01,5.309629156954791540e-01,2.940415230927524437e-01,7.371831458413852234e-01,6.044568999130641718e-01,1.833164104068760181e-01,4.604087967609688525e-01,2.815660320715851483e-01,5.416999673854386854e-01,6.459414638432382783e-02,6.126182959132225880e-01,2.229729261687697917e-01,6.661153336910274891e-01,3.694977974115088437e-01,1.223694116795012304e-01,3.691529884881443735e-01,2.155713665653230526e-01,2.342469286934589223e-01,3.985799491705981912e-01,6.793754574565809001e-01,-4.541083644071405856e-02,5.767267103141238138e-01,1.765312448389633800e-03,4.521538555855206254e-01,6.891215211977685939e-01
3.072123061750074990e-01,4.478574433989665482e-01,2.280837980664750519e-01,3.299897910661654388e-01,4.045532498217617179e-01,-2.829119376705725442e-01,3.803989494276622252e-01,4.724512552135049642e-02,3.114147248378885124e-01,4.513862517992298096e-01,4.742557834344292012e-01,4.217939013342660304e-01,1.000000000000000000e+00,1.706359603701412819e-01,2.400782111943660924e-01,4.328854416417046158e-01,9.376329411285728999e-02,2.964597038945070429e-01,1.875830357363538481e-01,3.970092205773856353e-01,2.075271998770816528e-01,2.149537596901875403e-01,2.612120085083706189e-01,-5.221937762403585509e-02,3.546944949664157520e-01,7.333633226707890473e-02,4.202804282263395974e-01,2.458368277314858519e-01,1.613726141472405229e-01,2.903304123152541383e-01,4.690214792637817376e-02,3.597937725200548997e-01,9.266124980920865950e-02,4.178541586398353824e-01,-1.816388223542270974e-01,3.031612117075624946e-01,2.615726506595479339e-01,5.668797762407024737e-02,5.223644735856198817e-01
6.069064954456435679e-01,5.183918635529140007e-01,6.582744203410556549e-01,-2.403444914860262682e-01,6.481381073714447272e-01,-1.625483309753042171e-01,-1.857523675470538482e-01,-3.662924641291493422e-01,7.336504867361616222e-01,6.279315242367481398e-01,5.137330286185767259e-01,4.821024908895147898e-01,1.706359603701412819e-01,1.000000000000000000e+00,4.778491796115005297e-01,6.778841674219632241e-01,3.045791252615001055e-01,4.916773281783530791e-01,6.570569336903029356e-01,-6.704699887246658163e-02,6.213703440067318562e-01,3.746547362330705511e-01,7.124221115629744139e-01,5.310115154191286102e-01,6.385257324717323879e-01,5.461867835120339798e-01,4.943144791777248082e-01,6.206753686843902162e-01,4.621341089645672473e-01,6.541018889396265079e-01,4.190639541281280800e-01,2.684828296408212078e-01,7.451893281081960474e-01,6.072208063938751010e-01,4.338159389737515914e-01,6.590170572350838585e-01,2.374486783054471917e-01,4.170359238372090549e-01,5.553365578752156306e-01
3.019132827024640919e-01,1.903158639255967954e-01,3.665485218086589891e-01,2.194719524870646782e-02,4.292570637572372116e-01,-1.839627354897878375e-01,-1.422027745162861567e-01,6.040423527083943478e-02,5.219141335427419648e-01,3.837964488951212672e-01,4.104436830728365737e-01,7.459734205462259515e-01,2.400782111943660924e-01,4.778491796115005297e-01,1.000000000000000000e+00,4.860370119731825533e-01,2.579501605384120211e-01,7.791254601813754066e-01,6.225103825708907523e-01,1.431545667967676627e-01,4.950581668533728386e-01,2.490167645904831084e-01,4.932981017515767341e-01,7.432570472369670611e-02,5.667712349885692946e-01,4.388769487987618789e-01,5.090697279931452046e-01,3.965293491278654714e-01,3.348766000850197933e-01,4.179081959795432621e-01,8.584087416974496565e-02,8.201093402434604662e-02,4.561228162618067850e-01,6.681284901126208764e-01,1.510531810972416400e-01,5.462343078004194830e-01,-5.838079869788215248e-02,5.962625451314160774e-01,4.791391818777211986e-01
7.794412060530836461e-01,7.734509799265631980e-01,6.741409269787361769e-01,-6.156762615822054113e-02,7.635844212012733445e-01,-3.597856597148185731e-01,4.613743001449249759e-02,-3.560415744635160862e-01,8.422267795288324033e-01,8.318417339564391222e-01,5.848565748049532331e-01,5.309629156954791540e-01,4.328854416417046158e-01,6.778841674219632241e-01,4.860370119731825533e-01,1.000000000000000000e+00,2.850671361606599286e-01,4.626200107437500875e-01,6.639892946014364083e-01,2.448237129405841928e-01,6.427616812291974124e-01,4.718198366537686428e-01,7.589649216942619958e-01,2.216633313773252179e-01,7.914894640650114166e-01,5.562423704884862374e-01,6.056088798306914489e-01,6.148131809486705457e-01,4.106740004944154365e-01,8.308215155229380366e-01,4.722378419086995516e-01,2.406034304190215189e-01,6.387429899296034330e-01,7.791315298762010455e-01,1.282952695646426000e-01,7.183774757469014727e-01,2.005631353127098337e-01,3.878559364253992836e-01,7.310349613034735627e-01
3.264030720290788112e-01,2.112374365743905080e-01,4.059980639919757439e-01,-1.475844339413147355e-01,3.315343645988164112e-01,7.707323244211307378e-02,1.889273039002595245e-02,-3.729650814417174720e-01,3.135484312437994969e-01,2.984697574860432079e-01,6.079735722162546985e-01,2.940415230927524437e-01,9.376329411285728999e-02,3.045791252615001055e-01,2.579501605384120211e-01,2.850671361606599286e-01,1.000000000000000000e+00,2.971268787129964228e-01,3.132496267421461256e-01,-1.185509386041283808e-01,1.357429056564230241e-01,1.220612491736560584e-01,4.312256688806623273e-01,3.094705811381865956e-01,3.984309509447672704e-01,3.889611123508612822e-01,3.628261327217058296e-01,3.004791815819371492e-01,2.652920790391384842e-01,2.554680654129029560e-01,3.744416430853962918e-01,1.762808471045187730e-01,3.628302330353782024e-01,2.452064335893482383e-01,-1.178265949892871693e-02,3.577352375296821152e-01,1.450838962736195614e-01,3.574629494199181301e-01,2.271830770713914316e-01
2.885446880354279875e-01,2.027983245132395362e-01,4.450461105365658421e-01,1.134957588799418160e-01,4.788915832379356807e-01,-8.939413980556902561e-02,-8.567425042382831313e-02,3.327302241716247055e-02,4.810936111391371228e-01,4.063016586249807438e-01,4.689145669117686932e-01,7.371831458413852234e-01,2.964597038945070429e-01,4.916773281783530791e-01,7.791254601813754066e-01,4.626200107437500875e-01,2.971268787129964228e-01,1.000000000000000000e+00,6.192671545131956945e-01,1.142080674098821941e-01,4.855265983744546654e-01,3.005180061897313459e-01,5.195103403152407928e-01,1.202281655474576189e-01,5.535059832749035236e-01,4.118731942633970244e-01,5.820375659261446399e-01,4.310372262577354396e-01,3.494071260488610386e-01,3.779514556808937220e-01,1.624937258015334840e-01,2.634222686025810556e-01,4.168858145885481759e-01,5.579400996256188572e-01,2.087048713567216107e-01,5.342954031768992751e-01,9.020281489754491955e-02,5.001480338896453492e-01,4.478067461217359879e-01
4.821270462468958962e-01,4.499861543861367053e-01,6.963567828514659608e-01,-2.013336954293357406e-01,6.542737336188481079e-01,-2.966112999680620144e-01,-1.456293552611069575e-01,-3.390275482703624110e-01,7.564759526019066982e-01,6.655384942164179751e-01,4.959830689370687273e-01,6.044568999130641718e-01,1.875830357363538481e-01,6.570569336903029356e-01,6.225103825708907523e-01,6.639892946014364083e-01,3.132496267421461256e-01,6.192671545131956945e-01,1.000000000000000000e+00,-6.759032558427974235e-02,5.741064707483687357e-01,3.971670127937106942e-01,7.087749038882729113e-01,2.648639933804495250e-01,6.998867382792882674e-01,5.716610787169166263e-01,5.799444949616128220e-01,6.237031298120084832e-01,2.448817939236410668e-01,6.293814248883219387e-01,5.090702097201657006e-01,1.300322627869082981e-01,6.953272751961433462e-01,7.051672287847908782e-01,1.948270180193345247e-01,6.556314269703165110e-01,5.346015197013744696e-02,5.486499666483886095e-01,6.317837056383428518e-01
1.290382231435693028e-01,1.987180367424542515e-01,-1.233277609477706621e-01,4.199061561979735568e-01,3.206962123831765682e-02,-2.214102316569438178e-01,3.663956193707156306e-01,2.662041589925160379e-01,6.750852906040870349e-02,1.607376512911557753e-01,6.472191884236605519e-02,1.833164104068760181e-01,3.970092205773856353e-01,-6.704699887246658163e-02,1.431545667967676627e-01,2.448237129405841928e-01,-1.185509386041283808e-01,1.142080674098821941e-01,-6.759032558427974235e-02,1.000000000000000000e+00,2.057652355292327595e-01,-5.005706884647053573e-02,-4.055723233606964989e-02,-1.531572876790137649e-01,2.462990134075823401e-01,-9.152566257366991087e-02,1.269068701181842451e-01,1.150996907608274437e-02,5.019376125207153372e-02,1.422978623151702482e-01,-2.322677981554981119e-01,-6.340155862112534235e-02,-7.689857160716423445e-02,2.870863641461859905e-01,-3.084262789183904729e-01,1.329834491685068232e-01,-1.140760470526530762e-01,-8.186666147658004655e-02,2.262676606798770251e-01
5.725045766171645845e-01,4.830366416474488611e-01,5.333867298156809156e-01,-1.278734665531370551e-01,5.944305339705059366e-01,-1.369992162378816380e-01,-1.354272640052968102e-01,-2.098440257890841487e-01,6.957616250312332884e-01,5.812347512149232953e-01,3.836182817048763849e-01,4.604087967609688525e-01,2.075271998770816528e-01,6.213703440067318562e-01,4.950581668533728386e-01,6.427616812291974124e-01,1.357429056564230241e-01,4.855265983744546654e-01,5.741064707483687357e-01,2.057652355292327595e-01,1.000000000000000000e+00,2.624669162961617563e-01,6.157904892475383196e-01,3.185619039607990866e-01,6.569011301695165672e-01,5.622578947980239050e-01,4.595532549517691301e-01,6.451322647261987786e-01,4.495419045874246011e-01,6.218962276671754497e-01,2.627150208640330886e-01,1.481801601916721278e-01,6.853220645546929113e-01,6.566371919091492648e-01,3.182148394232731659e-01,6.775538221604432421e-01,1.855226553228239983e-01,4.699550240951423929e-01,5.131599829000927926e-01
3.988307874337829184e-01,4.862604190512613833e-01,5.368455099946225495e-01,-3.508041648102539628e-02,4.581843768258258009e-01,-2.786957785594259551e-01,4.191045613852403123e-02,-2.180371660367858844e-01,4.105439503202660823e-01,4.672302791573743064e-01,4.041372541636385485e-01,2.815660320715851483e-01,2.149537596901875403e-01,3.746547362330705511e-01,2.490167645904831084e-01,4.718198366537686428e-01,1.220612491736560584e-01,3.005180061897313459e-01,3.971670127937106942e-01,-5.005706884647053573e-02,2.624669162961617563e-01,1.000000000000000000e+00,4.706549782763453926e-01,1.057115046742845010e-01,4.195748691270663744e-01,3.148922200146779260e-01,6.007095927846690664e-01,3.206665487021057026e-01,1.914653185418865311e-01,4.363365970715805675e-01,4.757008754635103642e-01,4.043479786383897823e-01,3.451743607012761061e-01,4.201406646090055652e-01,1.822701914981471050e-01,4.466749696773840150e-01,2.075273062174816663e-01,8.544039306336344286e-02,4.118119218076403132e-01
6.655336684583950113e-01,6.162451890199271975e-01,7.306178094751857310e-01,-2.896623956926954735e-01,7.048453122342589472e-01,-1.436597824533053513e-01,-1.843679245225300356e-01,-4.168961047479586290e-01,7.605951690255720044e-01,7.282155298489939588e-01,6.206111385273885839e-01,5.416999673854386854e-01,2.612120085083706189e-01,7.124221115629744139e-01,4.932981017515767341e-01,7.589649216942619958e-01,4.312256688806623273e-01,5.195103403152407928e-01,7.087749038882729113e-01,-4.055723233606964989e-02,6.157904892475383196e-01,4.706549782763453926e-01,1.000000000000000000e+00,3.643386003237747972e-01,7.558573304148011873e-01,5.836038112998397365e-01,6.527708790092789926e-01,6.194205110963125760e-01,3.884135745435296494e-01,7.188309448297196536e-01,5.312282271370682984e-01,3.153904467943836054e-01,7.337822932010187316e-01,6.552580059639642185e-01,2.973000122876325313e-01,7.187767261120400208e-01,2.448733955888487135e-01,4.962576820960677426e-01,6.571051180278516535e-01
2.803093716635066124e-01,2.018145310509681933e-01,3.523423500627932414e-01,-3.244000983655195292e-01,2.179826645624808323e-01,1.270707429818350442e-01,-1.937495557452095785e-01,-2.898017972195431891e-01,3.325829424149379654e-01,3.061916479319676809e-01,2.767359070822692502e-01,6.459414638432382783e-02,-5.221937762403585509e-02,5.310115154191286102e-01,7.432570472369670611e-02,2.216633313773252179e-01,3.094705811381865956e-01,1.202281655474576189e-01,2.648639933804495250e-01,-1.531572876790137649e-01,3.185619039607990866e-01,1.057115046742845010e-01,3.643386003237747972e-01,1.000000000000000000e+00,2.950804799270299039e-01,3.495467552828711022e-01,1.280303755740939686e-01,4.428903445022194241e-01,3.225861228577022732e-01,2.178522520233120707e-01,3.088867770040036875e-01,1.139931493068420953e-01,5.353147027560858362e-01,1.741114802783019777e-01,3.950947779991065278e-01,3.135290204301978689e-01,2.807721905359364389e-01,2.037143613599017022e-01,1.608359851187264877e-01
6.747382814187192768e-01,6.686626549155895161e-01,6.571253338470951499e-01,-9.280043140731054907e-02,6.896856131961376368e-01,-2.514864710135661929e-01,-4.125315527606986110e-02,-3.522301674812224337e-01,7.862322481409691477e-01,7.658455185589275738e-01,6.014290331386995536e-01,6.126182959132225880e-01,3.546944949664157520e-01,6.385257324717323879e-01,5.667712349885692946e-01,7.914894640650114166e-01,3.984309509447672704e-01,5.535059832749035236e-01,6.998867382792882674e-01,2.462990134075823401e-01,6.569011301695165672e-01,4.195748691270663744e-01,7.558573304148011873e-01,2.950804799270299039e-01,1.000000000000000000e+00,5.553454765430188012e-01,6.734438425002315931e-01,6.977910631052506307e-01,3.851332035030159417e-01,7.133461111718666370e-01,4.817561085317279557e-01,2.106142224944432262e-01,6.744075385893022467e-01,7.968657750966612330e-01,5.903393795656936699e-02,7.154308978159588106e-01,1.729534403856629876e-01,4.471281975807470110e-01,7.386629304450393896e-01
6.630087533365910391e-01,4.152467655356736342e-01,5.982245330596764887e-01,-2.389613444004037024e-01,5.599138345469902855e-01,5.795953826182953517e-02,-5.858872035971996600e-02,-3.226441038917121640e-01,6.544236778751809647e-01,5.736448719426098242e-01,4.162443952261810631e-01,2.229729261687697917e-01,7.333633226707890473e-02,5.461867835120339798e-01,4.388769487987618789e-01,5.562423704884862374e-01,3.889611123508612822e-01,4.118731942633970244e-01,5.716610787169166263e-01,-9.152566257366991087e-02,5.622578947980239050e-01,3.148922200146779260e-01,5.836038112998397365e-01,3.495467552828711022e-01,5.553454765430188012e-01,1.000000000000000000e+00,3.877419374974849231e-01,5.645803827586295398e-01,6.558252449838728459e-01,6.380405844300659490e-01,3.329611145160658592e-01,9.103057436959703652e-02,6.534118884587944986e-01,4.883118191208784542e-01,4.602513992798742404e-01,5.490992029218810799e-01,2.909265446695082913e-01,6.195612949615497689e-01,3.195518551361411497e-01
4.721098219910244698e-01,5.566205434519215789e-01,5.897262077646828748e-01,-6.657039373418846204e-03,6.118762325129751822e-01,-1.173218018301109972e-01,-3.383488532611015481e-02,-1.541045429072225859e-01,5.439764896817773643e-01,6.218560443759745260e-01,6.620166048921571900e-01,6.661153336910274891e-01,4.202804282263395974e-01,4.943144791777248082e-01,5.090697279931452046e-01,6.056088798306914489e-01,3.628261327217058296e-01,5.820375659261446399e-01,5.799444949616128220e-01,1.269068701181842451e-01,4.595532549517691301e-01,6.007095927846690664e-01,6.527708790092789926e-01,1.280303755740939686e-01,6.734438425002315931e-01,3.877419374974849231e-01,1.000000000000000000e+00,4.543411299644780632e-01,2.687269841599340126e-01,4.717874984962112106e-01,4.775946266501392978e-01,4.836495232821717560e-01,4.676659227092134219e-01,6.303441113362813208e-01,4.746577520540219003e-02,6.081735825978741294e-01,2.539072895791243956e-01,2.934979351869351216e-01,6.938845817962031592e-01
5.627787242843484972e-01,5.713822889276580774e-01,6.275159302173202169e-01,-2.423611830996975636e-01,6.748958487601902645e-01,-1.046699629612436455e-01,-1.529433051980314817e-01,-3.167067497976405743e-01,7.001921609072669916e-01,6.401383811203720242e-01,5.110268669379208761e-01,3.694977974115088437e-01,2.458368277314858519e-01,6.206753686843902162e-01,3.965293491278654714e-01,6.148131809486705457e-01,3.004791815819371492e-01,4.310372262577354396e-01,6.237031298120084832e-01,1.150996907608274437e-02,6.451322647261987786e-01,3.206665487021057026e-01,6.194205110963125760e-01,4.428903445022194241e-01,6.977910631052506307e-01,5.645803827586295398e-01,4.543411299644780632e-01,1.000000000000000000e+00,4.597911651552481493e-01,5.672647570468225542e-01,5.606192498803297397e-01,3.083487068392181674e-01,7.114346419130376242e-01,6.051680236713156136e-01,2.606083429485113179e-01,5.884960487546003760e-01,3.873938241943051808e-01,3.481940403022912855e-01,4.920058063720019192e-01
6.024825321276707779e-01,3.763515521510314987e-01,3.185151787040645943e-01,1.628694280322193818e-03,4.580661109142377674e-01,2.546960558895682292e-01,-6.884837087536474498e-02,-8.540559389145571320e-03,4.417032776561983232e-01,3.814211880884944561e-01,4.393844192089070289e-01,1.223694116795012304e-01,1.613726141472405229e-01,4.621341089645672473e-01,3.348766000850197933e-01,4.106740004944154365e-01,2.652920790391384842e-01,3.494071260488610386e-01,2.448817939236410668e-01,5.019376125207153372e-02,4.495419045874246011e-01,1.914653185418865311e-01,3.884135745435296494e-01,3.225861228577022732e-01,3.851332035030159417e-01,6.558252449838728459e-01,2.687269841599340126e-01,4.597911651552481493e-01,1.000000000000000000e+00,5.107604552243976137e-01,1.077696339425244648e-01,3.661056678719520896e-01,4.293085506714175992e-01,2.990578310411781127e-01,4.504967951977023599e-01,3.116471361045344834e-01,4.741230880248490931e-01,2.972120395754583311e-01,1.431008907277007136e-01
8.085467484294495133e-01,7.034352710133179309e-01,6.500810387386125599e-01,-6.763979598857589037e-02,7.014009648218404447e-01,-2.993945941363454488e-01,5.696368975393483608e-02,-3.671364534249327849e-01,8.183031707912242769e-01,7.544158223737204017e-01,5.305051798184395873e-01,3.691529884881443735e-01,2.903304123152541383e-01,6.541018889396265079e-01,4.179081959795432621e-01,8.308215155229380366e-01,2.554680654129029560e-01,3.779514556808937220e-01,6.293814248883219387e-01,1.422978623151702482e-01,6.218962276671754497e-01,4.363365970715805675e-01,7.188309448297196536e-01,2.178522520233120707e-01,7.133461111718666370e-01,6.380405844300659490e-01,4.717874984962112106e-01,5.672647570468225542e-01,5.107604552243976137e-01,1.000000000000000000e+00,4.018056606722102408e-01,1.759230214428251227e-01,6.485773013100015749e-01,6.904998863211264659e-01,2.035609911752417067e-01,6.472881259733350712e-01,1.778431589940900615e-01,3.906995845056008276e-01,5.810261886708435464e-01
4.226903900542466341e-01,5.553533665561560806e-01,6.475919494525524955e-01,-3.397758157886762165e-01,5.605793757314819770e-01,-9.645895762212393365e-02,-1.581688505746685625e-01,-4.904085404152636607e-01,5.257896816547694696e-01,5.684964464532443751e-01,4.374547033010284247e-01,2.155713665653230526e-01,4.690214792637817376e-02,4.190639541281280800e-01,8.584087416974496565e-02,4.722378419086995516e-01,3.744416430853962918e-01,1.624937258015334840e-01,5.090702097201657006e-01,-2.322677981554981119e-01,2.627150208640330886e-01,4.757008754635103642e-01,5.312282271370682984e-01,3.088867770040036875e-01,4.817561085317279557e-01,3.329611145160658592e-01,4.775946266501392978e-01,5.606192498803297397e-01,1.077696339425244648e-01,4.018056606722102408e-01,1.000000000000000000e+00,3.688847363501923660e-01,4.499103250099857898e-01,3.578727967037635960e-01,6.746490156577834851e-02,3.598823129571350199e-01,3.545390772990953399e-01,1.088092180427019384e-01,4.117209152354641133e-01
2.640912474606455507e-01,4.250994066550218831e-01,2.769762651094798689e-01,4.951418592024640908e-02,4.076546312760817581e-01,1.933742887741752847e-01,-9.234708033944984129e-02,8.787254915677937539e-02,1.889740124564485146e-01,3.020812517744074777e-01,4.775741890775412890e-01,2.342469286934589223e-01,3.597937725200548997e-01,2.684828296408212078e-01,8.201093402434604662e-02,2.406034304190215189e-01,1.762808471045187730e-01,2.634222686025810556e-01,1.300322627869082981e-01,-6.340155862112534235e-02,1.481801601916721278e-01,4.043479786383897823e-01,3.153904467943836054e-01,1.139931493068420953e-01,2.106142224944432262e-01,9.103057436959703652e-02,4.836495232821717560e-01,3.083487068392181674e-01,3.661056678719520896e-01,1.759230214428251227e-01,3.688847363501923660e-01,1.000000000000000000e+00,1.209633869672800816e-01,1.015755191522705325e-01,1.653371832704615130e-01,1.266776324645558505e-01,6.606138576427975639e-01,-2.137017259521450663e-01,2.021356632409927745e-01
5.696305073379526185e-01,4.617205916697186274e-01,6.958001740388382039e-01,-3.955248491887098927e-01,6.133478486902756988e-01,-1.202206554918656412e-01,-2.045160376444183914e-01,-4.310390354419831871e-01,7.335608722051455421e-01,6.134099884977303185e-01,4.957527538602922168e-01,3.985799491705981912e-01,9.266124980920865950e-02,7.451893281081960474e-01,4.561228162618067850e-01,6.387429899296034330e-01,3.628302330353782024e-01,4.168858145885481759e-01,6.953272751961433462e-01,-7.689857160716423445e-02,6.853220645546929113e-01,3.451743607012761061e-01,7.337822932010187316e-01,5.353147027560858362e-01,6.744075385893022467e-01,6.534118884587944986e-01,4.676659227092134219e-01,7.114346419130376242e-01,4.293085506714175992e-01,6.485773013100015749e-01,4.499103250099857898e-01,1.209633869672800816e-01,1.000000000000000000e+00,6.306090663969818877e-01,4.466627786767228825e-01,7.042223899224285821e-01,1.702587488214824529e-01,5.629040412615718969e-01,5.298892942250038596e-01
5.912667381906163699e-01,6.025401530828604635e-01,5.892016510894413361e-01,1.074899854311627337e-03,6.765242034550761341e-01,-4.260860616658900257e-01,3.920932436433581525e-02,-2.379289719482579335e-01,7.869795890938570126e-01,7.143054976224658681e-01,5.333627786141333926e-01,6.793754574565809001e-01,4.178541586398353824e-01,6.072208063938751010e-01,6.681284901126208764e-01,7.791315298762010455e-01,2.452064335893482383e-01,5.579400996256188572e-01,7.051672287847908782e-01,2.870863641461859905e-01,6.566371919091492648e-01,4.201406646090055652e-01,6.552580059639642185e-01,1.741114802783019777e-01,7.968657750966612330e-01,4.883118191208784542e-01,6.303441113362813208e-01,6.051680236713156136e-01,2.990578310411781127e-01,6.904998863211264659e-01,3.578727967037635960e-01,1.015755191522705325e-01,6.306090663969818877e-01,1.000000000000000000e+00,2.331256660675732478e-02,7.085446732422945315e-01,2.643551127955133875e-02,4.713490622752172232e-01,7.680800877449524000e-01
1.934882156489781679e-01,2.735460501631429425e-02,2.958638617265491044e-01,-3.242122158004790977e-01,2.167507421388887301e-01,2.829191992787032373e-01,-2.740871265703815340e-01,-6.410872884803035798e-02,2.167605090942817669e-01,1.167096737963956299e-01,2.201852583576134809e-04,-4.541083644071405856e-02,-1.816388223542270974e-01,4.338159389737515914e-01,1.510531810972416400e-01,1.282952695646426000e-01,-1.178265949892871693e-02,2.087048713567216107e-01,1.948270180193345247e-01,-3.084262789183904729e-01,3.182148394232731659e-01,1.822701914981471050e-01,2.973000122876325313e-01,3.950947779991065278e-01,5.903393795656936699e-02,4.602513992798742404e-01,4.746577520540219003e-02,2.606083429485113179e-01,4.504967951977023599e-01,2.035609911752417067e-01,6.746490156577834851e-02,1.653371832704615130e-01,4.466627786767228825e-01,2.331256660675732478e-02,1.000000000000000000e+00,2.485020420064995017e-01,3.454728556025043473e-01,3.444944971438683168e-01,-4.517700982269791388e-02
5.754470409998234670e-01,5.113933702418045346e-01,6.396090462033949819e-01,-1.131451955419512378e-01,6.161909016527565841e-01,-2.795464173711828537e-01,2.937966487462203083e-02,-3.281222622373933806e-01,6.922693581850229982e-01,6.563426462218764357e-01,5.199326750379393847e-01,5.767267103141238138e-01,3.031612117075624946e-01,6.590170572350838585e-01,5.462343078004194830e-01,7.183774757469014727e-01,3.577352375296821152e-01,5.342954031768992751e-01,6.556314269703165110e-01,1.329834491685068232e-01,6.775538221604432421e-01,4.466749696773840150e-01,7.187767261120400208e-01,3.135290204301978689e-01,7.154308978159588106e-01,5.490992029218810799e-01,6.081735825978741294e-01,5.884960487546003760e-01,3.116471361045344834e-01,6.472881259733350712e-01,3.598823129571350199e-01,1.266776324645558505e-01,7.042223899224285821e-01,7.085446732422945315e-01,2.485020420064995017e-01,1.000000000000000000e+00,1.367023631744185841e-01,5.713201186899520279e-01,6.422952050362460419e-01
3.152901800236027618e-01,3.920481240463548622e-01,3.086528570725499687e-01,-7.510906790549259915e-02,3.574519289182756521e-01,3.748598576707951047e-01,-7.000715776998656104e-02,8.167582209940535062e-03,2.165078029929783932e-01,3.663491608125581389e-01,2.785788814856121620e-01,1.765312448389633800e-03,2.615726506595479339e-01,2.374486783054471917e-01,-5.838079869788215248e-02,2.005631353127098337e-01,1.450838962736195614e-01,9.020281489754491955e-02,5.346015197013744696e-02,-1.140760470526530762e-01,1.855226553228239983e-01,2.075273062174816663e-01,2.448733955888487135e-01,2.807721905359364389e-01,1.729534403856629876e-01,2.909265446695082913e-01,2.539072895791243956e-01,3.873938241943051808e-01,4.741230880248490931e-01,1.778431589940900615e-01,3.545390772990953399e-01,6.606138576427975639e-01,1.702587488214824529e-01,2.643551127955133875e-02,3.454728556025043473e-01,1.367023631744185841e-01,1.000000000000000000e+00,-2.623813207606312536e-02,1.143106089327211444e-01
2.809881677892945295e-01,5.383998900841893698e-02,4.667197929420962565e-01,-2.055061910755316412e-01,3.420052077785673550e-01,-4.423030276654687371e-02,-6.122677501289792296e-02,-2.530941006743891442e-01,4.788789447498845164e-01,3.648204713282379164e-01,2.580029949115782983e-01,4.521538555855206254e-01,5.668797762407024737e-02,4.170359238372090549e-01,5.962625451314160774e-01,3.878559364253992836e-01,3.574629494199181301e-01,5.001480338896453492e-01,5.486499666483886095e-01,-8.186666147658004655e-02,4.699550240951423929e-01,8.544039306336344286e-02,4.962576820960677426e-01,2.037143613599017022e-01,4.471281975807470110e-01,6.195612949615497689e-01,2.934979351869351216e-01,3.481940403022912855e-01,2.972120395754583311e-01,3.906995845056008276e-01,1.088092180427019384e-01,-2.137017259521450663e-01,5.629040412615718969e-01,4.713490622752172232e-01,3.444944971438683168e-01,5.713201186899520279e-01,-2.623813207606312536e-02,1.000000000000000000e+00,3.917739648350705983e-01
5.186120998277613525e-01,6.320520205517179413e-01,5.622336842002506607e-01,1.093031733987577178e-02,6.230448807717847703e-01,-3.845828890079644458e-01,6.648215324094601530e-02,-2.706556364812224835e-01,6.899491843864683505e-01,7.299324790479505554e-01,5.511563757212073478e-01,6.891215211977685939e-01,5.223644735856198817e-01,5.553365578752156306e-01,4.791391818777211986e-01,7.310349613034735627e-01,2.271830770713914316e-01,4.478067461217359879e-01,6.317837056383428518e-01,2.262676606798770251e-01,5.131599829000927926e-01,4.118119218076403132e-01,6.571051180278516535e-01,1.608359851187264877e-01,7.386629304450393896e-01,3.195518551361411497e-01,6.938845817962031592e-01,4.920058063720019192e-01,1.431008907277007136e-01,5.810261886708435464e-01,4.117209152354641133e-01,2.021356632409927745e-01,5.298892942250038596e-01,7.680800877449524000e-01,-4.517700982269791388e-02,6.422952050362460419e-01,1.143106089327211444e-01,3.917739648350705983e-01,1.000000000000000000e+00
