1.000000000000000000e+00,6.853180775756049226e-01,4.063662229439464202e-01,-2.549693048758265666e-03,3.359485691416511655e-01,3.850625737179191321e-01,3.050746777425715831e-02,-3.872960783225497527e-01,3.910157085454361026e-01,5.896595894246186020e-01,5.253698261176018569e-01,1.593299573328042229e-01,-4.452861762276477120e-01,6.857184453741121954e-01,3.250614118304050448e-01,7.129264921801352628e-01,2.744618415696374880e-01,2.680737076464526428e-02,1.914378054491438705e-02,4.812191645901301995e-01,4.432355406083778315e-01,6.026488083852804545e-01,6.120591194612610142e-01,5.377410914559703770e-01,6.178823486432998280e-01,6.823561674784327513e-01,6.854593010775085205e-01,5.789891317374687985e-01,6.875935196728228949e-01,5.317356969788209486e-01,4.833843688102300029e-01,4.258716103557205757e-01,6.410491992595829247e-01,3.618872132864718871e-01,6.769729191298726745e-01,4.523362297240650642e-01,5.237480144904884671e-01,6.060918802416437323e-01,4.921836121848873202e-01
6.853180775756049226e-01,1.000000000000000000e+00,3.894323183872658301e-01,1.354490931304902501e-01,3.559433704025855016e-01,2.805460594960878518e-01,1.956642874139685184e-01,-3.546501289271148383e-01,2.309591072111857324e-01,6.526028142870714532e-01,5.189118266321526285e-01,-2.573870965914881737e-02,-1.975992532373544719e-01,6.625572427276916754e-01,1.290207863335420535e-01,7.831046039046729579e-01,2.953133239046075165e-01,1.377702878333530723e-01,-9.548028889930018637e-02,4.496888324552110738e-01,2.300326462543177963e-01,3.960930149326458705e-01,5.630247903822053201e-01,5.963470703303956899e-01,5.605132457040113980e-01,5.255493118575581546e-01,4.733999086995351879e-01,3.877736568447955889e-01,6.040804777404633619e-01,7.306824239827094392e-01,3.191830574152811906e-01,5.919326152199729796e-01,4.825410953981650319e-01,2.498679113198814250e-01,5.681678664197287176e-01,6.675977887026504076e-01,6.574460614514456847e-01,3.401779534501203628e-01,4.093322864197230238e-01
4.063662229439464202e-01,3.894323183872658301e-01,1.000000000000000000e+00,2.549258881887892514e-01,8.182378587724599139e-01,2.064422538175397226e-01,2.455101190408484346e-01,-9.333754910333216248e-01,5.508021848413416910e-01,5.830903496659278762e-01,3.854412321199189861e-01,2.445811554734740323e-01,-4.261513679605205551e-01,5.783125570688040229e-01,1.740525867033097251e-01,5.991888506575724360e-01,-2.483100249823482625e-02,4.667756336712832188e-01,4.913327858567678730e-01,9.505296510088551143e-02,3.076338675654562427e-01,3.245610416623294081e-01,5.536598031211720228e-01,3.977768709906639999e-01,4.482854884477925905e-01,6.081498057979319860e-01,3.660880267174043134e-01,6.047042687409143191e-01,3.872817678326172519e-01,5.239225592607108517e-01,5.019486525054238646e-01,3.506727434749704053e-01,5.121920590312867283e-01,5.705641058036912128e-01,3.645314352727568874e-01,2.152991699017535732e-01,3.206671206470805835e-01,2.729137587589559044e-01,4.421344783488880825e-01
-2.549693048758265666e-03,1.354490931304902501e-01,2.549258881887892514e-01,1.000000000000000000e+00,3.937537458602163309e-01,-1.184573473332319465e-01,6.813395255344166790e-01,-2.536281763068859441e-01,1.830114888155718877e-01,1.801795855435702753e-01,6.030044644787783958e-02,2.510911929386591690e-01,1.109290504336874761e-01,1.054179388008818913e-01,1.738846307118324386e-01,2.134011138830137211e-01,6.339625992546986388e-02,5.197484211701470791e-01,2.787944752917019264e-01,1.873152194226485878e-01,-2.424343888841018202e-01,-1.774904284683644085e-01,3.438525750143415355e-02,-7.844417430540631675e-02,2.095845701133537686e-02,2.787136318037710531e-02,-7.556926520654456969e-02,2.183864979749286506e-01,2.713527145086065337e-02,1.908727250043230350e-01,-1.104825739944951951e-01,3.533536713639977983e-02,-6.262426074122258435e-02,2.983020408811449808e-01,-2.764123085429933541e-02,1.056058897636450999e-01,-1.345972058943560035e-01,3.355946289858695586e-01,1.604442631722983181e-01
3.359485691416511655e-01,3.559433704025855016e-01,8.182378587724599139e-01,3.937537458602163309e-01,1.000000000000000000e+00,5.353658071333886742e-02,3.411916327194642329e-01,-8.320158010125831005e-01,5.664826670834169908e-01,4.260029793124236464e-01,2.569573614832701969e-01,3.143315227191921801e-01,-3.775557737992394358e-01,4.878154035883167094e-01,2.760728290679132502e-01,5.193768046671479732e-01,3.128765002354179370e-02,6.028614596437582573e-01,5.007968790047441221e-01,4.029155691940467660e-02,2.983226562223402212e-01,3.029198242773855632e-01,3.929991039735206693e-01,2.240134502492934498e-01,3.280693525890497897e-01,4.406752020292082350e-01,3.066624711867336761e-01,5.075783337767829639e-01,2.528857512931063090e-01,4.517224732413132049e-01,2.999246358707878257e-01,2.921157335330060723e-01,3.308173933844379966e-01,7.455932520817828424e-01,1.987189948307140352e-01,1.337866544382078915e-01,2.020063065142267689e-01,3.138886795582485623e-01,3.810695463074867395e-01
3.850625737179191321e-01,2.805460594960878518e-01,2.064422538175397226e-01,-1.184573473332319465e-01,5.353658071333886742e-02,1.000000000000000000e+00,1.192046086773601854e-01,-1.348707291075416370e-01,-8.426911979124881991e-02,4.244806288430483243e-01,8.041057131791052859e-01,-1.909486178777013987e-01,3.816726209507924350e-02,6.306723110082307349e-01,9.318222149172651625e-02,2.795961000707020694e-01,-7.680953140026695880e-02,-8.284625807878304160e-02,3.837312975456675518e-02,5.014269406178832877e-01,1.687180673400359432e-01,3.154673495017310675e-02,5.441550858975386928e-01,6.043766903537535207e-01,6.546457320807977931e-01,6.132303333537795220e-01,4.329477166543250766e-01,2.871126082974611027e-01,7.737045572278317129e-01,2.510468261189281458e-01,4.197802591093501290e-01,5.370713361710163225e-01,6.729596340561770917e-01,-1.418113480845495100e-01,7.684611507463322555e-01,2.270144410701794013e-01,6.653610153112129444e-01,2.659143501793655440e-01,4.737251100835834089e-02
3.050746777425715831e-02,1.956642874139685184e-01,2.455101190408484346e-01,6.813395255344166790e-01,3.411916327194642329e-01,1.192046086773601854e-01,1.000000000000000000e+00,-2.333376609177803540e-01,-1.784106545789907123e-03,3.559588164554001177e-01,2.183766283735526781e-01,-6.290139037614796147e-02,2.040305016685284023e-01,2.520140591927177987e-01,9.347631833699630854e-02,2.551311032093350750e-01,6.762592236837181026e-02,3.259483807722859949e-01,1.943916071066671691e-01,2.604705885869327830e-01,-1.467800270800352913e-01,-2.150839991322245348e-01,1.233932818513980706e-01,2.037961959866098627e-01,2.538356073555471104e-01,1.029091220569076787e-01,-1.297099307253767597e-01,3.890012221441168094e-01,1.398826710936600382e-01,3.207647864388903369e-01,-4.019541631365681697e-03,1.181039184274526310e-01,5.802983358065202241e-02,1.474533662151846225e-01,1.112791439990417630e-01,1.887366039261029749e-01,2.447825326277170907e-02,1.660041416695155758e-01,-2.132751385821306592e-02
-3.872960783225497527e-01,-3.546501289271148383e-01,-9.333754910333216248e-01,-2.536281763068859441e-01,-8.320158010125831005e-01,-1.348707291075416370e-01,-2.333376609177803540e-01,1.000000000000000000e+00,-5.812247685130556007e-01,-5.475475635575813849e-01,-3.175955380469686617e-01,-2.789334971414950126e-01,4.673953302649669350e-01,-5.300985668041138243e-01,-1.711840971086727725e-01,-5.804652895426037906e-01,2.380524274684078095e-02,-4.759500652193762726e-01,-5.059109310851139796e-01,-4.382273823976714361e-02,-3.470844648864205295e-01,-3.526891817843421650e-01,-5.063902768409853650e-01,-3.509712193523024104e-01,-4.103627622061359337e-01,-5.692875454640647925e-01,-3.523638032126735764e-01,-6.093071627442825378e-01,-3.191263154951531344e-01,-4.949087562565556708e-01,-4.879647112229128503e-01,-2.903684005609329932e-01,-4.649022485808970706e-01,-6.150798566289805702e-01,-2.949125385898425655e-01,-1.783476064557920071e-01,-2.564024942793641237e-01,-2.667836678245273374e-01,-4.537877548663483140e-01
3.910157085454361026e-01,2.309591072111857324e-01,5.508021848413416910e-01,1.830114888155718877e-01,5.664826670834169908e-01,-8.426911979124881991e-02,-1.784106545789907123e-03,-5.812247685130556007e-01,1.000000000000000000e+00,4.375144136816815910e-01,9.811054439353689149e-02,7.345128593271142980e-01,-5.613796692976144032e-01,3.633492728180557352e-01,4.384747654576141018e-01,5.073869493286493615e-01,1.242715417636249264e-01,3.165579776719064098e-01,5.140046963438028582e-01,7.936538946734746081e-02,4.626481237048090112e-01,4.690126082975336619e-01,4.267987477391085305e-01,2.361587906221965516e-01,3.247856864063923821e-01,5.243678016399533348e-01,4.471838810528603880e-01,4.937646738588051254e-01,1.426983067911584413e-01,4.070344015997164333e-01,5.439871157703785043e-01,1.602608701551977988e-01,3.436526683322133069e-01,7.788990176435008905e-01,6.916123473422962353e-02,2.638528191856827632e-01,5.267957498911210457e-02,5.533344239786984753e-01,7.233649788426277372e-01
5.896595894246186020e-01,6.526028142870714532e-01,5.830903496659278762e-01,1.801795855435702753e-01,4.260029793124236464e-01,4.244806288430483243e-01,3.559588164554001177e-01,-5.475475635575813849e-01,4.375144136816815910e-01,1.000000000000000000e+00,5.997413982734470794e-01,1.289149056527640613e-01,-2.981014453581058987e-01,7.570410075912495929e-01,1.851981755438736887e-01,7.730835467072921796e-01,1.435118064213949385e-01,1.711436081682649601e-01,2.949954002210088411e-01,5.109099345971581663e-01,2.719997400331026216e-01,3.263479430951993776e-01,7.078373530041101036e-01,7.395260612509080289e-01,7.265352249563681308e-01,7.220650440729605712e-01,5.162206809002709562e-01,6.140777911310432158e-01,6.233109121078284076e-01,7.923664366037129758e-01,6.543331234703366750e-01,5.267540153145179316e-01,6.294841748273615201e-01,2.855111805662557956e-01,5.944873799099930078e-01,6.034268039241452719e-01,5.403851773286892923e-01,3.597713954196602448e-01,5.720828087014373509e-01
5.253698261176018569e-01,5.189118266321526285e-01,3.854412321199189861e-01,6.030044644787783958e-02,2.569573614832701969e-01,8.041057131791052859e-01,2.183766283735526781e-01,-3.175955380469686617e-01,9.811054439353689149e-02,5.997413982734470794e-01,1.000000000000000000e+00,-6.231852856871644697e-02,-4.206361247367073480e-02,7.463443024776179602e-01,9.063832413136826971e-02,5.138474400853697555e-01,1.797793427205454098e-01,4.839719388508978426e-02,5.712898104890484774e-02,4.897384367821950302e-01,2.293677755795917594e-01,1.242512651968018939e-01,6.987603248421192514e-01,7.118718908114471944e-01,7.039817362127893663e-01,6.736149144438686731e-01,5.565113149371533341e-01,4.156947498663105534e-01,8.197180069493298360e-01,4.587215687471485337e-01,4.652614976689019022e-01,6.260526549054992174e-01,7.076343715782875687e-01,5.663459439653267119e-02,7.836214457069530237e-01,4.088368459073123962e-01,6.920212748155476490e-01,3.717235341896256706e-01,2.283415741116140152e-01
1.593299573328042229e-01,-2.573870965914881737e-02,2.445811554734740323e-01,2.510911929386591690e-01,3.143315227191921801e-01,-1.909486178777013987e-01,-6.290139037614796147e-02,-2.789334971414950126e-01,7.345128593271142980e-01,1.289149056527640613e-01,-6.231852856871644697e-02,1.000000000000000000e+00,-3.968117370914439057e-01,7.690356409562112971e-02,5.238998538973823615e-01,2.216901017021315201e-01,1.003949300226373020e-01,1.715704341136859989e-01,3.490577294916767936e-01,5.027030060415765833e-02,2.399902658984130743e-01,2.504584750777911761e-01,1.780058046248022274e-01,-6.893880224073159479e-02,9.764987646048420289e-02,2.039508772150176730e-01,3.525143991313222092e-01,2.527322298411104895e-01,-6.064991999809347945e-02,9.146572077424260094e-02,3.441148612894787684e-01,-4.702671232692436781e-02,8.981519045618972796e-02,6.419600814977405312e-01,-1.151646656596995860e-01,2.044099432264323557e-01,-1.914873607858589566e-01,5.142013054357279511e-01,6.790151491476442702e-01
-4.452861762276477120e-01,-1.975992532373544719e-01,-4.261513679605205551e-01,1.109290504336874761e-01,-3.775557737992394358e-01,3.816726209507924350e-02,2.040305016685284023e-01,4.673953302649669350e-01,-5.613796692976144032e-01,-2.981014453581058987e-01,-4.206361247367073480e-02,-3.968117370914439057e-01,1.000000000000000000e+00,-2.197154481201695764e-01,-1.552969367129662381e-01,-3.284754109424795065e-01,-3.068053101226400972e-02,-1.123043251509955875e-01,-3.338983756726797703e-01,-8.539687633933093491e-02,-5.134132013403558403e-01,-6.465255414493973340e-01,-1.770680731429854493e-01,-1.778279452929270310e-01,-2.970080101541570650e-01,-4.320745308332092360e-01,-5.141625626767833968e-01,-4.582570888818612298e-01,-1.422760451059677800e-01,-1.925149176087356251e-01,-5.674495398958407932e-01,1.324453845634704641e-01,-2.386857975893897088e-01,-5.157495647436000086e-01,-1.489898897974156478e-01,-3.634554938208616609e-02,-1.930151877170051961e-02,-3.731477851026912540e-01,-5.316595743456087320e-01
6.857184453741121954e-01,6.625572427276916754e-01,5.783125570688040229e-01,1.054179388008818913e-01,4.878154035883167094e-01,6.306723110082307349e-01,2.520140591927177987e-01,-5.300985668041138243e-01,3.633492728180557352e-01,7.570410075912495929e-01,7.463443024776179602e-01,7.690356409562112971e-02,-2.197154481201695764e-01,1.000000000000000000e+00,2.937358534052724734e-01,7.314013006012488605e-01,9.420427228189851010e-02,2.255424088958047357e-01,2.523870339934908280e-01,5.317070778940283793e-01,3.367301652783376564e-01,3.718312813085726809e-01,7.240217122113291603e-01,7.434772039458904525e-01,7.654928870195819579e-01,8.030232632540993398e-01,5.974007383834535334e-01,6.063551187512763452e-01,8.107037575595296142e-01,6.564538889241020581e-01,5.904632507546531128e-01,6.236315507588371387e-01,8.053645545901179092e-01,3.272662547021451540e-01,7.824803572485612424e-01,4.652990683888250656e-01,7.254061381141505560e-01,4.893753735799626914e-01,4.165627456887560087e-01
3.250614118304050448e-01,1.290207863335420535e-01,1.740525867033097251e-01,1.738846307118324386e-01,2.760728290679132502e-01,9.318222149172651625e-02,9.347631833699630854e-02,-1.711840971086727725e-01,4.384747654576141018e-01,1.851981755438736887e-01,9.063832413136826971e-02,5.238998538973823615e-01,-1.552969367129662381e-01,2.937358534052724734e-01,1.000000000000000000e+00,2.432671160144851685e-01,3.386137711620654245e-02,2.734733346595482062e-01,3.179432223538104507e-01,4.736062398445087251e-01,1.424459676535353991e-01,2.409258033140597999e-01,2.146336186565972748e-01,1.726570948518063586e-02,2.253053749829629637e-01,3.038971786374867201e-01,2.526007319072117174e-01,1.462872423547701695e-01,2.840668409218516932e-01,2.498216028033095615e-01,1.416167354247647170e-01,2.266727508746174680e-01,2.285465758856883300e-01,4.465969794491948530e-01,2.175546611743717496e-01,1.429975343463402715e-01,8.536451177474588259e-02,4.680905347108449965e-01,3.855894521042292911e-01
7.129264921801352628e-01,7.831046039046729579e-01,5.991888506575724360e-01,2.134011138830137211e-01,5.193768046671479732e-01,2.795961000707020694e-01,2.551311032093350750e-01,-5.804652895426037906e-01,5.073869493286493615e-01,7.730835467072921796e-01,5.138474400853697555e-01,2.216901017021315201e-01,-3.284754109424795065e-01,7.314013006012488605e-01,2.432671160144851685e-01,1.000000000000000000e+00,1.685549001809212577e-01,2.022051710750877029e-01,1.633563288640540456e-01,4.205690207139077819e-01,4.037285109290703056e-01,4.493986488605496987e-01,6.761678620151655439e-01,6.121918676457193120e-01,5.842836332352481232e-01,6.516662868540332720e-01,5.082563144530457544e-01,5.805608142795771753e-01,5.698493311878948253e-01,7.504409579601083458e-01,4.919029558385625278e-01,4.839042385553670722e-01,5.648520896947361036e-01,4.433150710424794694e-01,5.241218479393828789e-01,6.286444048426745868e-01,5.460088821385465918e-01,4.468422073175628562e-01,5.734740554246389177e-01
2.744618415696374880e-01,2.953133239046075165e-01,-2.483100249823482625e-02,6.339625992546986388e-02,3.128765002354179370e-02,-7.680953140026695880e-02,6.762592236837181026e-02,2.380524274684078095e-02,1.242715417636249264e-01,1.435118064213949385e-01,1.797793427205454098e-01,1.003949300226373020e-01,-3.068053101226400972e-02,9.420427228189851010e-02,3.386137711620654245e-02,1.685549001809212577e-01,1.000000000000000000e+00,-1.268344070701372776e-02,-1.369113219222196642e-01,1.730203738516673112e-02,1.649596831845683842e-01,1.469241495364751737e-01,1.440425098635925993e-01,1.753244669921730226e-01,1.075605931827847556e-01,3.529921296795705127e-02,2.605236517410511321e-01,5.196960718218592012e-02,7.699207337873073542e-02,1.809017832266656967e-01,4.290089321190446170e-03,2.223902388538999131e-01,-9.859612756831774572e-03,1.366589382948963094e-01,4.871079435436240918e-02,3.339287136224589059e-01,9.269190811606160818e-02,2.702822753595908178e-01,1.069083808452871293e-01
2.680737076464526428e-02,1.377702878333530723e-01,4.667756336712832188e-01,5.197484211701470791e-01,6.028614596437582573e-01,-8.284625807878304160e-02,3.259483807722859949e-01,-4.759500652193762726e-01,3.165579776719064098e-01,1.711436081682649601e-01,4.839719388508978426e-02,1.715704341136859989e-01,-1.123043251509955875e-01,2.255424088958047357e-01,2.734733346595482062e-01,2.022051710750877029e-01,-1.268344070701372776e-02,1.000000000000000000e+00,6.873519355417219145e-01,9.894291288497694681e-02,-1.158464725351249398e-02,1.312008595361850438e-01,4.004281637827004914e-02,-4.540722099727770300e-02,1.981073795410781546e-02,2.141726320238709624e-01,-1.033665167357537135e-02,1.168042045270345219e-01,1.221270713196846019e-01,2.914454282567395804e-01,-6.561434801940843609e-02,1.660072709688018566e-01,7.124016175343678148e-02,4.232747142375400395e-01,6.475220036418230518e-02,-1.337507928998294959e-01,3.693675758516923313e-02,2.328433596904202207e-01,6.839011652920273798e-02
1.914378054491438705e-02,-9.548028889930018637e-02,4.913327858567678730e-01,2.787944752917019264e-01,5.007968790047441221e-01,3.837312975456675518e-02,1.943916071066671691e-01,-5.059109310851139796e-01,5.140046963438028582e-01,2.949954002210088411e-01,5.712898104890484774e-02,3.490577294916767936e-01,-3.338983756726797703e-01,2.523870339934908280e-01,3.179432223538104507e-01,1.633563288640540456e-01,-1.369113219222196642e-01,6.873519355417219145e-01,1.000000000000000000e+00,8.189093374994688146e-02,1.291633012966827698e-01,2.009613747753091484e-01,1.122760213008276858e-01,6.475417888740470085e-02,1.603352558295270125e-01,3.809495516279509664e-01,8.681065282683200768e-02,2.598052353000733783e-01,1.197036665503904140e-01,2.321221073774991095e-01,3.276507021003641218e-01,4.423486944316516040e-02,2.355349701641793747e-01,4.102190993982622880e-01,7.118277577612092122e-02,-2.125060145457518812e-01,-1.984583329835332491e-02,2.494637140689587584e-01,2.392905796577892430e-01
4.812191645901301995e-01,4.496888324552110738e-01,9.505296510088551143e-02,1.873152194226485878e-01,4.029155691940467660e-02,5.014269406178832877e-01,2.604705885869327830e-01,-4.382273823976714361e-02,7.936538946734746081e-02,5.109099345971581663e-01,4.897384367821950302e-01,5.027030060415765833e-02,-8.539687633933093491e-02,5.317070778940283793e-01,4.736062398445087251e-01,4.205690207139077819e-01,1.730203738516673112e-02,9.894291288497694681e-02,8.189093374994688146e-02,1.000000000000000000e+00,4.343848498161780730e-02,1.721520975959012489e-01,4.093680124535237774e-01,4.563431708677552212e-01,5.421891293598197770e-01,5.268726131106951094e-01,3.411662546329964352e-01,2.575260757233444053e-01,6.722771496797559365e-01,4.814132066878004101e-01,2.859904793257386224e-01,3.754651198228048936e-01,4.461063151798588255e-01,6.396435748247495875e-03,6.399901826785626691e-01,3.769703195023653697e-01,4.467225546665006819e-01,4.185647300791145997e-01,2.853121666256004940e-01
4.432355406083778315e-01,2.300326462543177963e-01,3.076338675654562427e-01,-2.424343888841018202e-01,2.983226562223402212e-01,1.687180673400359432e-01,-1.467800270800352913e-01,-3.470844648864205295e-01,4.626481237048090112e-01,2.719997400331026216e-01,2.293677755795917594e-01,2.399902658984130743e-01,-5.134132013403558403e-01,3.367301652783376564e-01,1.424459676535353991e-01,4.037285109290703056e-01,1.649596831845683842e-01,-1.158464725351249398e-02,1.291633012966827698e-01,4.343848498161780730e-02,1.000000000000000000e+00,5.909981360306481024e-01,3.181970060818450352e-01,3.693717473299986120e-01,3.491852027668997938e-01,3.862653424279877123e-01,5.186854001140561721e-01,3.766376881471918958e-01,2.128827758571326945e-01,2.550025187892173140e-01,4.080382214600623003e-01,9.499575132331020133e-02,3.459744548329245495e-01,4.260375437229924622e-01,1.842117981522598535e-01,1.745058070610830958e-01,2.157930921076578190e-01,2.886528737457199623e-01,3.719805870576974871e-01
6.026488083852804545e-01,3.960930149326458705e-01,3.245610416623294081e-01,-1.774904284683644085e-01,3.029198242773855632e-01,3.154673495017310675e-02,-2.150839991322245348e-01,-3.526891817843421650e-01,4.690126082975336619e-01,3.263479430951993776e-01,1.242512651968018939e-01,2.504584750777911761e-01,-6.465255414493973340e-01,3.718312813085726809e-01,2.409258033140597999e-01,4.493986488605496987e-01,1.469241495364751737e-01,1.312008595361850438e-01,2.009613747753091484e-01,1.721520975959012489e-01,5.909981360306481024e-01,1.000000000000000000e+00,1.803260287179516974e-01,3.000576539345439775e-01,3.948727621645540253e-01,4.337245474074384877e-01,5.472725379273624124e-01,3.896029586624135121e-01,2.996691264057748105e-01,3.890882197203050508e-01,3.988335942813237556e-01,2.736836901333201261e-02,3.595279030244170060e-01,4.587468855977819837e-01,3.085517846811137721e-01,1.664717119744162643e-01,2.065918435458270752e-01,3.883338835880331685e-01,4.220545375799523713e-01
6.120591194612610142e-01,5.630247903822053201e-01,5.536598031211720228e-01,3.438525750143415355e-02,3.929991039735206693e-01,5.441550858975386928e-01,1.233932818513980706e-01,-5.063902768409853650e-01,4.267987477391085305e-01,7.078373530041101036e-01,6.987603248421192514e-01,1.780058046248022274e-01,-1.770680731429854493e-01,7.240217122113291603e-01,2.146336186565972748e-01,6.761678620151655439e-01,1.440425098635925993e-01,4.004281637827004914e-02,1.122760213008276858e-01,4.093680124535237774e-01,3.181970060818450352e-01,1.803260287179516974e-01,1.000000000000000000e+00,6.651035249146937112e-01,6.517334300920493151e-01,7.481868344516513503e-01,5.020244476395970823e-01,5.469251783203323836e-01,6.585802169406776985e-01,5.479035921068852177e-01,5.949776907184560759e-01,6.364995498225812787e-01,7.097053975050756636e-01,2.637175683855739194e-01,6.229480712954559296e-01,5.653250177063688930e-01,6.269194672989222283e-01,3.734252572049740482e-01,4.912604492235193576e-01
5.377410914559703770e-01,5.963470703303956899e-01,3.977768709906639999e-01,-7.844417430540631675e-02,2.240134502492934498e-01,6.043766903537535207e-01,2.037961959866098627e-01,-3.509712193523024104e-01,2.361587906221965516e-01,7.395260612509080289e-01,7.118718908114471944e-01,-6.893880224073159479e-02,-1.778279452929270310e-01,7.434772039458904525e-01,1.726570948518063586e-02,6.121918676457193120e-01,1.753244669921730226e-01,-4.540722099727770300e-02,6.475417888740470085e-02,4.563431708677552212e-01,3.693717473299986120e-01,3.000576539345439775e-01,6.651035249146937112e-01,1.000000000000000000e+00,8.021134923805650629e-01,6.898089256483102005e-01,4.947687144875865251e-01,5.078779922060278063e-01,7.035182910407372647e-01,6.267143407037339964e-01,5.839894339485536268e-01,5.510659357474855247e-01,6.955886804227056075e-01,1.041413705657625449e-01,6.861597953570999220e-01,5.761829510119196307e-01,6.951617934871318072e-01,3.128829563647707590e-01,3.060152969581136917e-01
6.178823486432998280e-01,5.605132457040113980e-01,4.482854884477925905e-01,2.095845701133537686e-02,3.280693525890497897e-01,6.546457320807977931e-01,2.538356073555471104e-01,-4.103627622061359337e-01,3.247856864063923821e-01,7.265352249563681308e-01,7.039817362127893663e-01,9.764987646048420289e-02,-2.970080101541570650e-01,7.654928870195819579e-01,2.253053749829629637e-01,5.842836332352481232e-01,1.075605931827847556e-01,1.981073795410781546e-02,1.603352558295270125e-01,5.421891293598197770e-01,3.491852027668997938e-01,3.948727621645540253e-01,6.517334300920493151e-01,8.021134923805650629e-01,1.000000000000000000e+00,7.572653594936502586e-01,6.035150547264063192e-01,6.305805406884288367e-01,7.490133004538100936e-01,5.742997342406256367e-01,6.610546059333565205e-01,5.311998606675344403e-01,7.530319033695890285e-01,2.770128073171214678e-01,7.229533000857331082e-01,5.187393040452399351e-01,6.599887501438349569e-01,4.541947467196859600e-01,4.325420444224636896e-01
6.823561674784327513e-01,5.255493118575581546e-01,6.081498057979319860e-01,2.787136318037710531e-02,4.406752020292082350e-01,6.132303333537795220e-01,1.029091220569076787e-01,-5.692875454640647925e-01,5.243678016399533348e-01,7.220650440729605712e-01,6.736149144438686731e-01,2.039508772150176730e-01,-4.320745308332092360e-01,8.030232632540993398e-01,3.038971786374867201e-01,6.516662868540332720e-01,3.529921296795705127e-02,2.141726320238709624e-01,3.809495516279509664e-01,5.268726131106951094e-01,3.862653424279877123e-01,4.337245474074384877e-01,7.481868344516513503e-01,6.898089256483102005e-01,7.572653594936502586e-01,1.000000000000000000e+00,5.939306719740740093e-01,6.523720716350721593e-01,7.821757337343647754e-01,5.675310422329434834e-01,7.218725706767863404e-01,5.222131405354422107e-01,8.193900726914963295e-01,3.558695662887556566e-01,7.545359405697348310e-01,3.877116672160140221e-01,6.101009418624118164e-01,5.934551664309013486e-01,5.028278218474558914e-01
6.854593010775085205e-01,4.733999086995351879e-01,3.660880267174043134e-01,-7.556926520654456969e-02,3.066624711867336761e-01,4.329477166543250766e-01,-1.297099307253767597e-01,-3.523638032126735764e-01,4.471838810528603880e-01,5.162206809002709562e-01,5.565113149371533341e-01,3.525143991313222092e-01,-5.141625626767833968e-01,5.974007383834535334e-01,2.526007319072117174e-01,5.082563144530457544e-01,2.605236517410511321e-01,-1.033665167357537135e-02,8.681065282683200768e-02,3.411662546329964352e-01,5.186854001140561721e-01,5.472725379273624124e-01,5.020244476395970823e-01,4.947687144875865251e-01,6.035150547264063192e-01,5.939306719740740093e-01,1.000000000000000000e+00,4.597379388479986284e-01,5.605911416793065705e-01,4.093309400656778840e-01,6.049724735928213581e-01,3.774074020905670568e-01,5.955028118470444554e-01,4.143412821445529581e-01,5.458974736102490954e-01,4.092844172547359105e-01,4.548408438854507629e-01,5.488529659270152683e-01,6.359696372910130791e-01
5.789891317374687985e-01,3.877736568447955889e-01,6.047042687409143191e-01,2.183864979749286506e-01,5.075783337767829639e-01,2.871126082974611027e-01,3.890012221441168094e-01,-6.093071627442825378e-01,4.937646738588051254e-01,6.140777911310432158e-01,4.156947498663105534e-01,2.527322298411104895e-01,-4.582570888818612298e-01,6.063551187512763452e-01,1.462872423547701695e-01,5.805608142795771753e-01,5.196960718218592012e-02,1.168042045270345219e-01,2.598052353000733783e-01,2.575260757233444053e-01,3.766376881471918958e-01,3.896029586624135121e-01,5.469251783203323836e-01,5.078779922060278063e-01,6.305805406884288367e-01,6.523720716350721593e-01,4.597379388479986284e-01,1.000000000000000000e+00,4.485578783244235646e-01,4.288033005040289281e-01,6.567162490862019641e-01,1.902397313819327029e-01,6.254795291806468649e-01,4.907548130840345135e-01,4.604315226764325031e-01,2.976055033364097269e-01,2.715979022775861784e-01,5.067813041916375827e-01,4.798147666492833530e-01
6.875935196728228949e-01,6.040804777404633619e-01,3.872817678326172519e-01,2.713527145086065337e-02,2.528857512931063090e-01,7.737045572278317129e-01,1.398826710936600382e-01,-3.191263154951531344e-01,1.426983067911584413e-01,6.233109121078284076e-01,8.197180069493298360e-01,-6.064991999809347945e-02,-1.422760451059677800e-01,8.107037575595296142e-01,2.840668409218516932e-01,5.698493311878948253e-01,7.699207337873073542e-02,1.221270713196846019e-01,1.197036665503904140e-01,6.722771496797559365e-01,2.128827758571326945e-01,2.996691264057748105e-01,6.585802169406776985e-01,7.035182910407372647e-01,7.490133004538100936e-01,7.821757337343647754e-01,5.605911416793065705e-01,4.485578783244235646e-01,1.000000000000000000e+00,5.406263295311892758e-01,4.678829791952979211e-01,6.274121870726067085e-01,7.938462770808949465e-01,9.298077345856645137e-02,9.093388080546676022e-01,3.974436175202272770e-01,7.475042348173134288e-01,4.964167856981863136e-01,2.644265357725673615e-01
5.317356969788209486e-01,7.306824239827094392e-01,5.239225592607108517e-01,1.908727250043230350e-01,4.517224732413132049e-01,2.510468261189281458e-01,3.207647864388903369e-01,-4.949087562565556708e-01,4.070344015997164333e-01,7.923664366037129758e-01,4.587215687471485337e-01,9.146572077424260094e-02,-1.925149176087356251e-01,6.564538889241020581e-01,2.498216028033095615e-01,7.504409579601083458e-01,1.809017832266656967e-01,2.914454282567395804e-01,2.321221073774991095e-01,4.814132066878004101e-01,2.550025187892173140e-01,3.890882197203050508e-01,5.479035921068852177e-01,6.267143407037339964e-01,5.742997342406256367e-01,5.675310422329434834e-01,4.093309400656778840e-01,4.288033005040289281e-01,5.406263295311892758e-01,1.000000000000000000e+00,4.020910255388264742e-01,5.456651358917626871e-01,5.038665307719054631e-01,3.282972733408476840e-01,4.741186910653484854e-01,5.930735838783862679e-01,5.028830529684252815e-01,2.745340229149765832e-01,4.768589884962034509e-01
4.833843688102300029e-01,3.191830574152811906e-01,5.019486525054238646e-01,-1.104825739944951951e-01,2.999246358707878257e-01,4.197802591093501290e-01,-4.019541631365681697e-03,-4.879647112229128503e-01,5.439871157703785043e-01,6.543331234703366750e-01,4.652614976689019022e-01,3.441148612894787684e-01,-5.674495398958407932e-01,5.904632507546531128e-01,1.416167354247647170e-01,4.919029558385625278e-01,4.290089321190446170e-03,-6.561434801940843609e-02,3.276507021003641218e-01,2.859904793257386224e-01,4.080382214600623003e-01,3.988335942813237556e-01,5.949776907184560759e-01,5.839894339485536268e-01,6.610546059333565205e-01,7.218725706767863404e-01,6.049724735928213581e-01,6.567162490862019641e-01,4.678829791952979211e-01,4.020910255388264742e-01,1.000000000000000000e+00,2.904457556912963812e-01,6.719703011569465589e-01,3.210454710534655920e-01,4.683016211067093093e-01,3.447679941898840750e-01,4.152547660372374883e-01,3.660772482956974883e-01,6.226456657999756006e-01
4.258716103557205757e-01,5.919326152199729796e-01,3.506727434749704053e-01,3.533536713639977983e-02,2.921157335330060723e-01,5.370713361710163225e-01,1.181039184274526310e-01,-2.903684005609329932e-01,1.602608701551977988e-01,5.267540153145179316e-01,6.260526549054992174e-01,-4.702671232692436781e-02,1.324453845634704641e-01,6.236315507588371387e-01,2.266727508746174680e-01,4.839042385553670722e-01,2.223902388538999131e-01,1.660072709688018566e-01,4.423486944316516040e-02,3.754651198228048936e-01,9.499575132331020133e-02,2.736836901333201261e-02,6.364995498225812787e-01,5.510659357474855247e-01,5.311998606675344403e-01,5.222131405354422107e-01,3.774074020905670568e-01,1.902397313819327029e-01,6.274121870726067085e-01,5.456651358917626871e-01,2.904457556912963812e-01,1.000000000000000000e+00,5.504629413384680703e-01,1.135857966290092919e-01,5.620442939140348759e-01,4.921731119722369541e-01,7.253083713331894833e-01,2.091650160343324349e-01,2.628668911474824066e-01
6.410491992595829247e-01,4.825410953981650319e-01,5.121920590312867283e-01,-6.262426074122258435e-02,3.308173933844379966e-01,6.729596340561770917e-01,5.802983358065202241e-02,-4.649022485808970706e-01,3.436526683322133069e-01,6.294841748273615201e-01,7.076343715782875687e-01,8.981519045618972796e-02,-2.386857975893897088e-01,8.053645545901179092e-01,2.285465758856883300e-01,5.648520896947361036e-01,-9.859612756831774572e-03,7.124016175343678148e-02,2.355349701641793747e-01,4.461063151798588255e-01,3.459744548329245495e-01,3.595279030244170060e-01,7.097053975050756636e-01,6.955886804227056075e-01,7.530319033695890285e-01,8.193900726914963295e-01,5.955028118470444554e-01,6.254795291806468649e-01,7.938462770808949465e-01,5.038665307719054631e-01,6.719703011569465589e-01,5.504629413384680703e-01,1.000000000000000000e+00,2.284554855133346385e-01,7.912270310460001177e-01,3.447256738762952133e-01,6.657714512271858398e-01,4.539203973765358890e-01,3.794010057231704813e-01
3.618872132864718871e-01,2.498679113198814250e-01,5.705641058036912128e-01,2.983020408811449808e-01,7.455932520817828424e-01,-1.418113480845495100e-01,1.474533662151846225e-01,-6.150798566289805702e-01,7.788990176435008905e-01,2.855111805662557956e-01,5.663459439653267119e-02,6.419600814977405312e-01,-5.157495647436000086e-01,3.272662547021451540e-01,4.465969794491948530e-01,4.433150710424794694e-01,1.366589382948963094e-01,4.232747142375400395e-01,4.102190993982622880e-01,6.396435748247495875e-03,4.260375437229924622e-01,4.587468855977819837e-01,2.637175683855739194e-01,1.041413705657625449e-01,2.770128073171214678e-01,3.558695662887556566e-01,4.143412821445529581e-01,4.907548130840345135e-01,9.298077345856645137e-02,3.282972733408476840e-01,3.210454710534655920e-01,1.135857966290092919e-01,2.284554855133346385e-01,1.000000000000000000e+00,2.396496613184225660e-02,1.822763528884212281e-01,2.774152023255738696e-03,5.205670360960863441e-01,5.631414493872280991e-01
6.769729191298726745e-01,5.681678664197287176e-01,3.645314352727568874e-01,-2.764123085429933541e-02,1.987189948307140352e-01,7.684611507463322555e-01,1.112791439990417630e-01,-2.949125385898425655e-01,6.916123473422962353e-02,5.944873799099930078e-01,7.836214457069530237e-01,-1.151646656596995860e-01,-1.489898897974156478e-01,7.824803572485612424e-01,2.175546611743717496e-01,5.241218479393828789e-01,4.871079435436240918e-02,6.475220036418230518e-02,7.118277577612092122e-02,6.399901826785626691e-01,1.842117981522598535e-01,3.085517846811137721e-01,6.229480712954559296e-01,6.861597953570999220e-01,7.229533000857331082e-01,7.545359405697348310e-01,5.458974736102490954e-01,4.604315226764325031e-01,9.093388080546676022e-01,4.741186910653484854e-01,4.683016211067093093e-01,5.620442939140348759e-01,7.912270310460001177e-01,2.396496613184225660e-02,1.000000000000000000e+00,3.669479969394596752e-01,7.352026982540142974e-01,4.598878319678679771e-01,2.283370330169041396e-01
4.523362297240650642e-01,6.675977887026504076e-01,2.152991699017535732e-01,1.056058897636450999e-01,1.337866544382078915e-01,2.270144410701794013e-01,1.887366039261029749e-01,-1.783476064557920071e-01,2.638528191856827632e-01,6.034268039241452719e-01,4.088368459073123962e-01,2.044099432264323557e-01,-3.634554938208616609e-02,4.652990683888250656e-01,1.429975343463402715e-01,6.286444048426745868e-01,3.339287136224589059e-01,-1.337507928998294959e-01,-2.125060145457518812e-01,3.769703195023653697e-01,1.745058070610830958e-01,1.664717119744162643e-01,5.653250177063688930e-01,5.761829510119196307e-01,5.187393040452399351e-01,3.877116672160140221e-01,4.092844172547359105e-01,2.976055033364097269e-01,3.974436175202272770e-01,5.930735838783862679e-01,3.447679941898840750e-01,4.921731119722369541e-01,3.447256738762952133e-01,1.822763528884212281e-01,3.669479969394596752e-01,1.000000000000000000e+00,4.776644913094232892e-01,3.018028347249810395e-01,4.960968423964601803e-01
5.237480144904884671e-01,6.574460614514456847e-01,3.206671206470805835e-01,-1.345972058943560035e-01,2.020063065142267689e-01,6.653610153112129444e-01,2.447825326277170907e-02,-2.564024942793641237e-01,5.267957498911210457e-02,5.403851773286892923e-01,6.920212748155476490e-01,-1.914873607858589566e-01,-1.930151877170051961e-02,7.254061381141505560e-01,8.536451177474588259e-02,5.460088821385465918e-01,9.269190811606160818e-02,3.693675758516923313e-02,-1.984583329835332491e-02,4.467225546665006819e-01,2.157930921076578190e-01,2.065918435458270752e-01,6.269194672989222283e-01,6.951617934871318072e-01,6.599887501438349569e-01,6.101009418624118164e-01,4.548408438854507629e-01,2.715979022775861784e-01,7.475042348173134288e-01,5.028830529684252815e-01,4.152547660372374883e-01,7.253083713331894833e-01,6.657714512271858398e-01,2.774152023255738696e-03,7.352026982540142974e-01,4.776644913094232892e-01,1.000000000000000000e+00,1.919120844593844577e-01,1.804649616170547199e-01
6.060918802416437323e-01,3.401779534501203628e-01,2.729137587589559044e-01,3.355946289858695586e-01,3.138886795582485623e-01,2.659143501793655440e-01,1.660041416695155758e-01,-2.667836678245273374e-01,5.533344239786984753e-01,3.597713954196602448e-01,3.717235341896256706e-01,5.142013054357279511e-01,-3.731477851026912540e-01,4.893753735799626914e-01,4.680905347108449965e-01,4.468422073175628562e-01,2.702822753595908178e-01,2.328433596904202207e-01,2.494637140689587584e-01,4.185647300791145997e-01,2.886528737457199623e-01,3.883338835880331685e-01,3.734252572049740482e-01,3.128829563647707590e-01,4.541947467196859600e-01,5.934551664309013486e-01,5.488529659270152683e-01,5.067813041916375827e-01,4.964167856981863136e-01,2.745340229149765832e-01,3.660772482956974883e-01,2.091650160343324349e-01,4.539203973765358890e-01,5.205670360960863441e-01,4.598878319678679771e-01,3.018028347249810395e-01,1.919120844593844577e-01,1.000000000000000000e+00,4.727072722980109054e-01
4.921836121848873202e-01,4.093322864197230238e-01,4.421344783488880825e-01,1.604442631722983181e-01,3.810695463074867395e-01,4.737251100835834089e-02,-2.132751385821306592e-02,-4.537877548663483140e-01,7.233649788426277372e-01,5.720828087014373509e-01,2.283415741116140152e-01,6.790151491476442702e-01,-5.316595743456087320e-01,4.165627456887560087e-01,3.855894521042292911e-01,5.734740554246389177e-01,1.069083808452871293e-01,6.839011652920273798e-02,2.392905796577892430e-01,2.853121666256004940e-01,3.719805870576974871e-01,4.220545375799523713e-01,4.912604492235193576e-01,3.060152969581136917e-01,4.325420444224636896e-01,5.028278218474558914e-01,6.359696372910130791e-01,4.798147666492833530e-01,2.644265357725673615e-01,4.768589884962034509e-01,6.226456657999756006e-01,2.628668911474824066e-01,3.794010057231704813e-01,5.631414493872280991e-01,2.283370330169041396e-01,4.960968423964601803e-01,1.804649616170547199e-01,4.727072722980109054e-01,1.000000000000000000e+00
