1.000000000000000000e+00,2.119248805888330756e-01,4.389513195688585778e-01,-1.426050160864275346e-03,2.242976198159853940e-01,4.403406427817810886e-01,-3.846910556867990105e-01,-4.683935564047377875e-01,-4.202488656089727048e-02,-6.968070726841607988e-04,6.580804243683273380e-02,-3.790057383082156561e-01,-6.059334445328207197e-01,4.094444772769423868e-01,2.379189844802792053e-01,4.678317222146496229e-02,4.115612841961163171e-01,1.077113269496346726e-01,1.603026166965001650e-02,6.062549374922727718e-01,5.185569786631396560e-01,1.340627422372299704e-01,2.486068555092947885e-01,6.555577385965829507e-01,3.574387715417797762e-01,8.077623264777298306e-01,-9.386280754089866563e-02,7.296109812180562315e-01,6.987332843213720501e-01,-5.497674854186500315e-02,2.008758931486303856e-01,3.063743925266815826e-01,4.883909900068698073e-01,1.344101880666334348e-01,5.071992113314668371e-01,4.405451522446713897e-01,5.829128019624350010e-01,4.163915516817534579e-01,-2.714620093035108872e-01
2.119248805888330756e-01,1.000000000000000000e+00,4.893465837882955416e-01,-9.318726123829002006e-02,5.368095048367559352e-01,3.882584742842282721e-01,-8.874629284412795249e-02,-4.054426519249004768e-01,4.242313512388692365e-01,4.688827690583233787e-01,1.962590005803592219e-01,4.519238485258290638e-01,3.874438432632696938e-01,6.729329611861827320e-01,-2.686698516939876602e-01,2.469290897130841655e-01,-5.257712081401511722e-02,2.536035392814950939e-01,9.222025987644211220e-02,1.448337787665939513e-01,3.356916869129716180e-02,6.111038638054130390e-01,6.333200256465401079e-01,4.245105406541500592e-01,6.044246562661043098e-01,3.650442960552502947e-01,7.307100766900168631e-01,5.123466335839104574e-02,-1.553279794344483711e-02,3.625285612871728125e-01,8.309771420812089859e-01,8.161061413548565957e-01,2.408647320382748536e-01,4.152702301271846141e-01,3.469568650894545025e-01,6.247197934381815143e-01,5.491981072827687438e-01,1.120452661161252528e-01,5.106277112026093024e-01
4.389513195688585778e-01,4.893465837882955416e-01,1.000000000000000000e+00,1.281834471179447987e-01,7.399251956288996901e-01,6.304093826680732260e-01,-2.643946410131670643e-01,-9.228709254103744097e-01,3.477892956016087611e-01,4.316895346118504451e-01,1.364142907513181679e-01,2.125990714594779007e-01,-1.268621538193245857e-02,7.604458115708793153e-01,-2.624371447884210062e-01,3.023289850135247314e-01,2.104679922928471003e-01,4.713838664544423018e-01,2.837855351417636895e-01,5.713142820504826247e-01,2.451012533908934476e-01,5.680499168130456189e-01,6.094781019176140902e-01,5.824688364270954599e-01,6.574975810608609805e-01,5.841703422635736720e-01,4.766835450279831576e-01,3.044962483357416816e-01,2.120310906613739332e-01,3.147382520820153351e-01,4.926882178496354570e-01,5.177264100375820188e-01,3.728402309861839625e-01,4.755216545139565598e-01,2.930301162181592201e-01,5.186177482833407293e-01,3.880893413485656529e-01,4.229689810105065062e-01,3.116342125236699068e-01
-1.426050160864275346e-03,-9.318726123829002006e-02,1.281834471179447987e-01,1.000000000000000000e+00,3.086368279203037246e-01,-2.655363024808543027e-01,-9.773975259182453301e-02,-6.419643045754187816e-02,6.020524502293920222e-01,5.198236476189861399e-01,-6.439840846516021733e-01,3.989126247240038503e-01,-1.045823116273431747e-01,6.287003895887187388e-02,-3.792569800218028586e-01,6.306477418275217017e-01,-5.400898413473989024e-01,7.104800041090606477e-01,8.104946847117114883e-01,1.230890516447725042e-01,-4.900917417326174919e-01,-2.563755765303092904e-01,8.739317671267839149e-02,6.133456634986491490e-02,-2.453705719136544672e-01,-7.464252086581782408e-02,-1.227126572164314727e-01,-3.878809137059422985e-01,-4.488137806081197168e-01,5.979086222799844252e-01,-2.957684118790315231e-01,-2.429746327369040615e-01,-5.669764707269453474e-01,7.851756433994984408e-02,-3.942274169242654391e-01,-2.375593628689235959e-01,-2.491430262126898831e-01,5.756228532586228352e-01,4.173024755630984073e-01
2.242976198159853940e-01,5.368095048367559352e-01,7.399251956288996901e-01,3.086368279203037246e-01,1.000000000000000000e+00,4.866413105643556114e-01,-2.805346328874115946e-01,-6.705294073627883211e-01,6.895936022724176162e-01,7.296120836337305349e-01,-5.337809901325485384e-02,5.077976245279635092e-01,1.480815274529143077e-01,7.762585551855927246e-01,-4.732262217453562791e-01,6.127571321719798014e-01,-9.721428033423801240e-02,6.789495661788782499e-01,5.580868136757042297e-01,2.774086554660267767e-01,-2.310993418501879060e-01,5.260364832729074180e-01,7.151304436215204507e-01,4.780288656802541558e-01,6.026028504060261248e-01,4.113508734699057867e-01,5.463660532339484899e-01,-7.674607930288510071e-02,-1.316428436379140365e-01,6.532815857917092517e-01,4.784412722057983514e-01,5.300353268889300695e-01,1.112977852810284607e-02,5.193538650018351133e-01,3.209533488187512208e-03,3.961421894046188719e-01,2.110572646924883666e-01,5.447049669577284092e-01,6.484313881929162360e-01
4.403406427817810886e-01,3.882584742842282721e-01,6.304093826680732260e-01,-2.655363024808543027e-01,4.866413105643556114e-01,1.000000000000000000e+00,-1.118665387318477783e-01,-5.903578662564616941e-01,6.547085448739541069e-02,1.408894420734868314e-01,4.646311180284443676e-01,-1.210776855091805354e-01,-4.264289797293132483e-02,6.653955373071853696e-01,-1.522135752731105796e-01,5.304563636934937765e-02,6.149478189019491614e-01,2.250393628926498357e-01,-4.482831635442875717e-02,4.135029581788644548e-01,3.197623668607885161e-01,5.262616571506568697e-01,5.634095849002731526e-01,5.394026822716186942e-01,7.485635333782343359e-01,6.343561602547326261e-01,3.933304011233972886e-01,4.559915611240721867e-01,5.068153493274356602e-01,4.478326048459754100e-02,4.175671900708468054e-01,5.321317155364420071e-01,5.607432168717243481e-01,2.777480712560601583e-01,4.605561562582456414e-01,5.841082395131318439e-01,4.667422054022629108e-01,2.385705807264917599e-01,1.514729544761745685e-02
-3.846910556867990105e-01,-8.874629284412795249e-02,-2.643946410131670643e-01,-9.773975259182453301e-02,-2.805346328874115946e-01,-1.118665387318477783e-01,1.000000000000000000e+00,3.015262974891916303e-01,-2.395179691312308567e-01,-2.971681715344728358e-01,2.148762818513204054e-01,-8.591721726680641436e-02,3.815489092440974006e-01,-3.135495270615234475e-01,1.861833686877421568e-01,-3.223009218112711793e-01,1.133180889736241370e-01,-2.394731369826588463e-01,-2.064672203801015404e-01,-1.657009354834841630e-01,-5.080803453302182304e-02,-2.299061106879485838e-01,-2.852468395506952969e-01,-1.561050197789363991e-01,-1.708992874963429220e-01,-3.788941862887700296e-01,-2.950794632467865913e-02,-1.840440154559930819e-01,-1.205726167098362389e-01,-2.664890236081192132e-01,-1.524095212132536570e-01,-1.613315772209670262e-01,-2.953295086356068355e-02,-1.740705908690827752e-01,-1.146910833923751177e-02,-2.209144960454903217e-01,-1.382696579722345054e-01,-4.666444269524342991e-01,-1.430413081912631501e-01
-4.683935564047377875e-01,-4.054426519249004768e-01,-9.228709254103744097e-01,-6.419643045754187816e-02,-6.705294073627883211e-01,-5.903578662564616941e-01,3.015262974891916303e-01,1.000000000000000000e+00,-2.558778245201550616e-01,-3.615580472551937485e-01,-1.291614327175597265e-01,-1.316508462122000789e-01,1.118578795756194205e-01,-7.009560412664850304e-01,1.537816367934063122e-01,-2.461977164485441849e-01,-2.345215096772124141e-01,-3.737567060247503625e-01,-2.142239120786415540e-01,-5.638947379565553142e-01,-3.038517688791878557e-01,-5.122464416373401219e-01,-5.298796724954263349e-01,-5.688119848478734308e-01,-6.291469409706781368e-01,-5.810697010333900625e-01,-4.034676082449510370e-01,-3.587728309727626907e-01,-2.665641541590324515e-01,-2.351552067736454865e-01,-4.455602481721940289e-01,-4.655784727751846042e-01,-3.841438202992025208e-01,-4.534969249701220062e-01,-2.925369265667174812e-01,-4.616071059649857755e-01,-3.759124640974937925e-01,-3.883554092083668086e-01,-2.262729952635219310e-01
-4.202488656089727048e-02,4.242313512388692365e-01,3.477892956016087611e-01,6.020524502293920222e-01,6.895936022724176162e-01,6.547085448739541069e-02,-2.395179691312308567e-01,-2.558778245201550616e-01,1.000000000000000000e+00,8.925763651151973344e-01,-4.198617391038795832e-01,7.372316768121692787e-01,2.323826508854875683e-01,5.127312648377647664e-01,-6.435437875878121661e-01,8.670687047359676436e-01,-5.293997455149112019e-01,8.133119151335780339e-01,8.104075505480794472e-01,-6.473107964137532477e-02,-6.611312434394727156e-01,2.913295115884023678e-01,6.087159862752452577e-01,1.989092297814139265e-01,2.096041788102328274e-01,3.583598451108519628e-02,3.529299047764323793e-01,-5.053966191792258478e-01,-5.461079696840061004e-01,9.286354835889213399e-01,2.376224426525347100e-01,2.703639724814359546e-01,-4.882239474200967821e-01,3.853697747572255583e-01,-3.589076593177274455e-01,1.353872004120919015e-01,-1.022994212994883106e-01,6.009917347823253708e-01,8.240180355853892191e-01
-6.968070726841607988e-04,4.688827690583233787e-01,4.316895346118504451e-01,5.198236476189861399e-01,7.296120836337305349e-01,1.408894420734868314e-01,-2.971681715344728358e-01,-3.615580472551937485e-01,8.925763651151973344e-01,1.000000000000000000e+00,-3.754685027853277290e-01,7.246040492581876657e-01,2.205452921183772563e-01,5.508763044157120037e-01,-6.474813131544578937e-01,8.765250994358336767e-01,-4.893373875911998239e-01,7.730734527739382411e-01,7.748063135478384655e-01,-8.004867687774473717e-02,-5.935257415647197110e-01,3.289584600550667925e-01,6.742522640284516200e-01,2.569310710744456272e-01,3.251829982221262072e-01,1.028024563434141864e-01,4.297079153391417106e-01,-4.622049653075206432e-01,-4.890572523594647336e-01,8.869692372511271961e-01,3.051502084212629473e-01,3.553249014868610223e-01,-4.403029771546008164e-01,3.679392341040820247e-01,-2.745575959216020601e-01,1.613895043892676073e-01,8.565245824986127132e-03,6.298588555214823526e-01,8.599785670046897756e-01
6.580804243683273380e-02,1.962590005803592219e-01,1.364142907513181679e-01,-6.439840846516021733e-01,-5.337809901325485384e-02,4.646311180284443676e-01,2.148762818513204054e-01,-1.291614327175597265e-01,-4.198617391038795832e-01,-3.754685027853277290e-01,1.000000000000000000e+00,-2.745668214782981953e-01,3.359033482817763150e-01,1.319909337623340895e-01,2.137111821493692665e-01,-5.570409045566228068e-01,6.869781002337534970e-01,-3.822148961823653712e-01,-5.406879403437661047e-01,2.231614243640382134e-01,4.288763529021785148e-01,2.907703689161376670e-01,7.860069375542104442e-02,2.100552210760311678e-01,4.434182960665448703e-01,2.344610031493350177e-01,3.298826308083265824e-01,4.512236516338953285e-01,4.249946757940268327e-01,-4.874691552112054849e-01,3.432525302727938987e-01,3.983452600069611882e-01,6.482956607220368150e-01,5.206195811090894021e-02,4.813315067750928988e-01,1.776877759960568126e-01,4.089076555738916374e-01,-4.045631637847375561e-01,-2.600916142773736506e-01
-3.790057383082156561e-01,4.519238485258290638e-01,2.125990714594779007e-01,3.989126247240038503e-01,5.077976245279635092e-01,-1.210776855091805354e-01,-8.591721726680641436e-02,-1.316508462122000789e-01,7.372316768121692787e-01,7.246040492581876657e-01,-2.745668214782981953e-01,1.000000000000000000e+00,5.387605173795014801e-01,3.532955678668167065e-01,-5.491482381487607922e-01,6.206644897523387883e-01,-6.315369301309353700e-01,5.596391369698772156e-01,5.046164675110977882e-01,-2.229160615590720651e-01,-5.984894389099881806e-01,3.391931577539337161e-01,4.889095546693860705e-01,-3.842437017265805388e-02,1.726467014816762957e-01,-2.407604290508573719e-01,5.877302415044755035e-01,-5.857097118729283070e-01,-7.454033411716127766e-01,7.108222184466035376e-01,3.795099298580379976e-01,2.708807748188161169e-01,-4.435243699195687839e-01,4.907324362674697626e-01,-3.037406532056496355e-01,-2.301527983586323380e-04,-1.454208584530187753e-01,2.924281527428119198e-01,8.789176250296766302e-01
-6.059334445328207197e-01,3.874438432632696938e-01,-1.268621538193245857e-02,-1.045823116273431747e-01,1.480815274529143077e-01,-4.264289797293132483e-02,3.815489092440974006e-01,1.118578795756194205e-01,2.323826508854875683e-01,2.205452921183772563e-01,3.359033482817763150e-01,5.387605173795014801e-01,1.000000000000000000e+00,8.265951233722503011e-02,-3.089810478736657040e-01,-8.505402691386399969e-03,-2.156406387908203215e-01,2.999554323475626602e-02,9.313784121447580590e-04,-3.424317923063100455e-01,-3.565092766357408904e-01,3.265538085685094627e-01,2.037929976311725899e-01,-1.533261333466696130e-01,1.585350010792138942e-01,-4.157066022296047603e-01,5.645590454315347895e-01,-4.716425063817086261e-01,-5.089343130864684150e-01,1.743387626967466963e-01,3.681516312282128722e-01,3.130765974384574490e-01,-9.738061648647657054e-02,2.260117731506524341e-01,-1.216933688862898988e-01,-4.945075315328505139e-02,-4.948319121770611978e-02,-3.583101444668918556e-01,4.833661658343097467e-01
4.094444772769423868e-01,6.729329611861827320e-01,7.604458115708793153e-01,6.287003895887187388e-02,7.762585551855927246e-01,6.653955373071853696e-01,-3.135495270615234475e-01,-7.009560412664850304e-01,5.127312648377647664e-01,5.508763044157120037e-01,1.319909337623340895e-01,3.532955678668167065e-01,8.265951233722503011e-02,1.000000000000000000e+00,-3.115790245467124353e-01,4.116321738843229383e-01,1.421280502183381034e-01,4.981194998239530380e-01,2.754301937793661725e-01,3.900702134579451807e-01,7.659597782424779067e-02,6.857054121927006474e-01,7.574650227374808420e-01,6.247068235690059756e-01,7.615735861065264789e-01,5.986205593375607537e-01,6.174082486889576060e-01,2.202488798547034832e-01,1.464454983830267842e-01,4.909256954510711202e-01,6.668490506720321509e-01,7.222866711861793965e-01,3.439227612543850343e-01,5.817960921998314161e-01,3.146431230528331513e-01,6.808213310981215960e-01,4.522216909886707104e-01,4.452339500276443207e-01,4.564205688522527948e-01
2.379189844802792053e-01,-2.686698516939876602e-01,-2.624371447884210062e-01,-3.792569800218028586e-01,-4.732262217453562791e-01,-1.522135752731105796e-01,1.861833686877421568e-01,1.537816367934063122e-01,-6.435437875878121661e-01,-6.474813131544578937e-01,2.137111821493692665e-01,-5.491482381487607922e-01,-3.089810478736657040e-01,-3.115790245467124353e-01,1.000000000000000000e+00,-6.250593743296495308e-01,3.555395941608995858e-01,-6.517601972890985085e-01,-5.647690981713191505e-01,1.658885455728832392e-01,5.113511382584234877e-01,-2.781262994371281883e-01,-5.668648060748988637e-01,-1.264225517631316700e-02,-1.767515330107559679e-01,6.063076162863755003e-02,-3.397829629093346848e-01,4.783439836270841905e-01,4.475322100475251363e-01,-6.396444993327340400e-01,-1.379752933945933568e-01,-1.651411874511150013e-01,3.915621317112801814e-01,-5.584910558027543492e-02,2.662158108655285904e-01,-1.421453460316804418e-01,1.235548207899303946e-01,-4.473400245963744526e-01,-6.477865564859989211e-01
4.678317222146496229e-02,2.469290897130841655e-01,3.023289850135247314e-01,6.306477418275217017e-01,6.127571321719798014e-01,5.304563636934937765e-02,-3.223009218112711793e-01,-2.461977164485441849e-01,8.670687047359676436e-01,8.765250994358336767e-01,-5.570409045566228068e-01,6.206644897523387883e-01,-8.505402691386399969e-03,4.116321738843229383e-01,-6.250593743296495308e-01,1.000000000000000000e+00,-5.322077525449880886e-01,8.179249991671587727e-01,8.268376356133709804e-01,-1.120007290116906140e-01,-6.523982812285268329e-01,1.149689272594368594e-01,5.726576498839345275e-01,1.642495880799052788e-01,1.256697586210553108e-01,7.634943744038982794e-02,1.763518964195144589e-01,-4.740360912191347587e-01,-4.847003243332663747e-01,8.905163494419306991e-01,5.387384353295420619e-02,9.709760175713175179e-02,-5.800463624775252791e-01,2.440047295257124771e-01,-3.945743820803159219e-01,4.926812665383244888e-02,-1.453405358114391865e-01,7.251269645867323144e-01,7.320054844670751404e-01
4.115612841961163171e-01,-5.257712081401511722e-02,2.104679922928471003e-01,-5.400898413473989024e-01,-9.721428033423801240e-02,6.149478189019491614e-01,1.133180889736241370e-01,-2.345215096772124141e-01,-5.293997455149112019e-01,-4.893373875911998239e-01,6.869781002337534970e-01,-6.315369301309353700e-01,-2.156406387908203215e-01,1.421280502183381034e-01,3.555395941608995858e-01,-5.322077525449880886e-01,1.000000000000000000e+00,-3.248353330091964808e-01,-4.961138044887858922e-01,4.442234225440253592e-01,6.438872350385678178e-01,1.572202822665242916e-01,-2.322769054409061160e-03,3.338551162709732512e-01,3.677031630464108747e-01,4.856845954643867480e-01,-3.147554727114263567e-02,7.223695737656410376e-01,7.828465185787574221e-01,-5.492183942403585650e-01,9.158275467920048984e-02,2.032215758950668694e-01,7.476107500078406076e-01,-8.937997879072344387e-02,5.644448854770814927e-01,3.241015500478330313e-01,3.751710747741577867e-01,-1.504163569768669495e-01,-5.674623845715952575e-01
1.077113269496346726e-01,2.536035392814950939e-01,4.713838664544423018e-01,7.104800041090606477e-01,6.789495661788782499e-01,2.250393628926498357e-01,-2.394731369826588463e-01,-3.737567060247503625e-01,8.133119151335780339e-01,7.730734527739382411e-01,-3.822148961823653712e-01,5.596391369698772156e-01,2.999554323475626602e-02,4.981194998239530380e-01,-6.517601972890985085e-01,8.179249991671587727e-01,-3.248353330091964808e-01,1.000000000000000000e+00,8.346644731123842309e-01,1.961379599898775417e-01,-4.827904247917438885e-01,1.615851851746567536e-01,5.812017450836265420e-01,2.843965767182143889e-01,2.457951865797186330e-01,2.272857285308799713e-01,2.538705355390647456e-01,-2.912896302554601746e-01,-3.440220777865378721e-01,7.922192287478475592e-01,7.172497108404118915e-02,1.504891317110368387e-01,-3.681484395053929992e-01,2.676347419979513975e-01,-2.296205726289330118e-01,1.325755848399109149e-01,-5.747029018421501156e-02,7.728013503946756790e-01,6.600564563238212612e-01
1.603026166965001650e-02,9.222025987644211220e-02,2.837855351417636895e-01,8.104946847117114883e-01,5.580868136757042297e-01,-4.482831635442875717e-02,-2.064672203801015404e-01,-2.142239120786415540e-01,8.104075505480794472e-01,7.748063135478384655e-01,-5.406879403437661047e-01,5.046164675110977882e-01,9.313784121447580590e-04,2.754301937793661725e-01,-5.647690981713191505e-01,8.268376356133709804e-01,-4.961138044887858922e-01,8.346644731123842309e-01,1.000000000000000000e+00,4.484455907044650885e-02,-6.195719785715727568e-01,-3.444234152873076188e-02,3.616526902697265733e-01,1.730366247824387527e-01,2.542968847084202746e-03,3.466611888801645475e-02,4.427178454844344496e-02,-4.579119977418002474e-01,-4.590780607237331390e-01,7.974527491559029180e-01,-1.249714141655181576e-01,-4.240564304555438646e-02,-5.815747418421978177e-01,1.137370676118512336e-01,-4.347143741733327515e-01,-1.085284434988158797e-01,-1.850729652301717210e-01,6.842145074451827513e-01,6.245473136849015727e-01
6.062549374922727718e-01,1.448337787665939513e-01,5.713142820504826247e-01,1.230890516447725042e-01,2.774086554660267767e-01,4.135029581788644548e-01,-1.657009354834841630e-01,-5.638947379565553142e-01,-6.473107964137532477e-02,-8.004867687774473717e-02,2.231614243640382134e-01,-2.229160615590720651e-01,-3.424317923063100455e-01,3.900702134579451807e-01,1.658885455728832392e-01,-1.120007290116906140e-01,4.442234225440253592e-01,1.961379599898775417e-01,4.484455907044650885e-02,1.000000000000000000e+00,5.607135751528573575e-01,1.905984056124560566e-01,1.160767403552991905e-01,5.193253045730678030e-01,3.588431683712222653e-01,6.645078587241849410e-01,8.935298712590160342e-02,6.604757488344898952e-01,5.128292410113698407e-01,-1.262665930429435757e-01,1.682498093855144816e-01,2.307956986698982693e-01,5.364262370334536012e-01,1.812395258100673867e-01,4.267221702644342640e-01,3.487317109768812706e-01,4.076467714266215903e-01,3.087736017985167614e-01,-1.973405205232372783e-01
5.185569786631396560e-01,3.356916869129716180e-02,2.451012533908934476e-01,-4.900917417326174919e-01,-2.310993418501879060e-01,3.197623668607885161e-01,-5.080803453302182304e-02,-3.038517688791878557e-01,-6.611312434394727156e-01,-5.935257415647197110e-01,4.288763529021785148e-01,-5.984894389099881806e-01,-3.565092766357408904e-01,7.659597782424779067e-02,5.113511382584234877e-01,-6.523982812285268329e-01,6.438872350385678178e-01,-4.827904247917438885e-01,-6.195719785715727568e-01,5.607135751528573575e-01,1.000000000000000000e+00,1.731287281727864336e-01,-1.750959896590195686e-01,2.646360461574490119e-01,2.559068816166042426e-01,5.081501973956231710e-01,-3.174924876433168203e-02,8.466977819385302917e-01,7.867956835306791907e-01,-6.835554519056772360e-01,2.131627340931193659e-01,1.872013769534008887e-01,8.256622919161130669e-01,-1.475818052056467565e-02,6.739880969533070809e-01,4.005103900793947624e-01,4.837068842309054095e-01,-2.116916528381292406e-01,-6.322017441852613162e-01
1.340627422372299704e-01,6.111038638054130390e-01,5.680499168130456189e-01,-2.563755765303092904e-01,5.260364832729074180e-01,5.262616571506568697e-01,-2.299061106879485838e-01,-5.122464416373401219e-01,2.913295115884023678e-01,3.289584600550667925e-01,2.907703689161376670e-01,3.391931577539337161e-01,3.265538085685094627e-01,6.857054121927006474e-01,-2.781262994371281883e-01,1.149689272594368594e-01,1.572202822665242916e-01,1.615851851746567536e-01,-3.444234152873076188e-02,1.905984056124560566e-01,1.731287281727864336e-01,1.000000000000000000e+00,5.990232849860929187e-01,2.856165048323150435e-01,6.752596571114415358e-01,2.968075290949130363e-01,5.988492047318465517e-01,1.519674611836156763e-01,7.912105376813360902e-02,2.646243251642371175e-01,6.864400515717939966e-01,6.788794908138734430e-01,4.443217760275680051e-01,5.178251351132681091e-01,3.197631334573255990e-01,6.696874806698708271e-01,3.428074577870898199e-01,1.204929587090600718e-01,3.650149358309396908e-01
2.486068555092947885e-01,6.333200256465401079e-01,6.094781019176140902e-01,8.739317671267839149e-02,7.151304436215204507e-01,5.634095849002731526e-01,-2.852468395506952969e-01,-5.298796724954263349e-01,6.087159862752452577e-01,6.742522640284516200e-01,7.860069375542104442e-02,4.889095546693860705e-01,2.037929976311725899e-01,7.574650227374808420e-01,-5.668648060748988637e-01,5.726576498839345275e-01,-2.322769054409061160e-03,5.812017450836265420e-01,3.616526902697265733e-01,1.160767403552991905e-01,-1.750959896590195686e-01,5.990232849860929187e-01,1.000000000000000000e+00,5.080030134829348620e-01,6.820866457734623411e-01,3.974393167329776100e-01,5.731650058555255445e-01,-3.312831947214758474e-03,-5.178395107677567777e-02,5.791824992109352310e-01,5.810967460509923743e-01,6.259163033465033887e-01,7.461921279869551671e-02,4.788871901996409330e-01,1.679430819350894444e-01,4.948885109613174182e-01,3.403148419945315473e-01,5.328390209279052492e-01,6.064963135943836070e-01
6.555577385965829507e-01,4.245105406541500592e-01,5.824688364270954599e-01,6.133456634986491490e-02,4.780288656802541558e-01,5.394026822716186942e-01,-1.561050197789363991e-01,-5.688119848478734308e-01,1.989092297814139265e-01,2.569310710744456272e-01,2.100552210760311678e-01,-3.842437017265805388e-02,-1.533261333466696130e-01,6.247068235690059756e-01,-1.264225517631316700e-02,1.642495880799052788e-01,3.338551162709732512e-01,2.843965767182143889e-01,1.730366247824387527e-01,5.193253045730678030e-01,2.646360461574490119e-01,2.856165048323150435e-01,5.080030134829348620e-01,1.000000000000000000e+00,5.784103276087291245e-01,6.723100062380255038e-01,2.693888365361378212e-01,4.684331552954399958e-01,4.424245381752074380e-01,1.723871467335514884e-01,4.030446896579676364e-01,5.607315179564965613e-01,3.951360345634299942e-01,2.996358712158510018e-01,5.573965120772629289e-01,3.742745896403313899e-01,6.738996013664668716e-01,3.728035984282005999e-01,1.008159855311019232e-01
3.574387715417797762e-01,6.044246562661043098e-01,6.574975810608609805e-01,-2.453705719136544672e-01,6.026028504060261248e-01,7.485635333782343359e-01,-1.708992874963429220e-01,-6.291469409706781368e-01,2.096041788102328274e-01,3.251829982221262072e-01,4.434182960665448703e-01,1.726467014816762957e-01,1.585350010792138942e-01,7.615735861065264789e-01,-1.767515330107559679e-01,1.256697586210553108e-01,3.677031630464108747e-01,2.457951865797186330e-01,2.542968847084202746e-03,3.588431683712222653e-01,2.559068816166042426e-01,6.752596571114415358e-01,6.820866457734623411e-01,5.784103276087291245e-01,1.000000000000000000e+00,5.768523310361280965e-01,6.212585747212142628e-01,3.474902476581753219e-01,3.169234738119705574e-01,1.618013212032574921e-01,6.457956031570959432e-01,7.599465201176553997e-01,5.181190573366845076e-01,4.360363230592780304e-01,4.895176418432124477e-01,6.058785858213610043e-01,5.863038299966314426e-01,2.615219056842431611e-01,3.040168440072731348e-01
8.077623264777298306e-01,3.650442960552502947e-01,5.841703422635736720e-01,-7.464252086581782408e-02,4.113508734699057867e-01,6.343561602547326261e-01,-3.788941862887700296e-01,-5.810697010333900625e-01,3.583598451108519628e-02,1.028024563434141864e-01,2.344610031493350177e-01,-2.407604290508573719e-01,-4.157066022296047603e-01,5.986205593375607537e-01,6.063076162863755003e-02,7.634943744038982794e-02,4.856845954643867480e-01,2.272857285308799713e-01,3.466611888801645475e-02,6.645078587241849410e-01,5.081501973956231710e-01,2.968075290949130363e-01,3.974393167329776100e-01,6.723100062380255038e-01,5.768523310361280965e-01,1.000000000000000000e+00,2.391383763787294781e-01,7.157024433835934563e-01,6.647649883971529228e-01,-1.818719252711485743e-03,3.782255077641280550e-01,4.922087834066487533e-01,5.669350103942264463e-01,1.818009270213117312e-01,5.648696755612770959e-01,5.859579933175480537e-01,6.241780396458488367e-01,4.469937373271611336e-01,-9.610673827563658012e-02
-9.386280754089866563e-02,7.307100766900168631e-01,4.766835450279831576e-01,-1.227126572164314727e-01,5.463660532339484899e-01,3.933304011233972886e-01,-2.950794632467865913e-02,-4.034676082449510370e-01,3.529299047764323793e-01,4.297079153391417106e-01,3.298826308083265824e-01,5.877302415044755035e-01,5.645590454315347895e-01,6.174082486889576060e-01,-3.397829629093346848e-01,1.763518964195144589e-01,-3.147554727114263567e-02,2.538705355390647456e-01,4.427178454844344496e-02,8.935298712590160342e-02,-3.174924876433168203e-02,5.988492047318465517e-01,5.731650058555255445e-01,2.693888365361378212e-01,6.212585747212142628e-01,2.391383763787294781e-01,1.000000000000000000e+00,-3.274522911161157485e-02,-1.746051215792224498e-01,2.844307102609360260e-01,7.834863128105842289e-01,6.999274028343721588e-01,2.163038682356038800e-01,5.283029192895448700e-01,2.540444662828841293e-01,4.172343247147650147e-01,3.479794829743559359e-01,4.395635283560660189e-02,5.894063071477196880e-01
7.296109812180562315e-01,5.123466335839104574e-02,3.044962483357416816e-01,-3.878809137059422985e-01,-7.674607930288510071e-02,4.559915611240721867e-01,-1.840440154559930819e-01,-3.587728309727626907e-01,-5.053966191792258478e-01,-4.622049653075206432e-01,4.512236516338953285e-01,-5.857097118729283070e-01,-4.716425063817086261e-01,2.202488798547034832e-01,4.783439836270841905e-01,-4.740360912191347587e-01,7.223695737656410376e-01,-2.912896302554601746e-01,-4.579119977418002474e-01,6.604757488344898952e-01,8.466977819385302917e-01,1.519674611836156763e-01,-3.312831947214758474e-03,4.684331552954399958e-01,3.474902476581753219e-01,7.157024433835934563e-01,-3.274522911161157485e-02,1.000000000000000000e+00,8.624662040815885833e-01,-5.404952458607962251e-01,2.121325597725422507e-01,2.431897625588398670e-01,8.128684683247890952e-01,8.085349212275513842e-02,6.830457500145645788e-01,4.052959189635591541e-01,5.577527854736972213e-01,1.925643686743898353e-02,-5.837617430778907490e-01
6.987332843213720501e-01,-1.553279794344483711e-02,2.120310906613739332e-01,-4.488137806081197168e-01,-1.316428436379140365e-01,5.068153493274356602e-01,-1.205726167098362389e-01,-2.665641541590324515e-01,-5.461079696840061004e-01,-4.890572523594647336e-01,4.249946757940268327e-01,-7.454033411716127766e-01,-5.089343130864684150e-01,1.464454983830267842e-01,4.475322100475251363e-01,-4.847003243332663747e-01,7.828465185787574221e-01,-3.440220777865378721e-01,-4.590780607237331390e-01,5.128292410113698407e-01,7.867956835306791907e-01,7.912105376813360902e-02,-5.178395107677567777e-02,4.424245381752074380e-01,3.169234738119705574e-01,6.647649883971529228e-01,-1.746051215792224498e-01,8.624662040815885833e-01,1.000000000000000000e+00,-5.535130111619287474e-01,9.039173370126898921e-02,2.052755633633426002e-01,7.479480423943420941e-01,-1.379136237254018349e-01,6.572881010083868603e-01,4.167562966008500625e-01,5.277924135176251808e-01,-3.998587862544984023e-02,-6.594328601776151544e-01
-5.497674854186500315e-02,3.625285612871728125e-01,3.147382520820153351e-01,5.979086222799844252e-01,6.532815857917092517e-01,4.478326048459754100e-02,-2.664890236081192132e-01,-2.351552067736454865e-01,9.286354835889213399e-01,8.869692372511271961e-01,-4.874691552112054849e-01,7.108222184466035376e-01,1.743387626967466963e-01,4.909256954510711202e-01,-6.396444993327340400e-01,8.905163494419306991e-01,-5.492183942403585650e-01,7.922192287478475592e-01,7.974527491559029180e-01,-1.262665930429435757e-01,-6.835554519056772360e-01,2.646243251642371175e-01,5.791824992109352310e-01,1.723871467335514884e-01,1.618013212032574921e-01,-1.818719252711485743e-03,2.844307102609360260e-01,-5.404952458607962251e-01,-5.535130111619287474e-01,1.000000000000000000e+00,1.683689390164330724e-01,2.216133314825637912e-01,-5.303747810136782981e-01,3.337228299479751970e-01,-3.876294204873227400e-01,1.312664363125204958e-01,-1.459528105467398085e-01,6.052908589735732647e-01,7.976754157850522997e-01
2.008758931486303856e-01,8.309771420812089859e-01,4.926882178496354570e-01,-2.957684118790315231e-01,4.784412722057983514e-01,4.175671900708468054e-01,-1.524095212132536570e-01,-4.455602481721940289e-01,2.376224426525347100e-01,3.051502084212629473e-01,3.432525302727938987e-01,3.795099298580379976e-01,3.681516312282128722e-01,6.668490506720321509e-01,-1.379752933945933568e-01,5.387384353295420619e-02,9.158275467920048984e-02,7.172497108404118915e-02,-1.249714141655181576e-01,1.682498093855144816e-01,2.131627340931193659e-01,6.864400515717939966e-01,5.810967460509923743e-01,4.030446896579676364e-01,6.457956031570959432e-01,3.782255077641280550e-01,7.834863128105842289e-01,2.121325597725422507e-01,9.039173370126898921e-02,1.683689390164330724e-01,1.000000000000000000e+00,8.127671814101762315e-01,4.147396915997405564e-01,5.287114262521698249e-01,4.317303780986299633e-01,6.094478460595321723e-01,5.300659415964218413e-01,-3.098596192990667620e-03,3.875582398360025160e-01
3.063743925266815826e-01,8.161061413548565957e-01,5.177264100375820188e-01,-2.429746327369040615e-01,5.300353268889300695e-01,5.321317155364420071e-01,-1.613315772209670262e-01,-4.655784727751846042e-01,2.703639724814359546e-01,3.553249014868610223e-01,3.983452600069611882e-01,2.708807748188161169e-01,3.130765974384574490e-01,7.222866711861793965e-01,-1.651411874511150013e-01,9.709760175713175179e-02,2.032215758950668694e-01,1.504891317110368387e-01,-4.240564304555438646e-02,2.307956986698982693e-01,1.872013769534008887e-01,6.788794908138734430e-01,6.259163033465033887e-01,5.607315179564965613e-01,7.599465201176553997e-01,4.922087834066487533e-01,6.999274028343721588e-01,2.431897625588398670e-01,2.052755633633426002e-01,2.216133314825637912e-01,8.127671814101762315e-01,1.000000000000000000e+00,4.462121015984512051e-01,4.085038309140489043e-01,5.104272916388601367e-01,6.507157848140997514e-01,6.527674717237162971e-01,1.132255799812149494e-01,3.774763156488492588e-01
4.883909900068698073e-01,2.408647320382748536e-01,3.728402309861839625e-01,-5.669764707269453474e-01,1.112977852810284607e-02,5.607432168717243481e-01,-2.953295086356068355e-02,-3.841438202992025208e-01,-4.882239474200967821e-01,-4.403029771546008164e-01,6.482956607220368150e-01,-4.435243699195687839e-01,-9.738061648647657054e-02,3.439227612543850343e-01,3.915621317112801814e-01,-5.800463624775252791e-01,7.476107500078406076e-01,-3.681484395053929992e-01,-5.815747418421978177e-01,5.364262370334536012e-01,8.256622919161130669e-01,4.443217760275680051e-01,7.461921279869551671e-02,3.951360345634299942e-01,5.181190573366845076e-01,5.669350103942264463e-01,2.163038682356038800e-01,8.128684683247890952e-01,7.479480423943420941e-01,-5.303747810136782981e-01,4.147396915997405564e-01,4.462121015984512051e-01,1.000000000000000000e+00,2.098092238127892695e-01,7.184869235886124361e-01,5.357754349675233341e-01,5.768008085154501252e-01,-2.017662054131670046e-01,-4.497949084210429160e-01
1.344101880666334348e-01,4.152702301271846141e-01,4.755216545139565598e-01,7.851756433994984408e-02,5.193538650018351133e-01,2.777480712560601583e-01,-1.740705908690827752e-01,-4.534969249701220062e-01,3.853697747572255583e-01,3.679392341040820247e-01,5.206195811090894021e-02,4.907324362674697626e-01,2.260117731506524341e-01,5.817960921998314161e-01,-5.584910558027543492e-02,2.440047295257124771e-01,-8.937997879072344387e-02,2.676347419979513975e-01,1.137370676118512336e-01,1.812395258100673867e-01,-1.475818052056467565e-02,5.178251351132681091e-01,4.788871901996409330e-01,2.996358712158510018e-01,4.360363230592780304e-01,1.818009270213117312e-01,5.283029192895448700e-01,8.085349212275513842e-02,-1.379136237254018349e-01,3.337228299479751970e-01,5.287114262521698249e-01,4.085038309140489043e-01,2.098092238127892695e-01,1.000000000000000000e+00,1.117700054562206918e-01,2.602141401588438097e-01,1.502593738186769334e-01,1.820531748112443060e-01,3.989411423132279144e-01
5.071992113314668371e-01,3.469568650894545025e-01,2.930301162181592201e-01,-3.942274169242654391e-01,3.209533488187512208e-03,4.605561562582456414e-01,-1.146910833923751177e-02,-2.925369265667174812e-01,-3.589076593177274455e-01,-2.745575959216020601e-01,4.813315067750928988e-01,-3.037406532056496355e-01,-1.216933688862898988e-01,3.146431230528331513e-01,2.662158108655285904e-01,-3.945743820803159219e-01,5.644448854770814927e-01,-2.296205726289330118e-01,-4.347143741733327515e-01,4.267221702644342640e-01,6.739880969533070809e-01,3.197631334573255990e-01,1.679430819350894444e-01,5.573965120772629289e-01,4.895176418432124477e-01,5.648696755612770959e-01,2.540444662828841293e-01,6.830457500145645788e-01,6.572881010083868603e-01,-3.876294204873227400e-01,4.317303780986299633e-01,5.104272916388601367e-01,7.184869235886124361e-01,1.117700054562206918e-01,1.000000000000000000e+00,4.583192790552800266e-01,8.158313224175174350e-01,-5.587308936125610914e-02,-2.726559084487514828e-01
4.405451522446713897e-01,6.247197934381815143e-01,5.186177482833407293e-01,-2.375593628689235959e-01,3.961421894046188719e-01,5.841082395131318439e-01,-2.209144960454903217e-01,-4.616071059649857755e-01,1.353872004120919015e-01,1.613895043892676073e-01,1.776877759960568126e-01,-2.301527983586323380e-04,-4.945075315328505139e-02,6.808213310981215960e-01,-1.421453460316804418e-01,4.926812665383244888e-02,3.241015500478330313e-01,1.325755848399109149e-01,-1.085284434988158797e-01,3.487317109768812706e-01,4.005103900793947624e-01,6.696874806698708271e-01,4.948885109613174182e-01,3.742745896403313899e-01,6.058785858213610043e-01,5.859579933175480537e-01,4.172343247147650147e-01,4.052959189635591541e-01,4.167562966008500625e-01,1.312664363125204958e-01,6.094478460595321723e-01,6.507157848140997514e-01,5.357754349675233341e-01,2.602141401588438097e-01,4.583192790552800266e-01,1.000000000000000000e+00,4.581340254222346364e-01,1.799443707152169336e-01,7.532393133418446851e-02
5.829128019624350010e-01,5.491981072827687438e-01,3.880893413485656529e-01,-2.491430262126898831e-01,2.110572646924883666e-01,4.667422054022629108e-01,-1.382696579722345054e-01,-3.759124640974937925e-01,-1.022994212994883106e-01,8.565245824986127132e-03,4.089076555738916374e-01,-1.454208584530187753e-01,-4.948319121770611978e-02,4.522216909886707104e-01,1.235548207899303946e-01,-1.453405358114391865e-01,3.751710747741577867e-01,-5.747029018421501156e-02,-1.850729652301717210e-01,4.076467714266215903e-01,4.837068842309054095e-01,3.428074577870898199e-01,3.403148419945315473e-01,6.738996013664668716e-01,5.863038299966314426e-01,6.241780396458488367e-01,3.479794829743559359e-01,5.577527854736972213e-01,5.277924135176251808e-01,-1.459528105467398085e-01,5.300659415964218413e-01,6.527674717237162971e-01,5.768008085154501252e-01,1.502593738186769334e-01,8.158313224175174350e-01,4.581340254222346364e-01,1.000000000000000000e+00,9.198801460753225356e-02,-4.382339512300228307e-02
4.163915516817534579e-01,1.120452661161252528e-01,4.229689810105065062e-01,5.756228532586228352e-01,5.447049669577284092e-01,2.385705807264917599e-01,-4.666444269524342991e-01,-3.883554092083668086e-01,6.009917347823253708e-01,6.298588555214823526e-01,-4.045631637847375561e-01,2.924281527428119198e-01,-3.583101444668918556e-01,4.452339500276443207e-01,-4.473400245963744526e-01,7.251269645867323144e-01,-1.504163569768669495e-01,7.728013503946756790e-01,6.842145074451827513e-01,3.087736017985167614e-01,-2.116916528381292406e-01,1.204929587090600718e-01,5.328390209279052492e-01,3.728035984282005999e-01,2.615219056842431611e-01,4.469937373271611336e-01,4.395635283560660189e-02,1.925643686743898353e-02,-3.998587862544984023e-02,6.052908589735732647e-01,-3.098596192990667620e-03,1.132255799812149494e-01,-2.017662054131670046e-01,1.820531748112443060e-01,-5.587308936125610914e-02,1.799443707152169336e-01,9.198801460753225356e-02,1.000000000000000000e+00,4.363456181436038972e-01
-2.714620093035108872e-01,5.106277112026093024e-01,3.116342125236699068e-01,4.173024755630984073e-01,6.484313881929162360e-01,1.514729544761745685e-02,-1.430413081912631501e-01,-2.262729952635219310e-01,8.240180355853892191e-01,8.599785670046897756e-01,-2.600916142773736506e-01,8.789176250296766302e-01,4.833661658343097467e-01,4.564205688522527948e-01,-6.477865564859989211e-01,7.320054844670751404e-01,-5.674623845715952575e-01,6.600564563238212612e-01,6.245473136849015727e-01,-1.973405205232372783e-01,-6.322017441852613162e-01,3.650149358309396908e-01,6.064963135943836070e-01,1.008159855311019232e-01,3.040168440072731348e-01,-9.610673827563658012e-02,5.894063071477196880e-01,-5.837617430778907490e-01,-6.594328601776151544e-01,7.976754157850522997e-01,3.875582398360025160e-01,3.774763156488492588e-01,-4.497949084210429160e-01,3.989411423132279144e-01,-2.726559084487514828e-01,7.532393133418446851e-02,-4.382339512300228307e-02,4.363456181436038972e-01,1.000000000000000000e+00
