1.000000000000000000e+00,5.019854201756974721e-01,1.647405010557260185e-01,1.682448524926149214e-01,2.483021343493034827e-01,-2.546661907675735192e-01,8.243712980331917295e-02,-1.325936884266267768e-01,3.984560392104808391e-01,2.662985085296104004e-01,2.845001585780095876e-01,5.874515164830367703e-02,9.706052417043513347e-02,4.684132481585303043e-01,2.694949777110273170e-01,4.603016036637250785e-01,2.521403849492004912e-01,1.617557693638798921e-01,1.510640331807602821e-01,3.490451081276221834e-01,4.169147558689167421e-01,3.195498612484568568e-01,2.131049470422128611e-01,3.798334785322071139e-01,3.423860970655452363e-01,3.826916629326232444e-01,2.716450741373762079e-01,3.757401646317086730e-01,6.311897194348933260e-01,4.411807924275289450e-01,7.747972898226859750e-02,4.557435690878745560e-01,2.727825391916862130e-01,1.668044701410177910e-01,3.818002013532616479e-01,2.756597234361788940e-01,5.047216520478685631e-01,3.091898335498945438e-01,3.206127457998316777e-01
5.019854201756974721e-01,1.000000000000000000e+00,5.363217723821974564e-02,4.975882079664521035e-02,2.611983167729712840e-01,-7.488684965720597553e-02,3.468690273513981293e-01,4.096303198868741363e-02,3.641219316043934895e-01,2.428775625417038675e-01,5.051571824538046984e-01,3.942000000555149763e-01,2.965144753457460425e-01,5.218919015429851482e-01,3.580629215525303333e-01,3.740697986618762294e-01,3.107464372573138373e-02,1.315614891829463007e-01,1.341108257643723878e-01,4.356877239636374188e-01,2.717243756427741297e-01,4.756888727111570625e-01,4.222545350045840973e-01,2.755989535129926837e-01,3.198632791468005165e-01,2.306492308069501285e-01,1.528848734491587702e-01,1.963335371167201637e-01,4.609643689810569711e-01,2.190748899026791763e-01,2.682349747799770423e-01,7.482570345654917521e-01,1.791639430501568986e-01,1.276824224117003581e-01,3.934982044557408520e-01,5.169425469621420355e-01,5.078182500601565730e-01,1.351801957115676411e-01,4.832566497202167577e-01
1.647405010557260185e-01,5.363217723821974564e-02,1.000000000000000000e+00,2.765592322345842291e-01,6.652979298828520793e-01,-2.043879454815621666e-01,4.665153388751105967e-02,-8.718456014877306037e-01,3.766782869322352068e-01,3.165989060473680672e-01,1.903588192079398167e-01,3.344924909495387844e-03,1.267517082075641371e-02,3.562935606850209380e-01,-2.089221434886097961e-01,3.578350102350524864e-01,2.486213019164247862e-01,2.904360618241118019e-01,6.002410716889062803e-01,3.218810637078894366e-01,5.452890087026707189e-01,4.043119087720636884e-01,1.347708783832647084e-01,2.062533516776157705e-01,2.660428781706028478e-01,1.363874824945310593e-01,1.420417985957107276e-01,2.045796712346366064e-01,2.165930891006851433e-01,2.894485040794920194e-01,-1.950967097540957373e-01,1.551059543922190531e-01,6.149774095396901563e-01,4.721420064895626156e-01,2.651285567324758730e-01,-6.723981709707661791e-02,7.968681129933274931e-02,2.517518353560315170e-01,2.780732353427258219e-01
1.682448524926149214e-01,4.975882079664521035e-02,2.765592322345842291e-01,1.000000000000000000e+00,3.012058938208415082e-01,-2.714328353898425306e-01,5.487410991972544450e-01,-2.843675798613631289e-01,3.486382214158854631e-01,3.121537017641540790e-01,1.012265970061700382e-01,2.401359887699036633e-01,-1.144684189241690769e-01,3.056778338458350230e-01,-6.445730929115897623e-02,2.652780550062677212e-01,-3.449429014895280272e-03,2.355493459329877637e-01,2.174303715197582199e-01,4.743433864494322472e-01,2.364178039862414593e-01,3.711176949181747009e-01,1.522334026857198597e-01,2.999771371360837602e-01,3.040912147694056489e-01,-8.429782437658521477e-02,1.238440911302752107e-01,-8.986982493808153005e-02,1.497037990353235481e-01,3.053871186456325604e-01,-2.497914768301496835e-01,2.344593993970594537e-01,2.548288563597933543e-01,4.147181365923416907e-01,2.236216197366412139e-01,-1.207560348451836713e-01,9.740991272503541493e-03,3.937080502205128063e-01,2.758922979218708105e-01
2.483021343493034827e-01,2.611983167729712840e-01,6.652979298828520793e-01,3.012058938208415082e-01,1.000000000000000000e+00,-1.469761256662799886e-01,1.278153882898587501e-01,-5.797518309687013094e-01,5.315377017096148959e-01,5.355541054917910548e-01,1.618994701341933129e-01,3.185740749736670208e-01,2.437721704538398093e-01,5.041407681409064701e-01,-7.738718971283171932e-02,4.689678874456543745e-01,8.264085127028453215e-02,4.561645156828881831e-01,4.329054468920960907e-01,2.971232695031328919e-01,5.868835555323974607e-01,4.342701199017334202e-01,2.682469322993392136e-01,2.198334504357906949e-01,4.311475788271108556e-01,1.991680693892636800e-01,4.024362589265139678e-01,3.001328008733774588e-01,3.108590671331634137e-01,3.317866198875686345e-01,-1.950502935484565992e-01,3.848413469817609234e-01,6.702686534269970409e-01,6.902307279484042324e-01,4.342248923513460368e-01,7.091831815796089365e-03,2.658241827537053958e-01,4.884834426371164051e-01,5.337498086636427441e-01
-2.546661907675735192e-01,-7.488684965720597553e-02,-2.043879454815621666e-01,-2.714328353898425306e-01,-1.469761256662799886e-01,1.000000000000000000e+00,-7.441486134911605432e-02,1.618358053432860932e-01,-2.485824081406659281e-01,-2.625239223338605155e-01,-7.748941729683024582e-02,-3.516933227397585626e-01,-1.345703346846902348e-01,-1.647923933071712352e-02,-1.293220705000627246e-01,-3.606408971748383818e-01,-1.098494149526949570e-01,-2.895548385982915640e-01,-5.659753294745940161e-02,-2.718634432124184541e-01,-1.959179982853991309e-01,-2.230327042635922297e-01,-2.429221386828546089e-02,-2.313677535670267960e-01,-5.633768213161092359e-02,-1.994784894817682730e-01,-2.302455250997262060e-01,-1.333117476128938828e-01,-7.212608509176071658e-02,-1.967365988591590620e-01,1.196489618922465387e-01,-9.950808063080891774e-02,-1.908032139127595062e-01,-2.162119288369356018e-01,-7.553334670575501120e-02,7.785199453854672880e-02,1.541515358777642841e-01,-4.135561782589139979e-01,-2.986730557777453332e-01
8.243712980331917295e-02,3.468690273513981293e-01,4.665153388751105967e-02,5.487410991972544450e-01,1.278153882898587501e-01,-7.441486134911605432e-02,1.000000000000000000e+00,-4.061752676746420475e-04,1.278567833211358973e-01,1.621200361588405470e-01,4.723604236651495758e-01,3.153558207041541883e-01,1.262289634866585186e-01,3.461751318359165830e-01,3.039661602114087646e-01,2.460630457238230651e-01,1.168167832504877213e-01,1.007769883729594945e-01,1.165889943732993789e-01,6.594737635605053550e-01,2.137891137198489055e-01,5.414719960525201659e-01,2.271818434582775215e-01,2.368587854977512452e-01,2.223639819084761715e-01,-3.043090732844658253e-02,-3.369408091930567450e-02,9.091614802992326050e-02,1.840752756695024639e-01,1.464940974200021062e-01,1.464432662241818006e-01,4.836918668293458401e-01,1.509107494894227630e-01,1.968711822545941292e-01,3.369325421411384358e-01,2.247738463005939380e-01,9.267278350741418869e-02,9.318064115043254991e-02,2.019689700470645444e-01
-1.325936884266267768e-01,4.096303198868741363e-02,-8.718456014877306037e-01,-2.843675798613631289e-01,-5.797518309687013094e-01,1.618358053432860932e-01,-4.061752676746420475e-04,1.000000000000000000e+00,-3.125535138577226202e-01,-2.609416961820279490e-01,-1.282635308973501531e-01,1.187270691415610868e-01,2.364395588876239823e-02,-2.681530124059574582e-01,2.977917999048163011e-01,-2.798854623985074230e-01,-2.401968334328213883e-01,-1.877937510275585475e-01,-5.332232720620512234e-01,-2.240557824476639703e-01,-4.885941388578143307e-01,-3.421703955794794250e-01,-8.656364095835981931e-02,-1.979867729230942175e-01,-2.066387346287306970e-01,-5.156683787336985986e-02,-1.122711792311363865e-01,-1.227319363889831233e-01,-1.293087485334331876e-01,-2.993575062193697400e-01,2.567363570569572429e-01,-5.635620352109263487e-02,-5.061942606075966467e-01,-3.999234800527168843e-01,-1.828167130321750045e-01,1.496557729744824039e-01,-6.017070123940197746e-03,-2.158408874838357583e-01,-2.172240976528284906e-01
3.984560392104808391e-01,3.641219316043934895e-01,3.766782869322352068e-01,3.486382214158854631e-01,5.315377017096148959e-01,-2.485824081406659281e-01,1.278567833211358973e-01,-3.125535138577226202e-01,1.000000000000000000e+00,3.426494134756587484e-01,7.328266439510672248e-02,3.967214658325944887e-01,-1.098892289563368520e-02,4.479215140967184872e-01,8.101600014820128232e-03,3.921462146511837110e-01,9.039303322598406243e-02,5.369566022631084845e-01,3.458104059054444845e-01,2.455948477838855726e-01,3.232466077910586266e-01,2.423967910578105345e-01,2.637352498550086799e-01,4.251237579841539160e-01,3.442122710187696111e-01,3.642127109602543156e-01,2.574358074624910064e-01,2.950520210394888543e-01,4.149680369151225734e-01,2.437224433175061988e-01,-8.627452494109413839e-02,3.709755578801839371e-01,5.002379990880223559e-01,6.514568245388809853e-01,1.809169435736777132e-01,7.638361094630648218e-02,2.606913262208473969e-01,4.911044501382173522e-01,6.041336330207505156e-01
2.662985085296104004e-01,2.428775625417038675e-01,3.165989060473680672e-01,3.121537017641540790e-01,5.355541054917910548e-01,-2.625239223338605155e-01,1.621200361588405470e-01,-2.609416961820279490e-01,3.426494134756587484e-01,1.000000000000000000e+00,1.622963132934696351e-01,4.848114751792168553e-01,3.851321114520840916e-01,3.445586496996986270e-01,-1.273744469032963011e-01,5.965938833790004336e-01,-3.272898051375173339e-02,4.029437368211135628e-01,2.366903358109780642e-01,2.066193148611584207e-01,4.680025409865035679e-01,3.645580186124380284e-01,5.301951037452254933e-01,2.479875764772375424e-01,5.268755630785992849e-01,1.439760915774837835e-01,6.992541057537966509e-01,1.281608294357496070e-01,1.705680179755265646e-01,5.470913957504808245e-01,-1.881900620336384444e-01,4.284206562126147144e-01,4.604087666384950595e-01,4.642940338353803154e-01,4.576959289712178580e-01,-7.225874777728005446e-03,2.451474422198184344e-01,7.175793696264645138e-01,6.807118049485402222e-01
2.845001585780095876e-01,5.051571824538046984e-01,1.903588192079398167e-01,1.012265970061700382e-01,1.618994701341933129e-01,-7.748941729683024582e-02,4.723604236651495758e-01,-1.282635308973501531e-01,7.328266439510672248e-02,1.622963132934696351e-01,1.000000000000000000e+00,1.546139077984275412e-01,2.932735467402509122e-01,4.388744444516509691e-01,4.542488899009791137e-01,3.688861092337526459e-01,5.378356539620292587e-01,6.942165665263975126e-03,2.707419480694738256e-01,5.776532068183990454e-01,3.898276535957441724e-01,6.028763252087591118e-01,3.858896092765488062e-01,2.236286386463764153e-01,2.450655905980956006e-01,2.997716151851378408e-01,4.383274214664414220e-02,3.363044954510469586e-01,4.022427171187549777e-01,1.462447384391604432e-01,4.241924523927196877e-01,5.841822529585825041e-01,2.582979269833369229e-01,-2.234408149008179981e-02,4.658840625190394102e-01,4.422752534036560879e-01,2.948804239223941082e-01,-9.415819996318031126e-02,1.510062856215549643e-01
5.874515164830367703e-02,3.942000000555149763e-01,3.344924909495387844e-03,2.401359887699036633e-01,3.185740749736670208e-01,-3.516933227397585626e-01,3.153558207041541883e-01,1.187270691415610868e-01,3.967214658325944887e-01,4.848114751792168553e-01,1.546139077984275412e-01,1.000000000000000000e+00,2.453641319042601521e-01,3.034914271878353942e-01,2.017565287324457057e-01,3.620030299453698142e-01,-2.081835434075669788e-01,4.666521584622050356e-01,2.038577928498051806e-02,3.021719639641483046e-01,1.804020875608907115e-01,3.293843435696651722e-01,3.913022323771341848e-01,2.789830895170073433e-01,3.093404154875207812e-01,2.304049754349706339e-02,3.376012445711721877e-01,6.177568185845168369e-02,5.441869197190955798e-02,1.399680172856684890e-01,-7.009865500596983157e-02,4.302699782848147803e-01,2.849164847568708692e-01,4.444275011232878270e-01,2.322424876957232820e-01,9.056619507468695318e-02,3.363962776271441774e-02,5.291184626405386338e-01,6.531574415457571670e-01
9.706052417043513347e-02,2.965144753457460425e-01,1.267517082075641371e-02,-1.144684189241690769e-01,2.437721704538398093e-01,-1.345703346846902348e-01,1.262289634866585186e-01,2.364395588876239823e-02,-1.098892289563368520e-02,3.851321114520840916e-01,2.932735467402509122e-01,2.453641319042601521e-01,1.000000000000000000e+00,7.151153534921288191e-02,-6.658441978936974204e-03,2.085438412381946660e-01,3.267543611642391172e-03,-9.167221846807464825e-02,-6.907702978928874360e-02,-1.473345370066639001e-02,2.139698553311596974e-01,2.769277050639354920e-01,1.868611765402661828e-01,-1.614479847092012421e-01,1.129045227553202024e-01,7.298850083381493159e-02,5.227541234767242306e-01,1.029423764841005118e-01,-1.256311319250816294e-01,1.500479012501594878e-01,7.372979340465782294e-02,2.932803694104347270e-01,6.497809894190535729e-02,4.018190957802753732e-02,3.511540209996165118e-01,2.322320347258609308e-01,1.377085594572766691e-01,2.421341436747540266e-01,3.866891901744408666e-01
4.684132481585303043e-01,5.218919015429851482e-01,3.562935606850209380e-01,3.056778338458350230e-01,5.041407681409064701e-01,-1.647923933071712352e-02,3.461751318359165830e-01,-2.681530124059574582e-01,4.479215140967184872e-01,3.445586496996986270e-01,4.388744444516509691e-01,3.034914271878353942e-01,7.151153534921288191e-02,1.000000000000000000e+00,2.791537785299174068e-01,5.420166898316289839e-01,1.592230532552685041e-01,2.688258726676058807e-01,2.461224017517622265e-01,5.685492996423548995e-01,5.626853850272178770e-01,5.745557969927935771e-01,4.630623483505029170e-01,5.114587288872877169e-01,5.522516015151280877e-01,2.416603437266373056e-01,8.298238372157901166e-02,3.613197992006424442e-01,5.713688469052031760e-01,3.791299062243023155e-01,2.310002417023482024e-01,5.711414624009539809e-01,5.940720688455495280e-01,4.955521272846261094e-01,4.302333636058157662e-01,1.955991213822675379e-01,3.858052047618052427e-01,2.622537088194317190e-01,3.787631307911363820e-01
2.694949777110273170e-01,3.580629215525303333e-01,-2.089221434886097961e-01,-6.445730929115897623e-02,-7.738718971283171932e-02,-1.293220705000627246e-01,3.039661602114087646e-01,2.977917999048163011e-01,8.101600014820128232e-03,-1.273744469032963011e-01,4.542488899009791137e-01,2.017565287324457057e-01,-6.658441978936974204e-03,2.791537785299174068e-01,1.000000000000000000e+00,1.942716231354801870e-01,3.532757695782683949e-01,5.774597886108339545e-02,-5.660826275909829758e-02,4.837184862172997368e-01,1.909246021659330994e-01,3.801257483318046249e-01,5.935688165849230258e-02,1.287501743767095197e-01,-3.826378283329110591e-02,3.364451315682657762e-01,-2.330014772679366297e-01,3.874612810353893488e-01,4.224327765129778922e-01,-7.690423866478883486e-02,5.108684109266720119e-01,3.305855361635706702e-01,8.924674573834211200e-02,-5.870342812945320010e-02,1.687902268186993182e-01,2.791523023048351759e-01,1.614668609343832828e-01,-2.113442504789011522e-01,-1.024672072079455820e-01
4.603016036637250785e-01,3.740697986618762294e-01,3.578350102350524864e-01,2.652780550062677212e-01,4.689678874456543745e-01,-3.606408971748383818e-01,2.460630457238230651e-01,-2.798854623985074230e-01,3.921462146511837110e-01,5.965938833790004336e-01,3.688861092337526459e-01,3.620030299453698142e-01,2.085438412381946660e-01,5.420166898316289839e-01,1.942716231354801870e-01,1.000000000000000000e+00,3.288285884691208305e-01,4.667670567134543647e-01,1.854057276246143804e-01,4.240659906376518240e-01,6.441059243277607038e-01,5.389505762099120467e-01,6.012929191750734370e-01,5.048659387624623296e-01,4.294062696945630808e-01,3.465355356647877860e-01,3.077134207902111895e-01,4.690393069669699377e-01,4.843926087426097538e-01,6.723353957568598549e-01,5.242010252095057575e-03,5.183659302166837568e-01,5.573878163033788580e-01,4.201921600609994090e-01,5.216004392344041340e-01,1.434521704499169825e-01,3.594255627432051403e-01,5.717553567853158603e-01,4.549885015043593217e-01
2.521403849492004912e-01,3.107464372573138373e-02,2.486213019164247862e-01,-3.449429014895280272e-03,8.264085127028453215e-02,-1.098494149526949570e-01,1.168167832504877213e-01,-2.401968334328213883e-01,9.039303322598406243e-02,-3.272898051375173339e-02,5.378356539620292587e-01,-2.081835434075669788e-01,3.267543611642391172e-03,1.592230532552685041e-01,3.532757695782683949e-01,3.288285884691208305e-01,1.000000000000000000e+00,8.586594091317265032e-02,1.945085132531773897e-01,2.801452296757974691e-01,3.590548602774127906e-01,2.938895721047810050e-01,1.644016868261202469e-01,2.486095861683163544e-01,2.334168038090638983e-02,4.886545483924539246e-01,-9.496179144619772139e-02,5.579603169733635681e-01,4.144273997249011132e-01,1.894138709822565936e-01,2.966190647786330903e-01,1.644717252822789633e-01,2.989559405006355086e-01,-2.279615365564963830e-02,2.500442140574203886e-01,9.881408220975929080e-02,1.885783364298824483e-01,-1.395520320775557599e-01,-1.421354150761017510e-01
1.617557693638798921e-01,1.315614891829463007e-01,2.904360618241118019e-01,2.355493459329877637e-01,4.561645156828881831e-01,-2.895548385982915640e-01,1.007769883729594945e-01,-1.877937510275585475e-01,5.369566022631084845e-01,4.029437368211135628e-01,6.942165665263975126e-03,4.666521584622050356e-01,-9.167221846807464825e-02,2.688258726676058807e-01,5.774597886108339545e-02,4.667670567134543647e-01,8.586594091317265032e-02,1.000000000000000000e+00,3.926834540695228193e-01,2.082185052804583769e-01,3.076094907646554910e-01,1.969727676388318971e-01,2.363642963346426484e-01,2.723383390261608361e-01,2.690815480491332568e-01,1.948800912573321054e-01,2.415229573011476449e-01,4.697296289888545084e-01,3.033262113240901003e-01,1.762375890629766240e-01,-2.336788001021243566e-01,2.614961403647013682e-01,4.580103228979301999e-01,4.971691046685849935e-01,2.489901999087276163e-01,1.719010757884694221e-02,2.219738566143288072e-01,5.326864722759067083e-01,4.101067949004338908e-01
1.510640331807602821e-01,1.341108257643723878e-01,6.002410716889062803e-01,2.174303715197582199e-01,4.329054468920960907e-01,-5.659753294745940161e-02,1.165889943732993789e-01,-5.332232720620512234e-01,3.458104059054444845e-01,2.366903358109780642e-01,2.707419480694738256e-01,2.038577928498051806e-02,-6.907702978928874360e-02,2.461224017517622265e-01,-5.660826275909829758e-02,1.854057276246143804e-01,1.945085132531773897e-01,3.926834540695228193e-01,1.000000000000000000e+00,3.168657366299166833e-01,2.791757776448122730e-01,2.311086166386494556e-01,6.828521361719473715e-02,6.284652882458688361e-02,2.101457399680799754e-01,1.190442191678655337e-01,1.066353061655181123e-01,1.688353058964614517e-01,2.418654688462658076e-01,3.521343299800989285e-02,-7.685836663062430019e-02,2.318073855247971826e-01,3.902530227059293200e-01,2.228845239493397468e-01,2.682724401312764906e-01,1.331108229671423004e-01,2.315774313842243470e-01,1.129454096663235207e-01,2.633333480246414227e-01
3.490451081276221834e-01,4.356877239636374188e-01,3.218810637078894366e-01,4.743433864494322472e-01,2.971232695031328919e-01,-2.718634432124184541e-01,6.594737635605053550e-01,-2.240557824476639703e-01,2.455948477838855726e-01,2.066193148611584207e-01,5.776532068183990454e-01,3.021719639641483046e-01,-1.473345370066639001e-02,5.685492996423548995e-01,4.837184862172997368e-01,4.240659906376518240e-01,2.801452296757974691e-01,2.082185052804583769e-01,3.168657366299166833e-01,1.000000000000000000e+00,5.052499296977693843e-01,7.093632936893461416e-01,2.175274220814292225e-01,3.616950794546214820e-01,3.202119628849731114e-01,1.708616161454648563e-01,-7.103987336473506498e-02,2.801865106296563268e-01,4.843137374961774544e-01,2.655647498185542688e-01,2.078729189127924426e-01,5.165762750693405625e-01,4.008535380039252582e-01,2.633250768343179948e-01,4.092934628620338300e-01,2.221629302020624586e-01,2.039036905841657144e-01,9.993289010467819311e-02,2.178348904698405863e-01
4.169147558689167421e-01,2.717243756427741297e-01,5.452890087026707189e-01,2.364178039862414593e-01,5.868835555323974607e-01,-1.959179982853991309e-01,2.137891137198489055e-01,-4.885941388578143307e-01,3.232466077910586266e-01,4.680025409865035679e-01,3.898276535957441724e-01,1.804020875608907115e-01,2.139698553311596974e-01,5.626853850272178770e-01,1.909246021659330994e-01,6.441059243277607038e-01,3.590548602774127906e-01,3.076094907646554910e-01,2.791757776448122730e-01,5.052499296977693843e-01,1.000000000000000000e+00,7.174299313296035319e-01,3.012835048389499448e-01,3.124256117906409336e-01,3.730621690731556472e-01,2.467998885344503679e-01,2.211485255480288015e-01,4.610450166185815490e-01,4.393841410538680825e-01,4.834536783802657056e-01,-2.568033203082328159e-02,3.762091712072422323e-01,6.537581621551311617e-01,4.540636382124446646e-01,5.070844383639997455e-01,1.362496754820089091e-02,3.038912819702952461e-01,3.724628427464267699e-01,3.283677966938052806e-01
3.195498612484568568e-01,4.756888727111570625e-01,4.043119087720636884e-01,3.711176949181747009e-01,4.342701199017334202e-01,-2.230327042635922297e-01,5.414719960525201659e-01,-3.421703955794794250e-01,2.423967910578105345e-01,3.645580186124380284e-01,6.028763252087591118e-01,3.293843435696651722e-01,2.769277050639354920e-01,5.745557969927935771e-01,3.801257483318046249e-01,5.389505762099120467e-01,2.938895721047810050e-01,1.969727676388318971e-01,2.311086166386494556e-01,7.093632936893461416e-01,7.174299313296035319e-01,1.000000000000000000e+00,3.441588139801346480e-01,3.208964063283218371e-01,3.291025972462691684e-01,1.002352606498088800e-01,1.097238330656247346e-01,3.578160694840648581e-01,3.724634705415630909e-01,3.530244570095921186e-01,1.190147641200598738e-01,5.568877934199221169e-01,5.032285087041842297e-01,3.547348717332349244e-01,5.150207664556355480e-01,2.082795094949666803e-01,2.520719766219099434e-01,2.005198618054249982e-01,3.255872272506205589e-01
2.131049470422128611e-01,4.222545350045840973e-01,1.347708783832647084e-01,1.522334026857198597e-01,2.682469322993392136e-01,-2.429221386828546089e-02,2.271818434582775215e-01,-8.656364095835981931e-02,2.637352498550086799e-01,5.301951037452254933e-01,3.858896092765488062e-01,3.913022323771341848e-01,1.868611765402661828e-01,4.630623483505029170e-01,5.935688165849230258e-02,6.012929191750734370e-01,1.644016868261202469e-01,2.363642963346426484e-01,6.828521361719473715e-02,2.175274220814292225e-01,3.012835048389499448e-01,3.441588139801346480e-01,1.000000000000000000e+00,4.781482168948142930e-01,5.449731008592290094e-01,1.554545308839425932e-01,3.180635139441940207e-01,1.539741837143533965e-01,2.908456069717040293e-01,5.247046634703067536e-01,6.753039902590811383e-02,5.509489394574359489e-01,3.354430620758950266e-01,2.928446047406161878e-01,4.209879610289623542e-01,1.904526873564767186e-01,3.157757756764852930e-01,4.054510486375731970e-01,4.456207259980652369e-01
3.798334785322071139e-01,2.755989535129926837e-01,2.062533516776157705e-01,2.999771371360837602e-01,2.198334504357906949e-01,-2.313677535670267960e-01,2.368587854977512452e-01,-1.979867729230942175e-01,4.251237579841539160e-01,2.479875764772375424e-01,2.236286386463764153e-01,2.789830895170073433e-01,-1.614479847092012421e-01,5.114587288872877169e-01,1.287501743767095197e-01,5.048659387624623296e-01,2.486095861683163544e-01,2.723383390261608361e-01,6.284652882458688361e-02,3.616950794546214820e-01,3.124256117906409336e-01,3.208964063283218371e-01,4.781482168948142930e-01,1.000000000000000000e+00,4.004492901892585666e-01,2.001937790918670301e-01,4.283109070432145754e-02,2.252079696105363238e-01,4.361996436091430396e-01,4.903987972332299328e-01,2.091203689094428553e-02,3.922079709684148652e-01,4.204972405620586717e-01,3.525329630702738748e-01,2.524099419231400909e-01,-1.093888999630851788e-01,1.549236743695580898e-01,3.217123622457722654e-01,3.206298952863212426e-01
3.423860970655452363e-01,3.198632791468005165e-01,2.660428781706028478e-01,3.040912147694056489e-01,4.311475788271108556e-01,-5.633768213161092359e-02,2.223639819084761715e-01,-2.066387346287306970e-01,3.442122710187696111e-01,5.268755630785992849e-01,2.450655905980956006e-01,3.093404154875207812e-01,1.129045227553202024e-01,5.522516015151280877e-01,-3.826378283329110591e-02,4.294062696945630808e-01,2.334168038090638983e-02,2.690815480491332568e-01,2.101457399680799754e-01,3.202119628849731114e-01,3.730621690731556472e-01,3.291025972462691684e-01,5.449731008592290094e-01,4.004492901892585666e-01,1.000000000000000000e+00,4.810319682401282410e-02,3.844968064476220748e-01,1.617051631471834727e-01,3.702030615718996942e-01,4.098972975861243095e-01,-3.388237403541061871e-02,5.255015853513537172e-01,4.450512243558146785e-01,4.383452298610122644e-01,4.834465059130935161e-01,1.093900295581341220e-01,3.544958414006250114e-01,4.541584240971947573e-01,4.598818849227218619e-01
3.826916629326232444e-01,2.306492308069501285e-01,1.363874824945310593e-01,-8.429782437658521477e-02,1.991680693892636800e-01,-1.994784894817682730e-01,-3.043090732844658253e-02,-5.156683787336985986e-02,3.642127109602543156e-01,1.439760915774837835e-01,2.997716151851378408e-01,2.304049754349706339e-02,7.298850083381493159e-02,2.416603437266373056e-01,3.364451315682657762e-01,3.465355356647877860e-01,4.886545483924539246e-01,1.948800912573321054e-01,1.190442191678655337e-01,1.708616161454648563e-01,2.467998885344503679e-01,1.002352606498088800e-01,1.554545308839425932e-01,2.001937790918670301e-01,4.810319682401282410e-02,1.000000000000000000e+00,1.327720423116267312e-01,5.370083860640317841e-01,5.535442758690017895e-01,1.128962542979688316e-01,4.914255914380489254e-01,2.121807857713213785e-01,3.493548584240930288e-01,1.790943747741567671e-01,1.410756252697079050e-01,1.082232854211525874e-01,2.825531007375833292e-01,3.978530548900485742e-02,8.095062933295783802e-02
2.716450741373762079e-01,1.528848734491587702e-01,1.420417985957107276e-01,1.238440911302752107e-01,4.024362589265139678e-01,-2.302455250997262060e-01,-3.369408091930567450e-02,-1.122711792311363865e-01,2.574358074624910064e-01,6.992541057537966509e-01,4.383274214664414220e-02,3.376012445711721877e-01,5.227541234767242306e-01,8.298238372157901166e-02,-2.330014772679366297e-01,3.077134207902111895e-01,-9.496179144619772139e-02,2.415229573011476449e-01,1.066353061655181123e-01,-7.103987336473506498e-02,2.211485255480288015e-01,1.097238330656247346e-01,3.180635139441940207e-01,4.283109070432145754e-02,3.844968064476220748e-01,1.327720423116267312e-01,1.000000000000000000e+00,7.668924246257251276e-02,5.854743417878921496e-02,3.384897512243798534e-01,-2.418182315044497821e-01,3.263090637300833374e-01,2.192856726429141812e-01,2.921902904306556970e-01,4.095412085621562559e-01,2.769817447469887645e-02,2.816039180221288074e-01,6.273033071976555908e-01,6.054614359171721638e-01
3.757401646317086730e-01,1.963335371167201637e-01,2.045796712346366064e-01,-8.986982493808153005e-02,3.001328008733774588e-01,-1.333117476128938828e-01,9.091614802992326050e-02,-1.227319363889831233e-01,2.950520210394888543e-01,1.281608294357496070e-01,3.363044954510469586e-01,6.177568185845168369e-02,1.029423764841005118e-01,3.613197992006424442e-01,3.874612810353893488e-01,4.690393069669699377e-01,5.579603169733635681e-01,4.697296289888545084e-01,1.688353058964614517e-01,2.801865106296563268e-01,4.610450166185815490e-01,3.578160694840648581e-01,1.539741837143533965e-01,2.252079696105363238e-01,1.617051631471834727e-01,5.370083860640317841e-01,7.668924246257251276e-02,1.000000000000000000e+00,5.708675413291547374e-01,1.675669133649807241e-01,2.942068073816177520e-01,2.994914732342928709e-01,4.828830536041495147e-01,2.847704642199115899e-01,3.616501639917208411e-01,2.213109785604742696e-01,4.276348084943252803e-01,1.236807728885986890e-01,4.600206114665569140e-02
6.311897194348933260e-01,4.609643689810569711e-01,2.165930891006851433e-01,1.497037990353235481e-01,3.108590671331634137e-01,-7.212608509176071658e-02,1.840752756695024639e-01,-1.293087485334331876e-01,4.149680369151225734e-01,1.705680179755265646e-01,4.022427171187549777e-01,5.441869197190955798e-02,-1.256311319250816294e-01,5.713688469052031760e-01,4.224327765129778922e-01,4.843926087426097538e-01,4.144273997249011132e-01,3.033262113240901003e-01,2.418654688462658076e-01,4.843137374961774544e-01,4.393841410538680825e-01,3.724634705415630909e-01,2.908456069717040293e-01,4.361996436091430396e-01,3.702030615718996942e-01,5.535442758690017895e-01,5.854743417878921496e-02,5.708675413291547374e-01,1.000000000000000000e+00,3.413834877299537496e-01,2.779425574730236548e-01,5.516326535122574315e-01,4.313077450583863159e-01,2.325886948374625840e-01,4.122477383895776226e-01,2.564765706607495810e-01,6.075891065015822656e-01,1.062382207312901755e-01,1.430978438623672633e-01
4.411807924275289450e-01,2.190748899026791763e-01,2.894485040794920194e-01,3.053871186456325604e-01,3.317866198875686345e-01,-1.967365988591590620e-01,1.464940974200021062e-01,-2.993575062193697400e-01,2.437224433175061988e-01,5.470913957504808245e-01,1.462447384391604432e-01,1.399680172856684890e-01,1.500479012501594878e-01,3.791299062243023155e-01,-7.690423866478883486e-02,6.723353957568598549e-01,1.894138709822565936e-01,1.762375890629766240e-01,3.521343299800989285e-02,2.655647498185542688e-01,4.834536783802657056e-01,3.530244570095921186e-01,5.247046634703067536e-01,4.903987972332299328e-01,4.098972975861243095e-01,1.128962542979688316e-01,3.384897512243798534e-01,1.675669133649807241e-01,3.413834877299537496e-01,1.000000000000000000e+00,-1.894715811312171483e-01,3.785875267465950711e-01,3.528502920138787968e-01,2.687712954494901330e-01,3.729977327601988746e-01,-2.957302220588669053e-03,2.846288508274664730e-01,5.016533594857713885e-01,3.570324772764861820e-01
7.747972898226859750e-02,2.682349747799770423e-01,-1.950967097540957373e-01,-2.497914768301496835e-01,-1.950502935484565992e-01,1.196489618922465387e-01,1.464432662241818006e-01,2.567363570569572429e-01,-8.627452494109413839e-02,-1.881900620336384444e-01,4.241924523927196877e-01,-7.009865500596983157e-02,7.372979340465782294e-02,2.310002417023482024e-01,5.108684109266720119e-01,5.242010252095057575e-03,2.966190647786330903e-01,-2.336788001021243566e-01,-7.685836663062430019e-02,2.078729189127924426e-01,-2.568033203082328159e-02,1.190147641200598738e-01,6.753039902590811383e-02,2.091203689094428553e-02,-3.388237403541061871e-02,4.914255914380489254e-01,-2.418182315044497821e-01,2.942068073816177520e-01,2.779425574730236548e-01,-1.894715811312171483e-01,1.000000000000000000e+00,1.624891483275215098e-01,6.186732674800989734e-03,-1.688202207518075815e-01,-3.851622044982841442e-02,3.404521765890778373e-01,1.014758750784816449e-01,-4.168697913063175164e-01,-2.184821800632543165e-01
4.557435690878745560e-01,7.482570345654917521e-01,1.551059543922190531e-01,2.344593993970594537e-01,3.848413469817609234e-01,-9.950808063080891774e-02,4.836918668293458401e-01,-5.635620352109263487e-02,3.709755578801839371e-01,4.284206562126147144e-01,5.841822529585825041e-01,4.302699782848147803e-01,2.932803694104347270e-01,5.711414624009539809e-01,3.305855361635706702e-01,5.183659302166837568e-01,1.644717252822789633e-01,2.614961403647013682e-01,2.318073855247971826e-01,5.165762750693405625e-01,3.762091712072422323e-01,5.568877934199221169e-01,5.509489394574359489e-01,3.922079709684148652e-01,5.255015853513537172e-01,2.121807857713213785e-01,3.263090637300833374e-01,2.994914732342928709e-01,5.516326535122574315e-01,3.785875267465950711e-01,1.624891483275215098e-01,1.000000000000000000e+00,3.602444177684843707e-01,2.893470315664155579e-01,5.861080523708669388e-01,4.073431632159085214e-01,5.750147324049916797e-01,2.845753944920740297e-01,5.225218317638831156e-01
2.727825391916862130e-01,1.791639430501568986e-01,6.149774095396901563e-01,2.548288563597933543e-01,6.702686534269970409e-01,-1.908032139127595062e-01,1.509107494894227630e-01,-5.061942606075966467e-01,5.002379990880223559e-01,4.604087666384950595e-01,2.582979269833369229e-01,2.849164847568708692e-01,6.497809894190535729e-02,5.940720688455495280e-01,8.924674573834211200e-02,5.573878163033788580e-01,2.989559405006355086e-01,4.580103228979301999e-01,3.902530227059293200e-01,4.008535380039252582e-01,6.537581621551311617e-01,5.032285087041842297e-01,3.354430620758950266e-01,4.204972405620586717e-01,4.450512243558146785e-01,3.493548584240930288e-01,2.192856726429141812e-01,4.828830536041495147e-01,4.313077450583863159e-01,3.528502920138787968e-01,6.186732674800989734e-03,3.602444177684843707e-01,1.000000000000000000e+00,6.955771875347855904e-01,3.590300362757802843e-01,-9.257668737963130334e-02,2.282153884906595875e-01,3.884725225520045955e-01,3.869553796182473304e-01
1.668044701410177910e-01,1.276824224117003581e-01,4.721420064895626156e-01,4.147181365923416907e-01,6.902307279484042324e-01,-2.162119288369356018e-01,1.968711822545941292e-01,-3.999234800527168843e-01,6.514568245388809853e-01,4.642940338353803154e-01,-2.234408149008179981e-02,4.444275011232878270e-01,4.018190957802753732e-02,4.955521272846261094e-01,-5.870342812945320010e-02,4.201921600609994090e-01,-2.279615365564963830e-02,4.971691046685849935e-01,2.228845239493397468e-01,2.633250768343179948e-01,4.540636382124446646e-01,3.547348717332349244e-01,2.928446047406161878e-01,3.525329630702738748e-01,4.383452298610122644e-01,1.790943747741567671e-01,2.921902904306556970e-01,2.847704642199115899e-01,2.325886948374625840e-01,2.687712954494901330e-01,-1.688202207518075815e-01,2.893470315664155579e-01,6.955771875347855904e-01,1.000000000000000000e+00,2.274984105778385390e-01,-1.445681316759121759e-01,9.778587543365592494e-02,5.713451659501855850e-01,5.191321167472163767e-01
3.818002013532616479e-01,3.934982044557408520e-01,2.651285567324758730e-01,2.236216197366412139e-01,4.342248923513460368e-01,-7.553334670575501120e-02,3.369325421411384358e-01,-1.828167130321750045e-01,1.809169435736777132e-01,4.576959289712178580e-01,4.658840625190394102e-01,2.322424876957232820e-01,3.511540209996165118e-01,4.302333636058157662e-01,1.687902268186993182e-01,5.216004392344041340e-01,2.500442140574203886e-01,2.489901999087276163e-01,2.682724401312764906e-01,4.092934628620338300e-01,5.070844383639997455e-01,5.150207664556355480e-01,4.209879610289623542e-01,2.524099419231400909e-01,4.834465059130935161e-01,1.410756252697079050e-01,4.095412085621562559e-01,3.616501639917208411e-01,4.122477383895776226e-01,3.729977327601988746e-01,-3.851622044982841442e-02,5.861080523708669388e-01,3.590300362757802843e-01,2.274984105778385390e-01,1.000000000000000000e+00,2.431073341560850976e-01,5.801455085302100745e-01,3.464983077410189738e-01,3.657256204752151185e-01
2.756597234361788940e-01,5.169425469621420355e-01,-6.723981709707661791e-02,-1.207560348451836713e-01,7.091831815796089365e-03,7.785199453854672880e-02,2.247738463005939380e-01,1.496557729744824039e-01,7.638361094630648218e-02,-7.225874777728005446e-03,4.422752534036560879e-01,9.056619507468695318e-02,2.322320347258609308e-01,1.955991213822675379e-01,2.791523023048351759e-01,1.434521704499169825e-01,9.881408220975929080e-02,1.719010757884694221e-02,1.331108229671423004e-01,2.221629302020624586e-01,1.362496754820089091e-02,2.082795094949666803e-01,1.904526873564767186e-01,-1.093888999630851788e-01,1.093900295581341220e-01,1.082232854211525874e-01,2.769817447469887645e-02,2.213109785604742696e-01,2.564765706607495810e-01,-2.957302220588669053e-03,3.404521765890778373e-01,4.073431632159085214e-01,-9.257668737963130334e-02,-1.445681316759121759e-01,2.431073341560850976e-01,1.000000000000000000e+00,3.514161458399352456e-01,-9.350941986346698875e-02,7.979086431130384682e-02
5.047216520478685631e-01,5.078182500601565730e-01,7.968681129933274931e-02,9.740991272503541493e-03,2.658241827537053958e-01,1.541515358777642841e-01,9.267278350741418869e-02,-6.017070123940197746e-03,2.606913262208473969e-01,2.451474422198184344e-01,2.948804239223941082e-01,3.363962776271441774e-02,1.377085594572766691e-01,3.858052047618052427e-01,1.614668609343832828e-01,3.594255627432051403e-01,1.885783364298824483e-01,2.219738566143288072e-01,2.315774313842243470e-01,2.039036905841657144e-01,3.038912819702952461e-01,2.520719766219099434e-01,3.157757756764852930e-01,1.549236743695580898e-01,3.544958414006250114e-01,2.825531007375833292e-01,2.816039180221288074e-01,4.276348084943252803e-01,6.075891065015822656e-01,2.846288508274664730e-01,1.014758750784816449e-01,5.750147324049916797e-01,2.282153884906595875e-01,9.778587543365592494e-02,5.801455085302100745e-01,3.514161458399352456e-01,1.000000000000000000e+00,1.532838335061361412e-01,2.484245830752020157e-01
3.091898335498945438e-01,1.351801957115676411e-01,2.517518353560315170e-01,3.937080502205128063e-01,4.884834426371164051e-01,-4.135561782589139979e-01,9.318064115043254991e-02,-2.158408874838357583e-01,4.911044501382173522e-01,7.175793696264645138e-01,-9.415819996318031126e-02,5.291184626405386338e-01,2.421341436747540266e-01,2.622537088194317190e-01,-2.113442504789011522e-01,5.717553567853158603e-01,-1.395520320775557599e-01,5.326864722759067083e-01,1.129454096663235207e-01,9.993289010467819311e-02,3.724628427464267699e-01,2.005198618054249982e-01,4.054510486375731970e-01,3.217123622457722654e-01,4.541584240971947573e-01,3.978530548900485742e-02,6.273033071976555908e-01,1.236807728885986890e-01,1.062382207312901755e-01,5.016533594857713885e-01,-4.168697913063175164e-01,2.845753944920740297e-01,3.884725225520045955e-01,5.713451659501855850e-01,3.464983077410189738e-01,-9.350941986346698875e-02,1.532838335061361412e-01,1.000000000000000000e+00,6.936492712627053692e-01
3.206127457998316777e-01,4.832566497202167577e-01,2.780732353427258219e-01,2.758922979218708105e-01,5.337498086636427441e-01,-2.986730557777453332e-01,2.019689700470645444e-01,-2.172240976528284906e-01,6.041336330207505156e-01,6.807118049485402222e-01,1.510062856215549643e-01,6.531574415457571670e-01,3.866891901744408666e-01,3.787631307911363820e-01,-1.024672072079455820e-01,4.549885015043593217e-01,-1.421354150761017510e-01,4.101067949004338908e-01,2.633333480246414227e-01,2.178348904698405863e-01,3.283677966938052806e-01,3.255872272506205589e-01,4.456207259980652369e-01,3.206298952863212426e-01,4.598818849227218619e-01,8.095062933295783802e-02,6.054614359171721638e-01,4.600206114665569140e-02,1.430978438623672633e-01,3.570324772764861820e-01,-2.184821800632543165e-01,5.225218317638831156e-01,3.869553796182473304e-01,5.191321167472163767e-01,3.657256204752151185e-01,7.979086431130384682e-02,2.484245830752020157e-01,6.936492712627053692e-01,1.000000000000000000e+00
