1.000000000000000000e+00,1.965063195984617650e-01,3.855857297068728262e-01,2.848887871192618548e-01,5.592604765563780056e-01,4.640713297821915662e-01,-5.884791840023719800e-01,-5.658729897325057712e-01,3.082812694040519830e-01,6.597563682791864892e-01,2.483784490969374315e-01,-4.406908175590092402e-01,6.034805528899723770e-01,7.089534560541264074e-01,8.220056057162734853e-02,5.406327453860381160e-01,7.055283861091874442e-01,3.704346047792956287e-01,-1.837992218800899857e-01,-5.757057957983015006e-01,-5.755680012211096264e-01,-4.535106972482401133e-01,5.045309895574955350e-01,4.093372403075761223e-01,6.194703278733436624e-01,6.012523079225459144e-01,-4.696553793984883374e-01,1.828175048979567008e-01,7.489825727398772282e-01,6.929201055295944878e-01,-3.684184903800683530e-01,-5.952823906232718176e-02,-2.446651494394835036e-01,1.775558114734589743e-01,5.232638907101943015e-01,2.602028892315872977e-01,6.712179525252924828e-01,6.014781418564336679e-01,-2.730666419712431958e-01
1.965063195984617650e-01,1.000000000000000000e+00,4.431894489417417121e-02,7.893737828961462644e-02,2.318132887174962353e-01,-4.826369062579806690e-01,4.984828704626729223e-01,4.851965738898258301e-02,6.638776764106473216e-01,1.729406803195835118e-01,5.579162848244523243e-01,5.153167282703020602e-01,-4.424994238498741184e-01,3.634114186210127828e-01,-1.540107593124252772e-01,5.546996721387944529e-01,-1.895374235622700188e-01,-2.691472371618942039e-01,3.211941797721714620e-01,3.213945648289999180e-01,2.598346571908143332e-01,2.762248982728038316e-01,5.416792557882980086e-01,1.859387806847335456e-01,2.527703255950483618e-02,-2.338916204864358583e-01,4.861263260224865657e-01,-6.121848861810185588e-02,-2.839551844244657675e-01,3.350492856783757190e-01,5.875034323207686260e-01,6.691072539779898687e-01,3.431907529716191618e-01,5.313703955518370714e-01,2.867178711372964095e-01,9.876431801713339564e-02,-2.076690777396859519e-02,-7.625223333867262032e-02,6.216884809838779669e-01
3.855857297068728262e-01,4.431894489417417121e-02,1.000000000000000000e+00,1.910550315752567452e-01,6.817264801216412762e-01,3.081035660789910313e-01,-2.190430456781239654e-01,-6.466886313525398444e-01,9.505766936121741451e-02,5.723086380674566875e-01,4.223425454681261071e-01,-3.181513257471527134e-01,2.002610355523931351e-01,4.954814476137144319e-01,-3.835053916476511421e-02,2.111441465581499477e-01,3.423030815943762240e-01,3.798581566060247328e-01,1.942352849367427053e-02,-2.180011017825906339e-01,-2.870637524488913600e-02,1.556990507184336792e-01,3.159073613640530076e-01,4.600335189337289021e-01,4.802312368827796329e-01,5.392702704715667261e-01,-8.571151176738391053e-02,4.800569267293150477e-01,3.727268494717770331e-01,4.798329520601218867e-01,-4.080150496001322402e-02,2.859994953983899246e-01,2.886170274350427500e-01,2.659137525374032918e-01,3.218090706078720054e-01,7.374741899387902977e-02,5.686961262479506285e-01,2.169870784087602478e-01,-1.778555814547090330e-01
2.848887871192618548e-01,7.893737828961462644e-02,1.910550315752567452e-01,1.000000000000000000e+00,2.774519010657614526e-01,1.438494482250659012e-01,-1.725643660875027519e-01,-3.396503711808958603e-01,3.153914241732611035e-01,2.696056923657474402e-01,-1.016254391088807357e-01,-3.146587784305658608e-02,3.290285237663753137e-01,2.564676696483406126e-01,2.331350360542125966e-01,1.659061157187272650e-01,2.722881742794944215e-01,5.034098127974515613e-01,-1.119232425637257805e-01,-2.634618060834095221e-01,-3.451036224848065825e-01,-3.450105121900136629e-01,3.164128826170712894e-01,2.783454346999957862e-01,3.891990497436391139e-01,8.897043299934023763e-02,-2.775284988425683608e-01,6.441602960116496988e-03,2.343631209943537463e-01,3.215483268987627263e-01,-2.744739717692271652e-01,-1.428780754999255109e-01,-2.526117530392337773e-01,2.028187013492907531e-01,5.481923799207099463e-02,-8.229543011838358346e-02,2.369177785280870696e-01,2.561694492536453205e-01,-6.344425833638359102e-02
5.592604765563780056e-01,2.318132887174962353e-01,6.817264801216412762e-01,2.774519010657614526e-01,1.000000000000000000e+00,2.461070703203069587e-01,-2.952430874652429704e-01,-5.706458115483306059e-01,4.591388025566944808e-01,5.613305884992402239e-01,4.531567118374599801e-01,-1.730815129522233209e-01,2.733594870050690129e-01,8.172829892013895314e-01,1.945683164680844235e-01,4.423376071729779868e-01,4.640219605744644871e-01,2.773471104826883971e-01,9.366652907974155895e-02,-3.093387520523590561e-01,-2.468645663305223670e-01,-6.411125734958070255e-02,4.666210743559455199e-01,4.862313859531783300e-01,5.013216383353351624e-01,5.089541442741037924e-01,-8.654957050166796340e-02,2.359142408527637180e-01,4.592338516040510576e-01,5.361750162634879580e-01,-4.626546122169710590e-02,2.933022269115539427e-01,2.259346759586021713e-01,6.098976678301154530e-01,4.289949160957732266e-01,1.346201156304005220e-01,5.163679077968290621e-01,4.344543987167105437e-01,2.294415831046820505e-03
4.640713297821915662e-01,-4.826369062579806690e-01,3.081035660789910313e-01,1.438494482250659012e-01,2.461070703203069587e-01,1.000000000000000000e+00,-7.669619419047787323e-01,-4.185139723056705563e-01,-4.250916012070774519e-01,5.189710371065168193e-01,-2.144789880138338323e-01,-8.256960131303815453e-01,7.343627365759647363e-01,2.276873216047081705e-01,-4.006296417349461403e-02,-2.646504567118652604e-02,7.287380981950711822e-01,4.408827069081431849e-01,-6.072180372158931805e-01,-6.754381651650936957e-01,-5.607154396957454434e-01,-4.841750225669154695e-01,-2.094786304473167035e-02,2.905498589240003149e-01,5.609684496714952839e-01,5.047278148764463568e-01,-7.417866375504846843e-01,2.178755234949512898e-01,7.957751296703192700e-01,2.737195004022612843e-01,-7.056275388046878705e-01,-4.411849794393459256e-01,-3.436413245917371295e-01,-3.386257009054579603e-01,1.208730308249889446e-01,6.394080070209660904e-02,6.764333119580083764e-01,2.008910840934363118e-01,-7.946883870001425487e-01
-5.884791840023719800e-01,4.984828704626729223e-01,-2.190430456781239654e-01,-1.725643660875027519e-01,-2.952430874652429704e-01,-7.669619419047787323e-01,1.000000000000000000e+00,5.352731161602499732e-01,2.175870367979592934e-01,-4.790515120519620029e-01,2.184131847908511725e-01,7.456030060855403097e-01,-8.690065030829688952e-01,-3.297814347839124194e-01,-1.606097409744733917e-01,-6.230717084350212431e-02,-7.372968934221046933e-01,-4.597563904118289191e-01,5.058437292351378733e-01,8.186918718864022448e-01,7.632118815141810675e-01,6.983532916565192705e-01,-2.151303808860369898e-02,-2.206614057844078491e-01,-5.518986160489559589e-01,-5.586970984767077875e-01,7.998760703461591515e-01,-2.829463177451284686e-02,-8.069196751156335612e-01,-3.516718065275185601e-01,8.071032798683087650e-01,5.357463926340521043e-01,5.183755613220013547e-01,2.101170289005934722e-01,-1.271574454413255673e-01,-1.642046543336811715e-01,-5.869078756301528976e-01,-4.833958523045554512e-01,6.939243496479946538e-01
-5.658729897325057712e-01,4.851965738898258301e-02,-6.466886313525398444e-01,-3.396503711808958603e-01,-5.706458115483306059e-01,-4.185139723056705563e-01,5.352731161602499732e-01,1.000000000000000000e+00,-1.414954214539364263e-01,-6.544805191327383032e-01,-1.731835892986289815e-01,4.135989886951509376e-01,-6.008433904629842948e-01,-5.079529999785779015e-01,-8.823582573368778104e-02,-3.580263123701366568e-01,-5.681900948385653072e-01,-5.172474479709469053e-01,1.421122153872188820e-01,6.549132033431277478e-01,5.592689947433087116e-01,4.668501235605026500e-01,-4.046876517209195279e-01,-4.186203983582444943e-01,-6.663395502984971186e-01,-4.869181673382895759e-01,4.387460108910472556e-01,-7.408909879408110983e-04,-5.443122493541345808e-01,-6.035225696153264652e-01,4.751444095421522573e-01,8.965596188321875437e-02,2.997173458995007755e-01,-8.804037810778687911e-02,-2.686182680815977775e-01,-2.539396655756665511e-01,-6.140159081721973111e-01,-4.247433490533866207e-01,2.830491095501027066e-01
3.082812694040519830e-01,6.638776764106473216e-01,9.505766936121741451e-02,3.153914241732611035e-01,4.591388025566944808e-01,-4.250916012070774519e-01,2.175870367979592934e-01,-1.414954214539364263e-01,1.000000000000000000e+00,1.658553622563127827e-01,4.628060837482630974e-01,5.117194203667798647e-01,-1.320852518732737180e-01,5.909775798395616730e-01,2.542755030008737038e-01,5.867803337887321780e-01,1.376078298261947108e-02,-1.724236219789744562e-02,4.891716912947711715e-01,5.525847841731432175e-02,-4.720303756337013851e-02,-5.311203588020740191e-03,6.219057830697093392e-01,2.624735357028712412e-01,1.721864196085866328e-01,-3.950642646956437076e-02,2.729019144457703328e-01,-1.942645412334757515e-01,-1.178732981585012968e-01,3.961264078222649365e-01,3.368483705663154470e-01,4.012882297676353405e-01,1.809640083095241103e-01,7.826788892419774823e-01,3.197924918273972739e-01,6.173112642583645365e-02,-2.429405924668240693e-02,3.824708384892039903e-01,6.461363146834957494e-01
6.597563682791864892e-01,1.729406803195835118e-01,5.723086380674566875e-01,2.696056923657474402e-01,5.613305884992402239e-01,5.189710371065168193e-01,-4.790515120519620029e-01,-6.544805191327383032e-01,1.658553622563127827e-01,1.000000000000000000e+00,3.594328253376816162e-01,-4.245885567244390146e-01,5.216871082841546547e-01,5.984758047299064687e-01,3.875091918393046980e-02,6.319372280786675899e-01,6.296645540730007040e-01,4.275000733230659433e-01,-2.452751316080765687e-01,-5.292559489509240933e-01,-4.234481577835335631e-01,-3.269186435295854953e-01,5.895283303554428311e-01,6.793773266796595545e-01,8.181128126122705346e-01,4.936189268887408166e-01,-4.351210392367418911e-01,2.117614688243955601e-01,6.160700631096457380e-01,7.880644349662773163e-01,-3.439865935088050053e-01,9.760647266365772567e-02,-1.140071537354006709e-01,1.419872403093710156e-01,4.434200571575047656e-01,2.747459946286545107e-01,7.834190064933055364e-01,3.380005509060274305e-01,-2.953041157257692007e-01
2.483784490969374315e-01,5.579162848244523243e-01,4.223425454681261071e-01,-1.016254391088807357e-01,4.531567118374599801e-01,-2.144789880138338323e-01,2.184131847908511725e-01,-1.731835892986289815e-01,4.628060837482630974e-01,3.594328253376816162e-01,1.000000000000000000e+00,2.243456097888726630e-01,-2.642457096397193839e-01,4.882578905151415682e-01,-1.455012791362642333e-01,4.801901929907653188e-01,8.814787263295555120e-02,-1.299301981438612807e-01,3.266962076834386552e-01,1.695497022509842300e-01,2.919011990441192084e-01,3.678112083934231835e-01,5.860851276023678613e-01,4.658621477876789263e-01,2.678145175825975000e-01,1.788314121944077073e-01,3.723207645094814833e-01,2.560808347226188331e-01,-5.901333972026200081e-02,4.034795440415985812e-01,4.884318266960963051e-01,7.197590163505499516e-01,5.216477882343691919e-01,5.258757423868799519e-01,4.561199786881403595e-01,1.546119873599976768e-01,2.448324164509236012e-01,1.822347493684967068e-01,4.431636191919682277e-01
-4.406908175590092402e-01,5.153167282703020602e-01,-3.181513257471527134e-01,-3.146587784305658608e-02,-1.730815129522233209e-01,-8.256960131303815453e-01,7.456030060855403097e-01,4.135989886951509376e-01,5.117194203667798647e-01,-4.245885567244390146e-01,2.243456097888726630e-01,1.000000000000000000e+00,-6.861287197799547100e-01,-1.010689036409166547e-01,2.391718484804636613e-01,1.587498554519633787e-01,-6.484283125468420783e-01,-2.898888057706311416e-01,6.440612440089911184e-01,6.218840008645655226e-01,4.826584993515525279e-01,4.248647906502232008e-01,1.792775950026982701e-01,-1.762921567894615571e-01,-4.270388198904824240e-01,-4.414283495849364303e-01,7.305950558316086640e-01,-2.443122821188120630e-01,-7.139138468890150468e-01,-1.806495034923200071e-01,6.805521759928411241e-01,4.534138209111623352e-01,3.254539361045868939e-01,3.990126706428836489e-01,-2.046644277727809047e-02,1.375834405314929447e-02,-6.008200250187520908e-01,-1.206266972382185332e-01,8.406131540201415842e-01
6.034805528899723770e-01,-4.424994238498741184e-01,2.002610355523931351e-01,3.290285237663753137e-01,2.733594870050690129e-01,7.343627365759647363e-01,-8.690065030829688952e-01,-6.008433904629842948e-01,-1.320852518732737180e-01,5.216871082841546547e-01,-2.642457096397193839e-01,-6.861287197799547100e-01,1.000000000000000000e+00,3.288241695034823109e-01,2.208456764589915855e-01,1.489990428710682990e-01,7.339942756096068388e-01,5.526422860282893534e-01,-4.733205916255331935e-01,-8.512127049733118067e-01,-8.330777484985637527e-01,-7.691538038779760500e-01,1.269865081417051178e-01,2.664287095045481668e-01,6.305797582114975874e-01,4.937620845217731702e-01,-8.661754435358645088e-01,-7.509840984901972050e-02,7.854112157807559003e-01,4.192390984087232542e-01,-8.641314229481201759e-01,-6.279308854822327479e-01,-6.302311687582462518e-01,-2.026958869808243580e-01,1.390754813131544476e-01,1.557814375105327220e-01,5.615914129397961974e-01,5.210583370453477636e-01,-6.485745084976943797e-01
7.089534560541264074e-01,3.634114186210127828e-01,4.954814476137144319e-01,2.564676696483406126e-01,8.172829892013895314e-01,2.276873216047081705e-01,-3.297814347839124194e-01,-5.079529999785779015e-01,5.909775798395616730e-01,5.984758047299064687e-01,4.882578905151415682e-01,-1.010689036409166547e-01,3.288241695034823109e-01,1.000000000000000000e+00,2.171302452662618454e-01,6.307202819651260839e-01,5.245459004859117647e-01,2.715991046984567170e-01,1.444274947098568018e-01,-3.772387963680647882e-01,-3.702924139033563211e-01,-2.014013096079461385e-01,6.221453588326431028e-01,5.403969587917014650e-01,5.476359927295604280e-01,5.006292070539337669e-01,-1.288452690310782911e-01,1.232758900730056562e-01,5.055010922019065323e-01,6.374671886884354377e-01,-5.460792312541660337e-02,2.777803662349047076e-01,1.134464398594073054e-01,5.874005024247591633e-01,5.527538772064669592e-01,1.840029820955238204e-01,5.298021586911935144e-01,5.386763894051084245e-01,6.373132884363641448e-02
8.220056057162734853e-02,-1.540107593124252772e-01,-3.835053916476511421e-02,2.331350360542125966e-01,1.945683164680844235e-01,-4.006296417349461403e-02,-1.606097409744733917e-01,-8.823582573368778104e-02,2.542755030008737038e-01,3.875091918393046980e-02,-1.455012791362642333e-01,2.391718484804636613e-01,2.208456764589915855e-01,2.171302452662618454e-01,1.000000000000000000e+00,2.055392830526133752e-01,5.129473209571302345e-02,3.879715867012759056e-01,2.407819065049775220e-01,-1.022988515945354310e-01,-2.313435067724309013e-01,-2.333720134360357523e-01,1.864843236121659642e-01,7.815154281015226911e-02,1.589163848266707535e-01,3.454467062722178516e-01,-1.066611079244726146e-01,1.965513715520349203e-02,1.342006277472094777e-01,1.642234306295855262e-01,-2.114842964324822605e-01,-2.279029756487613301e-01,-2.005122618102813392e-01,2.183984219114312175e-01,1.030845614787699038e-01,2.637485110446657344e-01,-2.458851367426545878e-02,5.233709397619482617e-01,7.194600365344035187e-02
5.406327453860381160e-01,5.546996721387944529e-01,2.111441465581499477e-01,1.659061157187272650e-01,4.423376071729779868e-01,-2.646504567118652604e-02,-6.230717084350212431e-02,-3.580263123701366568e-01,5.867803337887321780e-01,6.319372280786675899e-01,4.801901929907653188e-01,1.587498554519633787e-01,1.489990428710682990e-01,6.307202819651260839e-01,2.055392830526133752e-01,1.000000000000000000e+00,3.260894855502182166e-01,1.631971415969498684e-01,2.499077262742020744e-01,-1.712204734465234413e-01,-2.179802413255022275e-01,-1.711154814903072807e-01,7.640435645860330638e-01,5.056138927154911755e-01,4.849066946659975619e-01,2.339913229823061547e-01,-8.944104591389506406e-03,-3.956705922434479439e-02,2.558673258645645654e-01,7.124017270377555056e-01,8.035242305362108595e-02,3.119808013847512052e-01,-1.732236536590411533e-02,3.978913877283632994e-01,6.199811819476329644e-01,4.412485772302736642e-01,3.607851374581363957e-01,4.253335821531171179e-01,2.844329172484323376e-01
7.055283861091874442e-01,-1.895374235622700188e-01,3.423030815943762240e-01,2.722881742794944215e-01,4.640219605744644871e-01,7.287380981950711822e-01,-7.372968934221046933e-01,-5.681900948385653072e-01,1.376078298261947108e-02,6.296645540730007040e-01,8.814787263295555120e-02,-6.484283125468420783e-01,7.339942756096068388e-01,5.245459004859117647e-01,5.129473209571302345e-02,3.260894855502182166e-01,1.000000000000000000e+00,4.528492203910524649e-01,-3.364480519646887990e-01,-7.164746860659498839e-01,-6.573403149362905262e-01,-5.769636803477375953e-01,3.186643335356521556e-01,4.354965609959163264e-01,6.566972013283389753e-01,5.622378300546964081e-01,-6.325220595933601642e-01,1.080486762304817411e-01,8.244359342665765755e-01,5.411393175648191445e-01,-5.955849916784677900e-01,-2.751192090832534909e-01,-3.906833312476692965e-01,-4.214906104932249209e-02,3.908361942565275471e-01,2.781242372959739639e-01,7.277154855260939970e-01,5.202461112912969421e-01,-4.705796939488777197e-01
3.704346047792956287e-01,-2.691472371618942039e-01,3.798581566060247328e-01,5.034098127974515613e-01,2.773471104826883971e-01,4.408827069081431849e-01,-4.597563904118289191e-01,-5.172474479709469053e-01,-1.724236219789744562e-02,4.275000733230659433e-01,-1.299301981438612807e-01,-2.898888057706311416e-01,5.526422860282893534e-01,2.715991046984567170e-01,3.879715867012759056e-01,1.631971415969498684e-01,4.528492203910524649e-01,1.000000000000000000e+00,-1.008751767114956718e-02,-4.999583474013808426e-01,-5.081102769680675424e-01,-4.208037049854853606e-01,2.189080113645634762e-01,2.989240599024047818e-01,4.835796499082596345e-01,4.818984082165169713e-01,-4.410230141114290792e-01,1.437612179442229465e-01,5.105652540270297912e-01,4.411102302941641851e-01,-5.015937378637742583e-01,-2.771197255377944035e-01,-4.097800316719939495e-01,-1.587281119136690344e-01,1.441898036316810461e-01,1.743708348961012511e-01,4.721939194346659319e-01,4.200762058113969855e-01,-3.651801563883372848e-01
-1.837992218800899857e-01,3.211941797721714620e-01,1.942352849367427053e-02,-1.119232425637257805e-01,9.366652907974155895e-02,-6.072180372158931805e-01,5.058437292351378733e-01,1.421122153872188820e-01,4.891716912947711715e-01,-2.452751316080765687e-01,3.266962076834386552e-01,6.440612440089911184e-01,-4.733205916255331935e-01,1.444274947098568018e-01,2.407819065049775220e-01,2.499077262742020744e-01,-3.364480519646887990e-01,-1.008751767114956718e-02,1.000000000000000000e+00,4.632206924608610055e-01,3.700951033689900971e-01,4.011266755444625742e-01,2.577903660565741273e-01,6.977600611773916717e-04,-2.776641305141015481e-01,-3.720513647289131615e-02,6.034144800759665417e-01,5.491791358392485167e-03,-4.102776409745627628e-01,2.569887751452669400e-02,5.745883624479805052e-01,3.930283060087642610e-01,3.194298373646390354e-01,3.556016635922828462e-01,2.675568014134244721e-01,8.203042730574937325e-02,-3.624967878817438316e-01,1.881136695523828173e-01,6.766881573119563065e-01
-5.757057957983015006e-01,3.213945648289999180e-01,-2.180011017825906339e-01,-2.634618060834095221e-01,-3.093387520523590561e-01,-6.754381651650936957e-01,8.186918718864022448e-01,6.549132033431277478e-01,5.525847841731432175e-02,-5.292559489509240933e-01,1.695497022509842300e-01,6.218840008645655226e-01,-8.512127049733118067e-01,-3.772387963680647882e-01,-1.022988515945354310e-01,-1.712204734465234413e-01,-7.164746860659498839e-01,-4.999583474013808426e-01,4.632206924608610055e-01,1.000000000000000000e+00,8.598988174495221237e-01,7.878110957235827660e-01,-1.532778927805347191e-01,-2.424573398694544746e-01,-6.207718984942354190e-01,-3.701220752459276619e-01,7.623787701435886799e-01,2.547505370726159124e-01,-7.021403159221741852e-01,-4.186729346792474882e-01,7.798460395062118966e-01,4.850462418433292844e-01,6.081877886884108353e-01,1.322129116487333889e-01,-1.119409115942266719e-01,-1.453440007734770334e-01,-5.556960105410967410e-01,-4.088898385680033165e-01,5.561734786502985362e-01
-5.755680012211096264e-01,2.598346571908143332e-01,-2.870637524488913600e-02,-3.451036224848065825e-01,-2.468645663305223670e-01,-5.607154396957454434e-01,7.632118815141810675e-01,5.592689947433087116e-01,-4.720303756337013851e-02,-4.234481577835335631e-01,2.919011990441192084e-01,4.826584993515525279e-01,-8.330777484985637527e-01,-3.702924139033563211e-01,-2.313435067724309013e-01,-2.179802413255022275e-01,-6.573403149362905262e-01,-5.081102769680675424e-01,3.700951033689900971e-01,8.598988174495221237e-01,1.000000000000000000e+00,8.713535647163196396e-01,-1.525281545342992706e-01,-1.305481584736698508e-01,-5.195874303632548319e-01,-2.986183618721880428e-01,7.275776764921937367e-01,3.566018490537927743e-01,-6.683029344963137275e-01,-3.854502085697820712e-01,7.769608272818825379e-01,5.502314814813589194e-01,7.417695516449221982e-01,1.312127459433120591e-01,-1.021136281361589709e-01,-1.787339759784465909e-01,-4.446083172956655782e-01,-4.571548198384065564e-01,4.604142916932708607e-01
-4.535106972482401133e-01,2.762248982728038316e-01,1.556990507184336792e-01,-3.450105121900136629e-01,-6.411125734958070255e-02,-4.841750225669154695e-01,6.983532916565192705e-01,4.668501235605026500e-01,-5.311203588020740191e-03,-3.269186435295854953e-01,3.678112083934231835e-01,4.248647906502232008e-01,-7.691538038779760500e-01,-2.014013096079461385e-01,-2.333720134360357523e-01,-1.711154814903072807e-01,-5.769636803477375953e-01,-4.208037049854853606e-01,4.011266755444625742e-01,7.878110957235827660e-01,8.713535647163196396e-01,1.000000000000000000e+00,-1.189237512021206200e-01,-9.716281726348761916e-02,-4.628578460038522691e-01,-1.724480619250266245e-01,7.222460397882269900e-01,4.068161855960152895e-01,-5.405646556767811362e-01,-3.024654358365421181e-01,7.840848400194025958e-01,5.956180458193407468e-01,8.013410880336420128e-01,2.036424564196677167e-01,3.147762644378714753e-02,-1.767564418681703831e-01,-3.544124081109480406e-01,-3.754554474461802571e-01,4.364179499474180601e-01
5.045309895574955350e-01,5.416792557882980086e-01,3.159073613640530076e-01,3.164128826170712894e-01,4.666210743559455199e-01,-2.094786304473167035e-02,-2.151303808860369898e-02,-4.046876517209195279e-01,6.219057830697093392e-01,5.895283303554428311e-01,5.860851276023678613e-01,1.792775950026982701e-01,1.269865081417051178e-01,6.221453588326431028e-01,1.864843236121659642e-01,7.640435645860330638e-01,3.186643335356521556e-01,2.189080113645634762e-01,2.577903660565741273e-01,-1.532778927805347191e-01,-1.525281545342992706e-01,-1.189237512021206200e-01,1.000000000000000000e+00,6.512633489712981172e-01,6.391798765008942507e-01,2.546496146226408519e-01,1.277676228818616817e-02,3.966562956466691131e-02,2.073098976302408525e-01,7.272216081247725450e-01,1.108457185002553885e-01,3.888296930808112228e-01,6.659086907071275208e-02,4.586819862474871834e-01,6.037761304426599862e-01,3.144686330150451292e-01,4.124267284192565386e-01,4.384913674097810632e-01,2.977704199296853371e-01
4.093372403075761223e-01,1.859387806847335456e-01,4.600335189337289021e-01,2.783454346999957862e-01,4.862313859531783300e-01,2.905498589240003149e-01,-2.206614057844078491e-01,-4.186203983582444943e-01,2.624735357028712412e-01,6.793773266796595545e-01,4.658621477876789263e-01,-1.762921567894615571e-01,2.664287095045481668e-01,5.403969587917014650e-01,7.815154281015226911e-02,5.056138927154911755e-01,4.354965609959163264e-01,2.989240599024047818e-01,6.977600611773916717e-04,-2.424573398694544746e-01,-1.305481584736698508e-01,-9.716281726348761916e-02,6.512633489712981172e-01,1.000000000000000000e+00,6.970420090294685567e-01,3.625755155835805876e-01,-1.687124344775477180e-01,2.347374522563649701e-01,3.540169108642823859e-01,5.925161270561519755e-01,-8.920953330279783600e-02,2.821035942507608141e-01,1.490446530999014751e-01,2.852349346575557276e-01,4.310001251768159070e-01,1.082972585796751902e-01,6.062420384988908006e-01,2.850595709381957277e-01,-7.033092456083125943e-02
6.194703278733436624e-01,2.527703255950483618e-02,4.802312368827796329e-01,3.891990497436391139e-01,5.013216383353351624e-01,5.609684496714952839e-01,-5.518986160489559589e-01,-6.663395502984971186e-01,1.721864196085866328e-01,8.181128126122705346e-01,2.678145175825975000e-01,-4.270388198904824240e-01,6.305797582114975874e-01,5.476359927295604280e-01,1.589163848266707535e-01,4.849066946659975619e-01,6.566972013283389753e-01,4.835796499082596345e-01,-2.776641305141015481e-01,-6.207718984942354190e-01,-5.195874303632548319e-01,-4.628578460038522691e-01,6.391798765008942507e-01,6.970420090294685567e-01,1.000000000000000000e+00,4.976096445029113413e-01,-5.533677963381155029e-01,1.363952792188086738e-01,6.221937199049094591e-01,7.207983551683379009e-01,-4.766512554287164471e-01,-6.368183124301449172e-02,-2.258131739781836234e-01,1.360731210158575566e-01,3.729612855647846947e-01,2.079370234819472307e-01,7.629731362870186828e-01,4.341970860532859966e-01,-3.406987234782416496e-01
6.012523079225459144e-01,-2.338916204864358583e-01,5.392702704715667261e-01,8.897043299934023763e-02,5.089541442741037924e-01,5.047278148764463568e-01,-5.586970984767077875e-01,-4.869181673382895759e-01,-3.950642646956437076e-02,4.936189268887408166e-01,1.788314121944077073e-01,-4.414283495849364303e-01,4.937620845217731702e-01,5.006292070539337669e-01,3.454467062722178516e-01,2.339913229823061547e-01,5.622378300546964081e-01,4.818984082165169713e-01,-3.720513647289131615e-02,-3.701220752459276619e-01,-2.986183618721880428e-01,-1.724480619250266245e-01,2.546496146226408519e-01,3.625755155835805876e-01,4.976096445029113413e-01,1.000000000000000000e+00,-3.380936073892361060e-01,5.619155296351916462e-01,7.020323596653474940e-01,4.696731304881710534e-01,-3.385962069624907089e-01,-9.525208510887429869e-02,-2.825878567665988592e-02,1.516509732153131611e-02,4.491234570267029214e-01,2.829309343131353738e-01,6.190654811556781656e-01,6.285694164525713612e-01,-3.765128677494800069e-01
-4.696553793984883374e-01,4.861263260224865657e-01,-8.571151176738391053e-02,-2.775284988425683608e-01,-8.654957050166796340e-02,-7.417866375504846843e-01,7.998760703461591515e-01,4.387460108910472556e-01,2.729019144457703328e-01,-4.351210392367418911e-01,3.723207645094814833e-01,7.305950558316086640e-01,-8.661754435358645088e-01,-1.288452690310782911e-01,-1.066611079244726146e-01,-8.944104591389506406e-03,-6.325220595933601642e-01,-4.410230141114290792e-01,6.034144800759665417e-01,7.623787701435886799e-01,7.275776764921937367e-01,7.222460397882269900e-01,1.277676228818616817e-02,-1.687124344775477180e-01,-5.533677963381155029e-01,-3.380936073892361060e-01,1.000000000000000000e+00,4.380726100281257668e-02,-6.804309819307480245e-01,-2.835287414273462425e-01,8.756251889393155130e-01,7.087309493101984215e-01,6.149741746307682000e-01,3.045763490405447027e-01,4.481652973549712926e-02,-5.639941545434715153e-02,-5.007293678283688543e-01,-3.351603874670431860e-01,7.277549268858495291e-01
1.828175048979567008e-01,-6.121848861810185588e-02,4.800569267293150477e-01,6.441602960116496988e-03,2.359142408527637180e-01,2.178755234949512898e-01,-2.829463177451284686e-02,-7.408909879408110983e-04,-1.942645412334757515e-01,2.117614688243955601e-01,2.560808347226188331e-01,-2.443122821188120630e-01,-7.509840984901972050e-02,1.232758900730056562e-01,1.965513715520349203e-02,-3.956705922434479439e-02,1.080486762304817411e-01,1.437612179442229465e-01,5.491791358392485167e-03,2.547505370726159124e-01,3.566018490537927743e-01,4.068161855960152895e-01,3.966562956466691131e-02,2.347374522563649701e-01,1.363952792188086738e-01,5.619155296351916462e-01,4.380726100281257668e-02,1.000000000000000000e+00,2.480454622456120528e-01,1.523206713054745254e-01,1.411099038314716225e-01,2.296926884631799448e-01,4.347909980072898195e-01,-8.157128552432136095e-03,2.264054049799077151e-01,-1.392601243074491997e-03,3.694788561740356414e-01,8.935034927522454706e-02,-2.341059415460033655e-01
7.489825727398772282e-01,-2.839551844244657675e-01,3.727268494717770331e-01,2.343631209943537463e-01,4.592338516040510576e-01,7.957751296703192700e-01,-8.069196751156335612e-01,-5.443122493541345808e-01,-1.178732981585012968e-01,6.160700631096457380e-01,-5.901333972026200081e-02,-7.139138468890150468e-01,7.854112157807559003e-01,5.055010922019065323e-01,1.342006277472094777e-01,2.558673258645645654e-01,8.244359342665765755e-01,5.105652540270297912e-01,-4.102776409745627628e-01,-7.021403159221741852e-01,-6.683029344963137275e-01,-5.405646556767811362e-01,2.073098976302408525e-01,3.540169108642823859e-01,6.221937199049094591e-01,7.020323596653474940e-01,-6.804309819307480245e-01,2.480454622456120528e-01,1.000000000000000000e+00,5.110382169192466684e-01,-6.488242429466430927e-01,-3.432963684970076756e-01,-3.675819168505838341e-01,-1.366341865999061433e-01,4.036117792525109604e-01,2.425430022123580276e-01,7.497693987367906043e-01,5.103789312413118395e-01,-6.260957890842587803e-01
6.929201055295944878e-01,3.350492856783757190e-01,4.798329520601218867e-01,3.215483268987627263e-01,5.361750162634879580e-01,2.737195004022612843e-01,-3.516718065275185601e-01,-6.035225696153264652e-01,3.961264078222649365e-01,7.880644349662773163e-01,4.034795440415985812e-01,-1.806495034923200071e-01,4.192390984087232542e-01,6.374671886884354377e-01,1.642234306295855262e-01,7.124017270377555056e-01,5.411393175648191445e-01,4.411102302941641851e-01,2.569887751452669400e-02,-4.186729346792474882e-01,-3.854502085697820712e-01,-3.024654358365421181e-01,7.272216081247725450e-01,5.925161270561519755e-01,7.207983551683379009e-01,4.696731304881710534e-01,-2.835287414273462425e-01,1.523206713054745254e-01,5.110382169192466684e-01,1.000000000000000000e+00,-2.055792534555536399e-01,1.430161916692259116e-01,-1.490090090897539798e-01,2.155445312627734256e-01,5.636113722418644167e-01,3.913900929517552529e-01,6.276315702020154319e-01,4.882799928766422548e-01,-6.763056783391616089e-02
-3.684184903800683530e-01,5.875034323207686260e-01,-4.080150496001322402e-02,-2.744739717692271652e-01,-4.626546122169710590e-02,-7.056275388046878705e-01,8.071032798683087650e-01,4.751444095421522573e-01,3.368483705663154470e-01,-3.439865935088050053e-01,4.884318266960963051e-01,6.805521759928411241e-01,-8.641314229481201759e-01,-5.460792312541660337e-02,-2.114842964324822605e-01,8.035242305362108595e-02,-5.955849916784677900e-01,-5.015937378637742583e-01,5.745883624479805052e-01,7.798460395062118966e-01,7.769608272818825379e-01,7.840848400194025958e-01,1.108457185002553885e-01,-8.920953330279783600e-02,-4.766512554287164471e-01,-3.385962069624907089e-01,8.756251889393155130e-01,1.411099038314716225e-01,-6.488242429466430927e-01,-2.055792534555536399e-01,1.000000000000000000e+00,7.563667309675742301e-01,7.259944256104848836e-01,3.883061208595304237e-01,1.397713198614080055e-01,-1.028552195661517482e-01,-4.366578444674996673e-01,-3.126090372412483331e-01,7.282793733643045941e-01
-5.952823906232718176e-02,6.691072539779898687e-01,2.859994953983899246e-01,-1.428780754999255109e-01,2.933022269115539427e-01,-4.411849794393459256e-01,5.357463926340521043e-01,8.965596188321875437e-02,4.012882297676353405e-01,9.760647266365772567e-02,7.197590163505499516e-01,4.534138209111623352e-01,-6.279308854822327479e-01,2.777803662349047076e-01,-2.279029756487613301e-01,3.119808013847512052e-01,-2.751192090832534909e-01,-2.771197255377944035e-01,3.930283060087642610e-01,4.850462418433292844e-01,5.502314814813589194e-01,5.956180458193407468e-01,3.888296930808112228e-01,2.821035942507608141e-01,-6.368183124301449172e-02,-9.525208510887429869e-02,7.087309493101984215e-01,2.296926884631799448e-01,-3.432963684970076756e-01,1.430161916692259116e-01,7.563667309675742301e-01,1.000000000000000000e+00,6.887388066706083833e-01,4.804297549846795468e-01,2.711475479294427893e-01,4.545799377596385776e-02,2.920139186516340288e-02,-2.068571445173512380e-01,5.552225788143375640e-01
-2.446651494394835036e-01,3.431907529716191618e-01,2.886170274350427500e-01,-2.526117530392337773e-01,2.259346759586021713e-01,-3.436413245917371295e-01,5.183755613220013547e-01,2.997173458995007755e-01,1.809640083095241103e-01,-1.140071537354006709e-01,5.216477882343691919e-01,3.254539361045868939e-01,-6.302311687582462518e-01,1.134464398594073054e-01,-2.005122618102813392e-01,-1.732236536590411533e-02,-3.906833312476692965e-01,-4.097800316719939495e-01,3.194298373646390354e-01,6.081877886884108353e-01,7.417695516449221982e-01,8.013410880336420128e-01,6.659086907071275208e-02,1.490446530999014751e-01,-2.258131739781836234e-01,-2.825878567665988592e-02,6.149741746307682000e-01,4.347909980072898195e-01,-3.675819168505838341e-01,-1.490090090897539798e-01,7.259944256104848836e-01,6.887388066706083833e-01,1.000000000000000000e+00,4.753155446147493413e-01,1.197447709814525585e-01,-2.697766229178191200e-01,-1.508154931186891368e-01,-2.393892959581132296e-01,3.969801444640036481e-01
1.775558114734589743e-01,5.313703955518370714e-01,2.659137525374032918e-01,2.028187013492907531e-01,6.098976678301154530e-01,-3.386257009054579603e-01,2.101170289005934722e-01,-8.804037810778687911e-02,7.826788892419774823e-01,1.419872403093710156e-01,5.258757423868799519e-01,3.990126706428836489e-01,-2.026958869808243580e-01,5.874005024247591633e-01,2.183984219114312175e-01,3.978913877283632994e-01,-4.214906104932249209e-02,-1.587281119136690344e-01,3.556016635922828462e-01,1.322129116487333889e-01,1.312127459433120591e-01,2.036424564196677167e-01,4.586819862474871834e-01,2.852349346575557276e-01,1.360731210158575566e-01,1.516509732153131611e-02,3.045763490405447027e-01,-8.157128552432136095e-03,-1.366341865999061433e-01,2.155445312627734256e-01,3.883061208595304237e-01,4.804297549846795468e-01,4.753155446147493413e-01,1.000000000000000000e+00,2.274608929279470781e-01,-8.745677253421359210e-02,-2.050486968561027884e-02,2.470375177492162566e-01,5.395140048824585977e-01
5.232638907101943015e-01,2.867178711372964095e-01,3.218090706078720054e-01,5.481923799207099463e-02,4.289949160957732266e-01,1.208730308249889446e-01,-1.271574454413255673e-01,-2.686182680815977775e-01,3.197924918273972739e-01,4.434200571575047656e-01,4.561199786881403595e-01,-2.046644277727809047e-02,1.390754813131544476e-01,5.527538772064669592e-01,1.030845614787699038e-01,6.199811819476329644e-01,3.908361942565275471e-01,1.441898036316810461e-01,2.675568014134244721e-01,-1.119409115942266719e-01,-1.021136281361589709e-01,3.147762644378714753e-02,6.037761304426599862e-01,4.310001251768159070e-01,3.729612855647846947e-01,4.491234570267029214e-01,4.481652973549712926e-02,2.264054049799077151e-01,4.036117792525109604e-01,5.636113722418644167e-01,1.397713198614080055e-01,2.711475479294427893e-01,1.197447709814525585e-01,2.274608929279470781e-01,1.000000000000000000e+00,3.610598233624605080e-01,3.849152413132177486e-01,4.884255220821517862e-01,1.495900337043219730e-01
2.602028892315872977e-01,9.876431801713339564e-02,7.374741899387902977e-02,-8.229543011838358346e-02,1.346201156304005220e-01,6.394080070209660904e-02,-1.642046543336811715e-01,-2.539396655756665511e-01,6.173112642583645365e-02,2.747459946286545107e-01,1.546119873599976768e-01,1.375834405314929447e-02,1.557814375105327220e-01,1.840029820955238204e-01,2.637485110446657344e-01,4.412485772302736642e-01,2.781242372959739639e-01,1.743708348961012511e-01,8.203042730574937325e-02,-1.453440007734770334e-01,-1.787339759784465909e-01,-1.767564418681703831e-01,3.144686330150451292e-01,1.082972585796751902e-01,2.079370234819472307e-01,2.829309343131353738e-01,-5.639941545434715153e-02,-1.392601243074491997e-03,2.425430022123580276e-01,3.913900929517552529e-01,-1.028552195661517482e-01,4.545799377596385776e-02,-2.697766229178191200e-01,-8.745677253421359210e-02,3.610598233624605080e-01,1.000000000000000000e+00,2.422770752690441010e-01,3.533475788777397097e-01,7.165247267918004037e-02
6.712179525252924828e-01,-2.076690777396859519e-02,5.686961262479506285e-01,2.369177785280870696e-01,5.163679077968290621e-01,6.764333119580083764e-01,-5.869078756301528976e-01,-6.140159081721973111e-01,-2.429405924668240693e-02,7.834190064933055364e-01,2.448324164509236012e-01,-6.008200250187520908e-01,5.615914129397961974e-01,5.298021586911935144e-01,-2.458851367426545878e-02,3.607851374581363957e-01,7.277154855260939970e-01,4.721939194346659319e-01,-3.624967878817438316e-01,-5.556960105410967410e-01,-4.446083172956655782e-01,-3.544124081109480406e-01,4.124267284192565386e-01,6.062420384988908006e-01,7.629731362870186828e-01,6.190654811556781656e-01,-5.007293678283688543e-01,3.694788561740356414e-01,7.497693987367906043e-01,6.276315702020154319e-01,-4.366578444674996673e-01,2.920139186516340288e-02,-1.508154931186891368e-01,-2.050486968561027884e-02,3.849152413132177486e-01,2.422770752690441010e-01,1.000000000000000000e+00,3.212909517713860019e-01,-4.830722933951787090e-01
6.014781418564336679e-01,-7.625223333867262032e-02,2.169870784087602478e-01,2.561694492536453205e-01,4.344543987167105437e-01,2.008910840934363118e-01,-4.833958523045554512e-01,-4.247433490533866207e-01,3.824708384892039903e-01,3.380005509060274305e-01,1.822347493684967068e-01,-1.206266972382185332e-01,5.210583370453477636e-01,5.386763894051084245e-01,5.233709397619482617e-01,4.253335821531171179e-01,5.202461112912969421e-01,4.200762058113969855e-01,1.881136695523828173e-01,-4.088898385680033165e-01,-4.571548198384065564e-01,-3.754554474461802571e-01,4.384913674097810632e-01,2.850595709381957277e-01,4.341970860532859966e-01,6.285694164525713612e-01,-3.351603874670431860e-01,8.935034927522454706e-02,5.103789312413118395e-01,4.882799928766422548e-01,-3.126090372412483331e-01,-2.068571445173512380e-01,-2.393892959581132296e-01,2.470375177492162566e-01,4.884255220821517862e-01,3.533475788777397097e-01,3.212909517713860019e-01,1.000000000000000000e+00,1.058108822267268823e-02
-2.730666419712431958e-01,6.216884809838779669e-01,-1.778555814547090330e-01,-6.344425833638359102e-02,2.294415831046820505e-03,-7.946883870001425487e-01,6.939243496479946538e-01,2.830491095501027066e-01,6.461363146834957494e-01,-2.953041157257692007e-01,4.431636191919682277e-01,8.406131540201415842e-01,-6.485745084976943797e-01,6.373132884363641448e-02,7.194600365344035187e-02,2.844329172484323376e-01,-4.705796939488777197e-01,-3.651801563883372848e-01,6.766881573119563065e-01,5.561734786502985362e-01,4.604142916932708607e-01,4.364179499474180601e-01,2.977704199296853371e-01,-7.033092456083125943e-02,-3.406987234782416496e-01,-3.765128677494800069e-01,7.277549268858495291e-01,-2.341059415460033655e-01,-6.260957890842587803e-01,-6.763056783391616089e-02,7.282793733643045941e-01,5.552225788143375640e-01,3.969801444640036481e-01,5.395140048824585977e-01,1.495900337043219730e-01,7.165247267918004037e-02,-4.830722933951787090e-01,1.058108822267268823e-02,1.000000000000000000e+00
