1.000000000000000000e+00,8.243355328439082585e-01,6.598189685220601230e-01,5.926909045030952505e-01,5.180316910928409735e-01,-5.618181192694388093e-01,2.038390217175223007e-01,-6.181161839904186772e-01,6.713572126688086561e-01,5.885878224200412623e-01,4.920474178460639003e-02,8.125563356196842391e-02,-2.099024506343546148e-01,7.634411837952403967e-01,3.815466956816034316e-01,8.051816840714737245e-01,-1.889916981384053840e-01,7.119259660983394689e-01,4.250364328250083590e-01,9.117245625580391866e-02,4.951461079912348739e-01,8.321236701002342195e-02,-2.747109485096793646e-01,2.281683648652237106e-01,7.439099759533778222e-01,6.958836489736022202e-01,1.054907832812151947e-01,6.740964239105899924e-01,3.083748579832532588e-01,7.817185985803947190e-01,1.486414306199496660e-01,-5.369508252384503494e-02,6.930474306925715755e-01,5.137420237433447667e-01,5.282924566480053791e-02,3.745465966161611870e-01,-2.823761516527489301e-01,-2.610212501089413939e-01,7.358520230245115812e-01
8.243355328439082585e-01,1.000000000000000000e+00,4.941191633813732387e-01,3.634148767150109371e-01,5.157804684097228032e-01,-5.561643760365190259e-01,-1.001293039158740183e-01,-6.447266686476520459e-01,6.158686637436284750e-01,6.814527805251154868e-01,-1.283466672562302291e-01,2.740127191536935181e-01,-3.773285960130957073e-01,7.288242958378944314e-01,5.005791772021804809e-01,7.654335440016702963e-01,-2.812184710795235243e-01,5.189372080357982364e-01,4.127895218828697699e-01,-5.124051466856616860e-03,2.176655505237861665e-01,-1.565233672754126060e-01,-2.594236723881392370e-01,4.388725418581571752e-02,5.820034761042812699e-01,4.641419249578788708e-01,-1.159154655282458452e-01,4.333986052650979914e-01,1.045646103702675689e-01,6.441395540669635489e-01,-3.279489767933330135e-02,-2.159691465603255645e-01,7.182064808986956539e-01,6.096675610371606879e-01,-1.597446387224137343e-01,4.155695329895135459e-01,-4.138777397047076478e-01,-3.932115871159731074e-02,6.831265825758258137e-01
6.598189685220601230e-01,4.941191633813732387e-01,1.000000000000000000e+00,5.270905106569772069e-01,6.869004242508461866e-01,-2.617590996393694969e-01,4.349608904700432710e-01,-6.332150273547706432e-01,6.629697253630802978e-01,3.132299070362059012e-01,2.638034524271822834e-01,-1.282893854788048071e-01,-1.195676754693462095e-02,5.455990823235287168e-01,5.331946645640192606e-02,5.331332184653971851e-01,9.150882904529254736e-02,7.749891513154008038e-01,5.672158614821135592e-01,1.487464818283446566e-01,5.673304142196431421e-01,2.831523337128042939e-01,-4.952791872369312343e-02,3.041495591998357728e-01,6.102633949553221138e-01,6.522974699530914577e-01,3.345678038071124849e-01,7.521222561761160552e-01,4.336547426297553409e-01,5.839619524099788350e-01,3.967114729502806969e-01,1.671960771938873769e-01,4.814251954136681277e-01,4.144179090388800391e-01,3.071943664256144291e-01,3.170752922507213412e-01,3.661756783224904416e-02,-3.878953307808511441e-01,5.244751477297536768e-01
5.926909045030952505e-01,3.634148767150109371e-01,5.270905106569772069e-01,1.000000000000000000e+00,2.170862316350781474e-01,-5.728791077608518245e-01,4.129835934816193932e-01,-3.232873612848621847e-01,3.231483977727560575e-01,2.262446492113244778e-01,5.076306716584588069e-02,-4.691195277611024013e-03,-8.686839052024721008e-02,4.943247912886199469e-01,2.824517980306912035e-01,5.235532730858944994e-01,-2.406964736208448696e-01,6.877653432719926796e-01,2.454135768947380003e-01,1.923309709873883555e-01,6.409942117527632766e-01,2.562829929572033039e-01,-5.093858211636110855e-01,1.499131031527682900e-01,6.575758967062682592e-01,6.413272762800050764e-01,1.191084319122281548e-01,6.855339765049830447e-01,3.131035706389844187e-01,6.345868421427853789e-01,8.328932751854456473e-02,-3.531954596918850109e-02,5.080329102207649106e-01,2.200254866178936453e-01,1.226449902973994616e-01,5.504453187282373761e-02,-2.478505225611124796e-01,-7.083726353384711683e-01,4.749384190802223293e-01
5.180316910928409735e-01,5.157804684097228032e-01,6.869004242508461866e-01,2.170862316350781474e-01,1.000000000000000000e+00,-4.087865112482054752e-01,-1.602302296919934366e-02,-7.998413661157681709e-01,5.511668515895024045e-01,4.771272417510865615e-01,-1.021391025671004593e-01,8.242406260740701984e-02,-3.211190257763938960e-01,5.538954077667610498e-01,2.357239784825964080e-01,5.387267671632426369e-01,-2.444086078677281670e-01,5.683546438965156877e-01,7.126115545634483794e-01,-6.344295997169180357e-02,1.207741580115163915e-01,-1.776092932366721278e-01,-1.665919560955168022e-01,-5.532884629502475560e-02,3.665522482284746530e-01,2.590827564267719207e-01,-5.456398015613243141e-02,3.253667554381726723e-01,-3.764026753127649311e-02,4.097090089522607559e-01,-4.046130822464089061e-02,-2.019924214785796812e-01,5.236780673605497816e-01,5.995247252335360599e-01,-1.553726046054727250e-01,2.625390039119622765e-01,-2.683804377584834699e-01,-1.327474896043969177e-01,3.963627465514049097e-01
-5.618181192694388093e-01,-5.561643760365190259e-01,-2.617590996393694969e-01,-5.728791077608518245e-01,-4.087865112482054752e-01,1.000000000000000000e+00,2.283904985953563449e-01,6.388896036837499182e-01,-2.640629843984286795e-01,-5.490833121829357122e-01,4.683562385544210449e-01,-3.609128807471952416e-01,5.865320312538344627e-01,-6.698528794706619660e-01,-6.815648355932344415e-01,-6.604237986663806792e-01,7.319217091498345651e-01,-4.926248179747224620e-01,-4.615453030619396935e-01,1.193781607488848123e-01,-1.277583462906852207e-01,3.487420104367863205e-01,7.687935384731486854e-01,3.099814752900670878e-01,-4.496525301501412275e-01,-2.501624839428136515e-01,4.154267121044189492e-01,-2.198815956690853279e-01,2.878013505851312326e-01,-5.553710269702191171e-01,4.686530227074652832e-01,5.995220244276071586e-01,-7.938963369489702160e-01,-5.633661175531428089e-01,5.171016745919484459e-01,-1.421851511192107897e-01,7.888007987668420595e-01,3.870634570267684205e-01,-4.908938282959663946e-01
2.038390217175223007e-01,-1.001293039158740183e-01,4.349608904700432710e-01,4.129835934816193932e-01,-1.602302296919934366e-02,2.283904985953563449e-01,1.000000000000000000e+00,1.734675575866749531e-01,1.507809898815198058e-01,-3.579071280935026689e-01,7.692364919161936987e-01,-6.218750030896339487e-01,6.657926610919050470e-01,6.332116633340829914e-02,-5.620324846895121684e-01,-4.581749171624235895e-02,5.833201123367953711e-01,4.123771700115245187e-01,-1.266134832129930110e-01,3.920850820573280604e-01,7.881934346697730964e-01,7.861220453487758331e-01,2.372298408713755247e-01,6.722689716552567862e-01,4.741461489651082051e-01,6.311995433862807037e-01,7.798435024402738946e-01,6.547808406808881543e-01,7.363606338900077208e-01,2.028864144050327722e-01,7.251451017516615805e-01,7.305118642597857592e-01,-1.993197813292989229e-01,-3.826733510254765047e-01,7.938382771932204207e-01,-1.641810343859370636e-01,6.019274409961771211e-01,-4.541723239099570986e-01,2.372482717029316124e-01
-6.181161839904186772e-01,-6.447266686476520459e-01,-6.332150273547706432e-01,-3.232873612848621847e-01,-7.998413661157681709e-01,6.388896036837499182e-01,1.734675575866749531e-01,1.000000000000000000e+00,-5.616372598402670224e-01,-5.895740245663492196e-01,3.006130750787047168e-01,-2.206032805776927674e-01,5.271742773979068986e-01,-6.813197591323972846e-01,-4.875790329820251512e-01,-6.583958569110555104e-01,4.649433292969176179e-01,-6.075321908538654503e-01,-7.326164864878285110e-01,1.343767872330395297e-01,-7.287185559678784064e-02,3.469934649402315330e-01,3.915537593709351727e-01,1.848169085827495728e-01,-4.330920035408673541e-01,-2.669887479526051322e-01,2.592860263940315324e-01,-3.035821643552151228e-01,1.660179001875559668e-01,-5.503804679371780972e-01,2.198019728944780871e-01,4.227380853031751928e-01,-7.467151851929381134e-01,-7.050804508890895494e-01,3.580029342384739577e-01,-2.765729628253506545e-01,5.368305132834404469e-01,1.896835022517111280e-01,-4.935866479225475278e-01
6.713572126688086561e-01,6.158686637436284750e-01,6.629697253630802978e-01,3.231483977727560575e-01,5.511668515895024045e-01,-2.640629843984286795e-01,1.507809898815198058e-01,-5.616372598402670224e-01,1.000000000000000000e+00,4.964092957491333391e-01,1.057674145736811344e-01,2.029004090719386533e-01,-1.696559739776662135e-01,6.269402936093516621e-01,2.482069848979227555e-01,6.108635277179711442e-01,-1.221325401594438795e-02,6.920315684707194492e-01,5.504136051434144195e-01,1.535985936474147384e-01,3.386592247919830712e-01,2.036898649274546114e-02,2.335054681624735423e-02,2.847869213538511413e-01,5.685025891935497899e-01,5.711163692183613971e-01,2.490570857277919214e-01,5.586691410421390502e-01,3.000939326004412044e-01,5.974602239886511734e-01,2.927174352479817721e-01,3.360095658909902083e-02,5.013470844207427168e-01,6.542961272928966565e-01,1.222554108663618522e-01,4.324675889401519147e-01,-1.053185941618091787e-01,-1.458351922938752043e-01,6.005318374455050900e-01
5.885878224200412623e-01,6.814527805251154868e-01,3.132299070362059012e-01,2.262446492113244778e-01,4.771272417510865615e-01,-5.490833121829357122e-01,-3.579071280935026689e-01,-5.895740245663492196e-01,4.964092957491333391e-01,1.000000000000000000e+00,-5.004967988534425594e-01,4.253275591591614280e-01,-5.956790174860139286e-01,5.375287141084146292e-01,5.845306596884708439e-01,8.054743727434958700e-01,-5.278404197824978494e-01,3.859515159907148107e-01,5.012623903791195712e-01,-2.323786352610369699e-01,-1.370852486567199768e-01,-4.170962663716641927e-01,-2.928130964238124245e-01,-2.699827694907778186e-01,2.799999454807604038e-01,1.400598253491256440e-01,-3.810054243128241924e-01,1.350221176415552782e-01,-2.289828370011736947e-01,5.870892053500942342e-01,-3.134488867328396045e-01,-5.178548980882754504e-01,6.236009158668535113e-01,6.605013932651122577e-01,-4.448192660331067305e-01,5.670808900757974280e-01,-5.429502480160004474e-01,-2.455366851024031252e-02,3.759820754711555302e-01
4.920474178460639003e-02,-1.283466672562302291e-01,2.638034524271822834e-01,5.076306716584588069e-02,-1.021391025671004593e-01,4.683562385544210449e-01,7.692364919161936987e-01,3.006130750787047168e-01,1.057674145736811344e-01,-5.004967988534425594e-01,1.000000000000000000e+00,-6.119771313025031967e-01,7.889330425331810837e-01,-3.257869539704025957e-02,-6.911455242346996597e-01,-2.589165533585944812e-01,8.075441325079186772e-01,1.638527604472676813e-01,-2.889158403859322100e-01,3.343050211225268575e-01,6.457080545028947016e-01,7.872969575260762021e-01,4.409578990529683384e-01,7.374709704587512071e-01,2.982357428238414099e-01,4.880173775559849547e-01,8.306132764914520017e-01,4.568951121516062752e-01,7.017968046144668071e-01,-3.896638860186778242e-02,7.959523628777389614e-01,8.286897814804322637e-01,-3.498059303363150740e-01,-4.494823104554718785e-01,8.557898315736630623e-01,-1.812840359209960117e-01,7.194744111191037073e-01,-1.427283223561034708e-01,1.830767084092571884e-01
8.125563356196842391e-02,2.740127191536935181e-01,-1.282893854788048071e-01,-4.691195277611024013e-03,8.242406260740701984e-02,-3.609128807471952416e-01,-6.218750030896339487e-01,-2.206032805776927674e-01,2.029004090719386533e-01,4.253275591591614280e-01,-6.119771313025031967e-01,1.000000000000000000e+00,-6.124376790060034326e-01,1.355444456971627298e-01,7.094294038253775581e-01,2.562825941095716042e-01,-5.443336354720847980e-01,-5.818438329713564172e-02,2.323610696535736986e-01,-6.314222322359402950e-02,-4.282032610808404471e-01,-4.877837976162348044e-01,-2.608726368757858793e-01,-4.574438499960248872e-01,-1.522141677607549426e-01,-2.282223173696684426e-01,-4.839546042807481574e-01,-2.308150495829549009e-01,-3.836865790296552503e-01,8.741851802091143986e-02,-4.445486350108375784e-01,-5.300196950577437116e-01,3.917660433001729503e-01,6.130150616944994857e-01,-5.913164863896088752e-01,3.306797157827886524e-01,-5.462871598376261018e-01,1.543051228044714229e-01,1.469765630344650395e-02
-2.099024506343546148e-01,-3.773285960130957073e-01,-1.195676754693462095e-02,-8.686839052024721008e-02,-3.211190257763938960e-01,5.865320312538344627e-01,6.657926610919050470e-01,5.271742773979068986e-01,-1.696559739776662135e-01,-5.956790174860139286e-01,7.889330425331810837e-01,-6.124376790060034326e-01,1.000000000000000000e+00,-3.045836025510927914e-01,-7.693037992615606724e-01,-4.212882163982181183e-01,7.330077846748577208e-01,-9.354812938360682062e-02,-4.788747749470153026e-01,2.071561177489482652e-01,4.466592954644987845e-01,7.318656488060875098e-01,4.220261689406352157e-01,6.009007498114030676e-01,5.129508949838504361e-02,2.124951389697883886e-01,7.150951889074578238e-01,2.038269393214674208e-01,5.699470473325437547e-01,-2.374491667321785293e-01,6.252200432657407658e-01,7.952462276015102027e-01,-5.770688827858521108e-01,-6.284359329789618309e-01,7.574014247715284975e-01,-2.512445062857422418e-01,7.758334814156226944e-01,-5.159624082206597240e-02,-7.348349645895592419e-02
7.634411837952403967e-01,7.288242958378944314e-01,5.455990823235287168e-01,4.943247912886199469e-01,5.538954077667610498e-01,-6.698528794706619660e-01,6.332116633340829914e-02,-6.813197591323972846e-01,6.269402936093516621e-01,5.375287141084146292e-01,-3.257869539704025957e-02,1.355444456971627298e-01,-3.045836025510927914e-01,1.000000000000000000e+00,4.127852327816605715e-01,7.424057687642230396e-01,-2.993484930886735063e-01,6.824919080912533742e-01,4.737607416273240668e-01,7.215712124846170028e-02,4.012271603953324051e-01,-1.052420756389382955e-01,-3.922731670484106425e-01,1.985812148294602564e-01,7.154798869693791419e-01,5.673577019824226353e-01,1.702878302442913105e-02,5.079537431652737522e-01,8.108118648904122372e-02,6.811614274577116879e-01,1.725147378455993766e-02,-1.970617391528800555e-01,7.337479670611409821e-01,5.800288082773795706e-01,-1.142737125529740549e-01,2.007453656919533647e-01,-4.398256583514819629e-01,-3.265697493351162328e-01,7.054962981326209359e-01
3.815466956816034316e-01,5.005791772021804809e-01,5.331946645640192606e-02,2.824517980306912035e-01,2.357239784825964080e-01,-6.815648355932344415e-01,-5.620324846895121684e-01,-4.875790329820251512e-01,2.482069848979227555e-01,5.845306596884708439e-01,-6.911455242346996597e-01,7.094294038253775581e-01,-7.693037992615606724e-01,4.127852327816605715e-01,1.000000000000000000e+00,5.185162314364827330e-01,-7.444909297245724256e-01,1.703777587606844779e-01,3.399379259260139619e-01,-8.635246869122707725e-02,-2.469959862374161152e-01,-5.787640181941344775e-01,-5.341489726731791787e-01,-4.690960098987461691e-01,1.686594203118406410e-01,1.140539435178613420e-02,-6.171870193768492774e-01,-7.701370326300686041e-03,-3.979151457512587475e-01,3.648008314284573173e-01,-5.473770471361384393e-01,-6.906033399395123951e-01,6.788971798854980255e-01,6.457739192086362490e-01,-6.752245418148853373e-01,2.609814313986990042e-01,-7.883810503045025619e-01,-9.825782215338559403e-03,2.486930507907342269e-01
8.051816840714737245e-01,7.654335440016702963e-01,5.331332184653971851e-01,5.235532730858944994e-01,5.387267671632426369e-01,-6.604237986663806792e-01,-4.581749171624235895e-02,-6.583958569110555104e-01,6.108635277179711442e-01,8.054743727434958700e-01,-2.589165533585944812e-01,2.562825941095716042e-01,-4.212882163982181183e-01,7.424057687642230396e-01,5.185162314364827330e-01,1.000000000000000000e+00,-4.385304206356669399e-01,6.542369262146825459e-01,5.152961776074378442e-01,-6.839708203266046949e-02,2.241195897786530111e-01,-1.789228490853699283e-01,-3.944541413765806914e-01,-6.827654949995477091e-03,5.845349122014769083e-01,4.533447681021278153e-01,-1.533474000853339847e-01,4.470096193365225568e-01,4.137362547168193377e-02,7.986461235220468913e-01,-1.102482727030640042e-01,-3.251630997953037228e-01,7.143808250499158463e-01,6.327003160518626101e-01,-2.156784862995800856e-01,4.521115560067758277e-01,-4.626144646123456217e-01,-2.965836502508290562e-01,5.840698926717770023e-01
-1.889916981384053840e-01,-2.812184710795235243e-01,9.150882904529254736e-02,-2.406964736208448696e-01,-2.444086078677281670e-01,7.319217091498345651e-01,5.833201123367953711e-01,4.649433292969176179e-01,-1.221325401594438795e-02,-5.278404197824978494e-01,8.075441325079186772e-01,-5.443336354720847980e-01,7.330077846748577208e-01,-2.993484930886735063e-01,-7.444909297245724256e-01,-4.385304206356669399e-01,1.000000000000000000e+00,-1.140108249537739316e-01,-3.562330939717709977e-01,3.218444822305866482e-01,3.683704530414310119e-01,6.789077002333581135e-01,7.155895828408574966e-01,6.492030311208171200e-01,-1.239711594380323544e-02,2.273484879704182893e-01,7.177120499836237011e-01,2.188880934480336160e-01,6.379794963971797683e-01,-2.676631686689673884e-01,7.817290146523778738e-01,7.994861300818960625e-01,-5.380412962803760024e-01,-5.177092492967406701e-01,8.271443987562709932e-01,-1.105722400640874875e-01,8.250734903363021733e-01,1.148777821116504089e-01,-8.359906840401926109e-02
7.119259660983394689e-01,5.189372080357982364e-01,7.749891513154008038e-01,6.877653432719926796e-01,5.683546438965156877e-01,-4.926248179747224620e-01,4.123771700115245187e-01,-6.075321908538654503e-01,6.920315684707194492e-01,3.859515159907148107e-01,1.638527604472676813e-01,-5.818438329713564172e-02,-9.354812938360682062e-02,6.824919080912533742e-01,1.703777587606844779e-01,6.542369262146825459e-01,-1.140108249537739316e-01,1.000000000000000000e+00,5.319519523039614173e-01,1.287739773558980727e-01,5.884900081514121695e-01,1.886938794951277809e-01,-2.916413759137019834e-01,2.799352770302123150e-01,7.415862651805600336e-01,7.048046650574990579e-01,2.504271832713114154e-01,7.247687769898398802e-01,3.448212639193223294e-01,7.381749228416037978e-01,2.552420681535778613e-01,2.247437941566620204e-02,5.611141896730622580e-01,4.522147398832332965e-01,1.802176005500633615e-01,2.280712723321191293e-01,-1.611512720781029806e-01,-6.250739437366796825e-01,6.308038832457057987e-01
4.250364328250083590e-01,4.127895218828697699e-01,5.672158614821135592e-01,2.454135768947380003e-01,7.126115545634483794e-01,-4.615453030619396935e-01,-1.266134832129930110e-01,-7.326164864878285110e-01,5.504136051434144195e-01,5.012623903791195712e-01,-2.889158403859322100e-01,2.323610696535736986e-01,-4.788747749470153026e-01,4.737607416273240668e-01,3.399379259260139619e-01,5.152961776074378442e-01,-3.562330939717709977e-01,5.319519523039614173e-01,1.000000000000000000e+00,-2.076533425156570911e-01,5.056702414691140873e-02,-2.634227874957246196e-01,-2.400513262347241661e-01,-1.706574013306145499e-01,2.057964934297278059e-01,1.895632168266908613e-01,-1.097772090470031520e-01,2.432934438767386243e-01,-1.089933567062404268e-01,4.159936114291447051e-01,-8.998084698371201784e-02,-3.164131091038019372e-01,5.769188311774517963e-01,7.145744851904575201e-01,-2.407540290226839186e-01,3.031185582224511510e-01,-3.610266640171609920e-01,-2.434357570391531833e-01,1.959011210550896942e-01
9.117245625580391866e-02,-5.124051466856616860e-03,1.487464818283446566e-01,1.923309709873883555e-01,-6.344295997169180357e-02,1.193781607488848123e-01,3.920850820573280604e-01,1.343767872330395297e-01,1.535985936474147384e-01,-2.323786352610369699e-01,3.343050211225268575e-01,-6.314222322359402950e-02,2.071561177489482652e-01,7.215712124846170028e-02,-8.635246869122707725e-02,-6.839708203266046949e-02,3.218444822305866482e-01,1.287739773558980727e-01,-2.076533425156570911e-01,1.000000000000000000e+00,3.190251750538196096e-01,2.780536804939506279e-01,2.489811342584169751e-01,3.944053352151172809e-01,2.823090270003507651e-01,2.946021844465933071e-01,2.656267398352900044e-01,2.935305026543284512e-01,3.925645965082382727e-01,1.482938891019371618e-02,3.307654218661489898e-01,3.019452543845200232e-01,-1.123858618034348916e-01,-1.598294494451073799e-01,3.249968728016177644e-01,-1.138970407893411807e-01,2.067739568814029871e-01,-1.002440415478588059e-01,2.289923597778416309e-01
4.951461079912348739e-01,2.176655505237861665e-01,5.673304142196431421e-01,6.409942117527632766e-01,1.207741580115163915e-01,-1.277583462906852207e-01,7.881934346697730964e-01,-7.287185559678784064e-02,3.386592247919830712e-01,-1.370852486567199768e-01,6.457080545028947016e-01,-4.282032610808404471e-01,4.466592954644987845e-01,4.012271603953324051e-01,-2.469959862374161152e-01,2.241195897786530111e-01,3.683704530414310119e-01,5.884900081514121695e-01,5.056702414691140873e-02,3.190251750538196096e-01,1.000000000000000000e+00,7.017280488964876550e-01,-6.981018208114619927e-02,6.130469495418809922e-01,6.908073421104375944e-01,8.257800556766812239e-01,6.865011405317903437e-01,8.167460053846468115e-01,6.668243657927377388e-01,4.324655910854173779e-01,6.195713107539285724e-01,5.282773624854032457e-01,1.826195503814996846e-01,-8.887927089581484918e-02,6.488666665289530844e-01,-3.703719810209956526e-02,2.761793435769291372e-01,-5.328204603312980403e-01,5.046687955075834786e-01
8.321236701002342195e-02,-1.565233672754126060e-01,2.831523337128042939e-01,2.562829929572033039e-01,-1.776092932366721278e-01,3.487420104367863205e-01,7.861220453487758331e-01,3.469934649402315330e-01,2.036898649274546114e-02,-4.170962663716641927e-01,7.872969575260762021e-01,-4.877837976162348044e-01,7.318656488060875098e-01,-1.052420756389382955e-01,-5.787640181941344775e-01,-1.789228490853699283e-01,6.789077002333581135e-01,1.886938794951277809e-01,-2.634227874957246196e-01,2.780536804939506279e-01,7.017280488964876550e-01,1.000000000000000000e+00,2.875592477740952502e-01,6.297482397840722390e-01,2.512375477730046658e-01,5.142350384901670513e-01,7.741829828681383585e-01,5.180640581429617475e-01,7.267051844667276050e-01,6.869100896418427193e-02,7.392394606703273086e-01,7.599964924094549934e-01,-2.901737684851624643e-01,-4.341175237640580442e-01,8.200275836476312863e-01,-3.477777007684954014e-02,6.563055946106385319e-01,-2.905608035845557713e-01,1.171751159903205997e-01
-2.747109485096793646e-01,-2.594236723881392370e-01,-4.952791872369312343e-02,-5.093858211636110855e-01,-1.665919560955168022e-01,7.687935384731486854e-01,2.372298408713755247e-01,3.915537593709351727e-01,2.335054681624735423e-02,-2.928130964238124245e-01,4.409578990529683384e-01,-2.608726368757858793e-01,4.220261689406352157e-01,-3.922731670484106425e-01,-5.341489726731791787e-01,-3.944541413765806914e-01,7.155895828408574966e-01,-2.916413759137019834e-01,-2.400513262347241661e-01,2.489811342584169751e-01,-6.981018208114619927e-02,2.875592477740952502e-01,1.000000000000000000e+00,4.205811457427114930e-01,-2.153596096206651656e-01,-5.908029695170856355e-02,4.180570550300037325e-01,-5.605004710494101289e-02,4.153223520874441133e-01,-3.596451385516764576e-01,5.520419844568863477e-01,5.631686392970610688e-01,-5.330149666633605676e-01,-3.264015755453885115e-01,5.110531050789546281e-01,2.593813689611645587e-02,7.042918845919161619e-01,4.308134423792691625e-01,-2.423116578859343118e-01
2.281683648652237106e-01,4.388725418581571752e-02,3.041495591998357728e-01,1.499131031527682900e-01,-5.532884629502475560e-02,3.099814752900670878e-01,6.722689716552567862e-01,1.848169085827495728e-01,2.847869213538511413e-01,-2.699827694907778186e-01,7.374709704587512071e-01,-4.574438499960248872e-01,6.009007498114030676e-01,1.985812148294602564e-01,-4.690960098987461691e-01,-6.827654949995477091e-03,6.492030311208171200e-01,2.799352770302123150e-01,-1.706574013306145499e-01,3.944053352151172809e-01,6.130469495418809922e-01,6.297482397840722390e-01,4.205811457427114930e-01,1.000000000000000000e+00,4.454167400946653643e-01,5.473348770159323085e-01,7.155379957323115825e-01,5.136540416830569500e-01,7.184390218603400324e-01,1.658975318999240944e-01,7.287353930063192875e-01,7.413310606078274967e-01,-1.578132541747541973e-01,-2.657829854661816205e-01,7.382526344598676626e-01,-1.937355939265673344e-01,6.026968150163407589e-01,-1.841258627495160338e-01,2.225931020240273228e-01
7.439099759533778222e-01,5.820034761042812699e-01,6.102633949553221138e-01,6.575758967062682592e-01,3.665522482284746530e-01,-4.496525301501412275e-01,4.741461489651082051e-01,-4.330920035408673541e-01,5.685025891935497899e-01,2.799999454807604038e-01,2.982357428238414099e-01,-1.522141677607549426e-01,5.129508949838504361e-02,7.154798869693791419e-01,1.686594203118406410e-01,5.845349122014769083e-01,-1.239711594380323544e-02,7.415862651805600336e-01,2.057964934297278059e-01,2.823090270003507651e-01,6.908073421104375944e-01,2.512375477730046658e-01,-2.153596096206651656e-01,4.454167400946653643e-01,1.000000000000000000e+00,7.829729942392124054e-01,3.145048765760504184e-01,7.595978152495783675e-01,4.216875878422320922e-01,6.555642184711968357e-01,3.015342353568898348e-01,1.674332658975108967e-01,5.206690632834335419e-01,2.573559869146713752e-01,2.622634997168331039e-01,4.972656771341833759e-02,-1.108914419786256739e-01,-4.638975391117785563e-01,7.543013272649780054e-01
6.958836489736022202e-01,4.641419249578788708e-01,6.522974699530914577e-01,6.413272762800050764e-01,2.590827564267719207e-01,-2.501624839428136515e-01,6.311995433862807037e-01,-2.669887479526051322e-01,5.711163692183613971e-01,1.400598253491256440e-01,4.880173775559849547e-01,-2.282223173696684426e-01,2.124951389697883886e-01,5.673577019824226353e-01,1.140539435178613420e-02,4.533447681021278153e-01,2.273484879704182893e-01,7.048046650574990579e-01,1.895632168266908613e-01,2.946021844465933071e-01,8.257800556766812239e-01,5.142350384901670513e-01,-5.908029695170856355e-02,5.473348770159323085e-01,7.829729942392124054e-01,1.000000000000000000e+00,5.744755535805985414e-01,8.637695462647230205e-01,6.500856866078211782e-01,6.157245499453847248e-01,5.707341458549695101e-01,3.807780788103830583e-01,3.769757010552660104e-01,1.608678508115974626e-01,5.065597099972025674e-01,1.444031547275793081e-01,1.121313190931676335e-01,-4.375824756738909138e-01,6.616598036096408286e-01
1.054907832812151947e-01,-1.159154655282458452e-01,3.345678038071124849e-01,1.191084319122281548e-01,-5.456398015613243141e-02,4.154267121044189492e-01,7.798435024402738946e-01,2.592860263940315324e-01,2.490570857277919214e-01,-3.810054243128241924e-01,8.306132764914520017e-01,-4.839546042807481574e-01,7.150951889074578238e-01,1.702878302442913105e-02,-6.171870193768492774e-01,-1.533474000853339847e-01,7.177120499836237011e-01,2.504271832713114154e-01,-1.097772090470031520e-01,2.656267398352900044e-01,6.865011405317903437e-01,7.741829828681383585e-01,4.180570550300037325e-01,7.155379957323115825e-01,3.145048765760504184e-01,5.744755535805985414e-01,1.000000000000000000e+00,5.408721449644067203e-01,7.102581892976222999e-01,7.607877476030483477e-02,8.379404302242992042e-01,8.201007646776103943e-01,-2.881739372978602831e-01,-2.775068113883200072e-01,8.275275099758967468e-01,-6.016385132699520605e-02,7.016450303131398503e-01,-1.958079817148605795e-01,1.805326488576493860e-01
6.740964239105899924e-01,4.333986052650979914e-01,7.521222561761160552e-01,6.855339765049830447e-01,3.253667554381726723e-01,-2.198815956690853279e-01,6.547808406808881543e-01,-3.035821643552151228e-01,5.586691410421390502e-01,1.350221176415552782e-01,4.568951121516062752e-01,-2.308150495829549009e-01,2.038269393214674208e-01,5.079537431652737522e-01,-7.701370326300686041e-03,4.470096193365225568e-01,2.188880934480336160e-01,7.247687769898398802e-01,2.432934438767386243e-01,2.935305026543284512e-01,8.167460053846468115e-01,5.180640581429617475e-01,-5.605004710494101289e-02,5.136540416830569500e-01,7.595978152495783675e-01,8.637695462647230205e-01,5.408721449644067203e-01,1.000000000000000000e+00,6.383260342841038382e-01,5.916221992096264426e-01,5.560926496003836261e-01,3.775232894053444088e-01,3.935462998655723244e-01,1.949321435913486666e-01,5.097454666610677920e-01,1.498556488399055697e-01,1.531962083426768040e-01,-4.650553340634943633e-01,5.869421559574241609e-01
3.083748579832532588e-01,1.045646103702675689e-01,4.336547426297553409e-01,3.131035706389844187e-01,-3.764026753127649311e-02,2.878013505851312326e-01,7.363606338900077208e-01,1.660179001875559668e-01,3.000939326004412044e-01,-2.289828370011736947e-01,7.017968046144668071e-01,-3.836865790296552503e-01,5.699470473325437547e-01,8.108118648904122372e-02,-3.979151457512587475e-01,4.137362547168193377e-02,6.379794963971797683e-01,3.448212639193223294e-01,-1.089933567062404268e-01,3.925645965082382727e-01,6.668243657927377388e-01,7.267051844667276050e-01,4.153223520874441133e-01,7.184390218603400324e-01,4.216875878422320922e-01,6.500856866078211782e-01,7.102581892976222999e-01,6.383260342841038382e-01,1.000000000000000000e+00,2.348991183215449752e-01,7.866231008007498193e-01,7.586754580879215837e-01,-1.125625825279358005e-01,-2.248384462183133092e-01,8.125387629409667190e-01,6.107818487560732340e-02,6.231086622305983536e-01,-2.318762933227495882e-01,2.826678172447913417e-01
7.817185985803947190e-01,6.441395540669635489e-01,5.839619524099788350e-01,6.345868421427853789e-01,4.097090089522607559e-01,-5.553710269702191171e-01,2.028864144050327722e-01,-5.503804679371780972e-01,5.974602239886511734e-01,5.870892053500942342e-01,-3.896638860186778242e-02,8.741851802091143986e-02,-2.374491667321785293e-01,6.811614274577116879e-01,3.648008314284573173e-01,7.986461235220468913e-01,-2.676631686689673884e-01,7.381749228416037978e-01,4.159936114291447051e-01,1.482938891019371618e-02,4.324655910854173779e-01,6.869100896418427193e-02,-3.596451385516764576e-01,1.658975318999240944e-01,6.555642184711968357e-01,6.157245499453847248e-01,7.607877476030483477e-02,5.916221992096264426e-01,2.348991183215449752e-01,1.000000000000000000e+00,7.585388784987244504e-02,-1.165506790651581470e-01,6.180830358245226197e-01,4.712639211562913433e-01,2.140042343769811214e-03,3.373335939917914694e-01,-2.825741184312164367e-01,-4.358955461102514972e-01,6.001244930882920769e-01
1.486414306199496660e-01,-3.279489767933330135e-02,3.967114729502806969e-01,8.328932751854456473e-02,-4.046130822464089061e-02,4.686530227074652832e-01,7.251451017516615805e-01,2.198019728944780871e-01,2.927174352479817721e-01,-3.134488867328396045e-01,7.959523628777389614e-01,-4.445486350108375784e-01,6.252200432657407658e-01,1.725147378455993766e-02,-5.473770471361384393e-01,-1.102482727030640042e-01,7.817290146523778738e-01,2.552420681535778613e-01,-8.998084698371201784e-02,3.307654218661489898e-01,6.195713107539285724e-01,7.392394606703273086e-01,5.520419844568863477e-01,7.287353930063192875e-01,3.015342353568898348e-01,5.707341458549695101e-01,8.379404302242992042e-01,5.560926496003836261e-01,7.866231008007498193e-01,7.585388784987244504e-02,1.000000000000000000e+00,7.949360057051981787e-01,-2.489306183784442683e-01,-2.449046095852448757e-01,8.580266518442514201e-01,6.050482634868948467e-02,7.144562941733124672e-01,-1.546809992115355248e-01,1.623334990725142368e-01
-5.369508252384503494e-02,-2.159691465603255645e-01,1.671960771938873769e-01,-3.531954596918850109e-02,-2.019924214785796812e-01,5.995220244276071586e-01,7.305118642597857592e-01,4.227380853031751928e-01,3.360095658909902083e-02,-5.178548980882754504e-01,8.286897814804322637e-01,-5.300196950577437116e-01,7.952462276015102027e-01,-1.970617391528800555e-01,-6.906033399395123951e-01,-3.251630997953037228e-01,7.994861300818960625e-01,2.247437941566620204e-02,-3.164131091038019372e-01,3.019452543845200232e-01,5.282773624854032457e-01,7.599964924094549934e-01,5.631686392970610688e-01,7.413310606078274967e-01,1.674332658975108967e-01,3.807780788103830583e-01,8.201007646776103943e-01,3.775232894053444088e-01,7.586754580879215837e-01,-1.165506790651581470e-01,7.949360057051981787e-01,1.000000000000000000e+00,-4.627625757132891038e-01,-4.819506778534497493e-01,8.445042969192272375e-01,-1.827137792073189881e-01,8.458350459908284824e-01,-4.453819732669423576e-02,-5.554161927472883384e-03
6.930474306925715755e-01,7.182064808986956539e-01,4.814251954136681277e-01,5.080329102207649106e-01,5.236780673605497816e-01,-7.938963369489702160e-01,-1.993197813292989229e-01,-7.467151851929381134e-01,5.013470844207427168e-01,6.236009158668535113e-01,-3.498059303363150740e-01,3.917660433001729503e-01,-5.770688827858521108e-01,7.337479670611409821e-01,6.788971798854980255e-01,7.143808250499158463e-01,-5.380412962803760024e-01,5.611141896730622580e-01,5.769188311774517963e-01,-1.123858618034348916e-01,1.826195503814996846e-01,-2.901737684851624643e-01,-5.330149666633605676e-01,-1.578132541747541973e-01,5.206690632834335419e-01,3.769757010552660104e-01,-2.881739372978602831e-01,3.935462998655723244e-01,-1.125625825279358005e-01,6.180830358245226197e-01,-2.489306183784442683e-01,-4.627625757132891038e-01,1.000000000000000000e+00,7.040535305495564389e-01,-3.693951073123334927e-01,2.746289806652286725e-01,-6.569779038003188409e-01,-2.476738735320125062e-01,5.561397493326923902e-01
5.137420237433447667e-01,6.096675610371606879e-01,4.144179090388800391e-01,2.200254866178936453e-01,5.995247252335360599e-01,-5.633661175531428089e-01,-3.826733510254765047e-01,-7.050804508890895494e-01,6.542961272928966565e-01,6.605013932651122577e-01,-4.494823104554718785e-01,6.130150616944994857e-01,-6.284359329789618309e-01,5.800288082773795706e-01,6.457739192086362490e-01,6.327003160518626101e-01,-5.177092492967406701e-01,4.522147398832332965e-01,7.145744851904575201e-01,-1.598294494451073799e-01,-8.887927089581484918e-02,-4.341175237640580442e-01,-3.264015755453885115e-01,-2.657829854661816205e-01,2.573559869146713752e-01,1.608678508115974626e-01,-2.775068113883200072e-01,1.949321435913486666e-01,-2.248384462183133092e-01,4.712639211562913433e-01,-2.449046095852448757e-01,-4.819506778534497493e-01,7.040535305495564389e-01,1.000000000000000000e+00,-4.451645809049099567e-01,4.395141032314064389e-01,-5.657890520606082552e-01,-4.326538024924211912e-02,3.604029491952769892e-01
5.282924566480053791e-02,-1.597446387224137343e-01,3.071943664256144291e-01,1.226449902973994616e-01,-1.553726046054727250e-01,5.171016745919484459e-01,7.938382771932204207e-01,3.580029342384739577e-01,1.222554108663618522e-01,-4.448192660331067305e-01,8.557898315736630623e-01,-5.913164863896088752e-01,7.574014247715284975e-01,-1.142737125529740549e-01,-6.752245418148853373e-01,-2.156784862995800856e-01,8.271443987562709932e-01,1.802176005500633615e-01,-2.407540290226839186e-01,3.249968728016177644e-01,6.488666665289530844e-01,8.200275836476312863e-01,5.110531050789546281e-01,7.382526344598676626e-01,2.622634997168331039e-01,5.065597099972025674e-01,8.275275099758967468e-01,5.097454666610677920e-01,8.125387629409667190e-01,2.140042343769811214e-03,8.580266518442514201e-01,8.445042969192272375e-01,-3.693951073123334927e-01,-4.451645809049099567e-01,1.000000000000000000e+00,-6.631156202975321823e-02,7.834429543957843745e-01,-2.015345775908643222e-01,1.001276813868130083e-01
3.745465966161611870e-01,4.155695329895135459e-01,3.170752922507213412e-01,5.504453187282373761e-02,2.625390039119622765e-01,-1.421851511192107897e-01,-1.641810343859370636e-01,-2.765729628253506545e-01,4.324675889401519147e-01,5.670808900757974280e-01,-1.812840359209960117e-01,3.306797157827886524e-01,-2.512445062857422418e-01,2.007453656919533647e-01,2.609814313986990042e-01,4.521115560067758277e-01,-1.105722400640874875e-01,2.280712723321191293e-01,3.031185582224511510e-01,-1.138970407893411807e-01,-3.703719810209956526e-02,-3.477777007684954014e-02,2.593813689611645587e-02,-1.937355939265673344e-01,4.972656771341833759e-02,1.444031547275793081e-01,-6.016385132699520605e-02,1.498556488399055697e-01,6.107818487560732340e-02,3.373335939917914694e-01,6.050482634868948467e-02,-1.827137792073189881e-01,2.746289806652286725e-01,4.395141032314064389e-01,-6.631156202975321823e-02,1.000000000000000000e+00,-1.478265723777148211e-01,1.171967286547715287e-01,2.818545531363255141e-01
-2.823761516527489301e-01,-4.138777397047076478e-01,3.661756783224904416e-02,-2.478505225611124796e-01,-2.683804377584834699e-01,7.888007987668420595e-01,6.019274409961771211e-01,5.368305132834404469e-01,-1.053185941618091787e-01,-5.429502480160004474e-01,7.194744111191037073e-01,-5.462871598376261018e-01,7.758334814156226944e-01,-4.398256583514819629e-01,-7.883810503045025619e-01,-4.626144646123456217e-01,8.250734903363021733e-01,-1.611512720781029806e-01,-3.610266640171609920e-01,2.067739568814029871e-01,2.761793435769291372e-01,6.563055946106385319e-01,7.042918845919161619e-01,6.026968150163407589e-01,-1.108914419786256739e-01,1.121313190931676335e-01,7.016450303131398503e-01,1.531962083426768040e-01,6.231086622305983536e-01,-2.825741184312164367e-01,7.144562941733124672e-01,8.458350459908284824e-01,-6.569779038003188409e-01,-5.657890520606082552e-01,7.834429543957843745e-01,-1.478265723777148211e-01,1.000000000000000000e+00,8.832009241119000154e-02,-2.627212103016923206e-01
-2.610212501089413939e-01,-3.932115871159731074e-02,-3.878953307808511441e-01,-7.083726353384711683e-01,-1.327474896043969177e-01,3.870634570267684205e-01,-4.541723239099570986e-01,1.896835022517111280e-01,-1.458351922938752043e-01,-2.455366851024031252e-02,-1.427283223561034708e-01,1.543051228044714229e-01,-5.159624082206597240e-02,-3.265697493351162328e-01,-9.825782215338559403e-03,-2.965836502508290562e-01,1.148777821116504089e-01,-6.250739437366796825e-01,-2.434357570391531833e-01,-1.002440415478588059e-01,-5.328204603312980403e-01,-2.905608035845557713e-01,4.308134423792691625e-01,-1.841258627495160338e-01,-4.638975391117785563e-01,-4.375824756738909138e-01,-1.958079817148605795e-01,-4.650553340634943633e-01,-2.318762933227495882e-01,-4.358955461102514972e-01,-1.546809992115355248e-01,-4.453819732669423576e-02,-2.476738735320125062e-01,-4.326538024924211912e-02,-2.015345775908643222e-01,1.171967286547715287e-01,8.832009241119000154e-02,1.000000000000000000e+00,-1.919852703653165960e-01
7.358520230245115812e-01,6.831265825758258137e-01,5.244751477297536768e-01,4.749384190802223293e-01,3.963627465514049097e-01,-4.908938282959663946e-01,2.372482717029316124e-01,-4.935866479225475278e-01,6.005318374455050900e-01,3.759820754711555302e-01,1.830767084092571884e-01,1.469765630344650395e-02,-7.348349645895592419e-02,7.054962981326209359e-01,2.486930507907342269e-01,5.840698926717770023e-01,-8.359906840401926109e-02,6.308038832457057987e-01,1.959011210550896942e-01,2.289923597778416309e-01,5.046687955075834786e-01,1.171751159903205997e-01,-2.423116578859343118e-01,2.225931020240273228e-01,7.543013272649780054e-01,6.616598036096408286e-01,1.805326488576493860e-01,5.869421559574241609e-01,2.826678172447913417e-01,6.001244930882920769e-01,1.623334990725142368e-01,-5.554161927472883384e-03,5.561397493326923902e-01,3.604029491952769892e-01,1.001276813868130083e-01,2.818545531363255141e-01,-2.627212103016923206e-01,-1.919852703653165960e-01,1.000000000000000000e+00
