1.000000000000000000e+00,9.094964193359459381e-01,6.994352788679756294e-01,3.869235101244837272e-01,7.830064098844941034e-01,5.831902445718588623e-01,1.253406855314176671e-01,-7.181878446250825609e-01,8.911995655993606436e-01,8.340224500381619999e-01,7.464323858690592450e-01,2.226858202962713751e-01,-2.714424408437220437e-01,8.277161899619152052e-01,5.250867903517119073e-01,8.945332802392310656e-01,6.728512687654528701e-01,7.162762174995097597e-01,6.617299597929959809e-01,6.450287255552982213e-01,4.103081036300350593e-01,3.662080476719169475e-01,7.453930369742276518e-01,5.862338956411971003e-01,8.449969234362285642e-01,8.478123402339297066e-01,8.087289002268387428e-01,5.876894430413281967e-01,7.270165702219145709e-01,8.350167043355768426e-01,8.172012226020387571e-01,6.771425057775678491e-01,6.325066313114247052e-01,6.284152813772145851e-01,7.912677575336320990e-01,7.976445020335695135e-01,8.870432563820616068e-01,4.200789829804442155e-01,5.746930735364719212e-01
9.094964193359459381e-01,1.000000000000000000e+00,6.668768954793076187e-01,5.210567111096667814e-01,6.986555294967841112e-01,5.728876208641086043e-01,2.385595875221630802e-01,-6.366582497424381204e-01,8.625499836446968160e-01,8.247148032450716260e-01,6.851415314527555811e-01,6.738232976341547442e-02,-4.098518926803498275e-01,7.723926539126164670e-01,5.594082468425980448e-01,8.389714040932427785e-01,6.002954215586977504e-01,6.983758127228713031e-01,6.683118012094712013e-01,6.899510548433324120e-01,4.290133958682067483e-01,4.438756567606020886e-01,6.276160784686984906e-01,5.738027301489035947e-01,8.048033759237633866e-01,8.070328553313274034e-01,6.997637529409282964e-01,6.686763710936091121e-01,7.993816235097793710e-01,8.616539691111606558e-01,7.471838729546500524e-01,6.753555847779640908e-01,6.828994072997703890e-01,5.493943524418433144e-01,7.808830098584739199e-01,7.355483781804852406e-01,8.714063607122025656e-01,3.374831209605508309e-01,4.948813997906122419e-01
6.994352788679756294e-01,6.668768954793076187e-01,1.000000000000000000e+00,5.069674616972611458e-01,8.902723589016627859e-01,5.402085086211979581e-01,-2.177528942224447525e-02,-8.523877423067535153e-01,8.090371627537116250e-01,7.686950218506523047e-01,7.240641478160491085e-01,4.313074064185390410e-01,-6.944386040107554392e-02,7.916950316153480438e-01,7.744902332937312339e-01,7.363350283594338741e-01,6.799049769550886690e-01,8.562084989015513736e-01,8.596148535875199892e-01,7.933918612075340215e-01,7.052320996044822987e-01,6.465311664240703804e-01,4.852087139434969054e-01,5.851125208713455761e-01,7.052542870526550267e-01,8.225487760584966335e-01,7.624976300237692461e-01,7.860007599031300085e-01,6.737656733861260294e-01,7.607036984202273366e-01,7.664617062532463887e-01,5.752878875225735378e-01,8.238151761938894424e-01,8.232957007093987256e-01,7.338861033337585882e-01,5.915797209668804957e-01,7.238022206860320606e-01,5.884902971854349962e-01,7.755805010190452986e-01
3.869235101244837272e-01,5.210567111096667814e-01,5.069674616972611458e-01,1.000000000000000000e+00,3.451490829805974325e-01,2.316672813635839712e-01,5.443058997870894311e-01,-2.820229794617605812e-01,4.474197586378975688e-01,5.083759651322670159e-01,2.237441768645983819e-01,-1.455930380364633681e-01,-3.717701855285767687e-01,2.577037403791714865e-01,4.585679570342923173e-01,3.638084891910134955e-01,6.722249345013592281e-02,5.635619254662190825e-01,5.170764840347699121e-01,7.834399708593026146e-01,4.774460866070012188e-01,7.273431305430119176e-01,9.206054090638078613e-03,2.467796709600409144e-01,4.058813587108728305e-01,3.850579400299926625e-01,2.629135539242102859e-01,6.809047265614780464e-01,5.384277547417984922e-01,4.837367079163121253e-01,2.292158532590874431e-01,3.495348842595812910e-01,6.519204614400718745e-01,3.417067818946957214e-01,4.281035084355768738e-01,1.941603260118311136e-01,3.856036016150176660e-01,1.482242267312628911e-02,2.779421020222470062e-01
7.830064098844941034e-01,6.986555294967841112e-01,8.902723589016627859e-01,3.451490829805974325e-01,1.000000000000000000e+00,5.417403527019187814e-01,-1.291570956063376463e-01,-8.513024966558014883e-01,8.577197586643904303e-01,7.727548417239619161e-01,7.784914952045379755e-01,5.210495714383609478e-01,4.134098650480794992e-04,8.597633723824825713e-01,6.920919025588158080e-01,7.984435378844230158e-01,7.511619020817239534e-01,8.343486675118642060e-01,8.121854687385663407e-01,6.707331688890992849e-01,5.820446952335094348e-01,4.549440033873058953e-01,6.370810405682730826e-01,6.300959096379984414e-01,7.628776324485880833e-01,8.424938085158645285e-01,8.456372010432959829e-01,6.647384275596781578e-01,6.313910084504064102e-01,7.462811694454399847e-01,8.598101967950105839e-01,6.001743956667623392e-01,6.945335837535933088e-01,8.511396214044214537e-01,7.717317940548739097e-01,6.926856407746264654e-01,7.888893778195659179e-01,6.009144437865686639e-01,7.767283886271243443e-01
5.831902445718588623e-01,5.728876208641086043e-01,5.402085086211979581e-01,2.316672813635839712e-01,5.417403527019187814e-01,1.000000000000000000e+00,6.954115693728894765e-02,-4.859270926301826332e-01,5.809505129803930190e-01,7.189529811351704769e-01,8.216069274540073186e-01,1.359993692622542272e-01,-1.457472905423839449e-01,7.047816094036182255e-01,5.964273716674031167e-01,6.497398835630959768e-01,7.558168999232689478e-01,4.320966849340782123e-01,5.561126587720867098e-01,4.679538797983612275e-01,3.456442744436044046e-01,4.908076434856356030e-01,5.549230267387953441e-01,4.625426793448563223e-01,6.210045654970871576e-01,7.295018815694789271e-01,6.625446102302572360e-01,5.727216508118612159e-01,7.630761854614852568e-01,7.419651723952930267e-01,5.419695416684943146e-01,7.322297751862723025e-01,6.655155664187929476e-01,3.145858957784843368e-01,7.359295749061189884e-01,6.175346928682873271e-01,7.393332073001719351e-01,6.370828492764084583e-01,5.950736417032672643e-01
1.253406855314176671e-01,2.385595875221630802e-01,-2.177528942224447525e-02,5.443058997870894311e-01,-1.291570956063376463e-01,6.954115693728894765e-02,1.000000000000000000e+00,-2.147484896248928396e-02,4.150655305937818104e-03,1.494209584495386489e-01,-9.782461914855701546e-02,-6.697629679079299958e-01,-5.966223127890926126e-01,-8.963782805532069520e-02,-1.083600912742196665e-01,9.283523220582001745e-02,-3.084079579853567510e-01,4.294676775084480674e-02,5.341270789300794387e-03,3.427327335494919081e-01,-7.643428119113272745e-02,2.793242186821143780e-01,-1.456204199333671623e-01,-2.905860753919662851e-02,1.150588172227580697e-01,1.814299458261685663e-03,-1.606573244862583849e-01,1.330463470763670608e-01,2.088430777500688562e-01,1.832903476183781188e-01,-1.990836389009691398e-01,5.464912297039820066e-02,1.831351210867821766e-01,-2.788303975403597090e-01,1.325726266982322765e-01,-6.191350668385345313e-02,8.108332174854866736e-02,-3.442186281010193860e-01,-2.551868229352862172e-01
-7.181878446250825609e-01,-6.366582497424381204e-01,-8.523877423067535153e-01,-2.820229794617605812e-01,-8.513024966558014883e-01,-4.859270926301826332e-01,-2.147484896248928396e-02,1.000000000000000000e+00,-7.462773673517344442e-01,-6.875396645056817135e-01,-6.876490379966795352e-01,-2.896600163803022543e-01,1.981341274430084010e-01,-7.858543459169743395e-01,-5.240524918895289597e-01,-7.408253098662637148e-01,-6.184179932523296008e-01,-7.305247963656622545e-01,-7.146591081190220018e-01,-6.332061785365965534e-01,-4.575205290651082057e-01,-3.582110519652701996e-01,-5.950945036708418234e-01,-5.641414360430802022e-01,-6.988740708096253806e-01,-7.556831971371104073e-01,-7.129373210940471717e-01,-5.292673291002424341e-01,-5.838975847950582665e-01,-6.952079413269878216e-01,-7.255642991334888547e-01,-5.463516419115461709e-01,-6.414265016956197663e-01,-6.828721182594326145e-01,-6.780305762822844695e-01,-5.579191721577472229e-01,-6.998159324284991545e-01,-4.892462512171780742e-01,-6.458152098786218431e-01
8.911995655993606436e-01,8.625499836446968160e-01,8.090371627537116250e-01,4.474197586378975688e-01,8.577197586643904303e-01,5.809505129803930190e-01,4.150655305937818104e-03,-7.462773673517344442e-01,1.000000000000000000e+00,8.511271708270362613e-01,7.714420564135345826e-01,3.373859760885645764e-01,-1.406364048634874964e-01,8.580485449335817361e-01,6.430477486674659460e-01,8.689099897042339427e-01,7.450959071099192421e-01,8.374178939912311215e-01,7.700154483457855026e-01,7.253012218031930081e-01,5.825247749593625013e-01,4.868038829141997925e-01,6.868139442758941504e-01,6.519014261622525508e-01,8.322093605853405629e-01,8.898044635472152075e-01,8.499741822544455427e-01,7.118869759124069052e-01,7.551669053944412013e-01,8.533834370196704544e-01,8.712267103931947698e-01,6.934111982789401551e-01,7.241681446792895827e-01,7.437224704441334211e-01,8.096838254415950065e-01,7.793235399709272926e-01,8.829346727496615310e-01,5.005747395043360637e-01,6.630467232255796706e-01
8.340224500381619999e-01,8.247148032450716260e-01,7.686950218506523047e-01,5.083759651322670159e-01,7.727548417239619161e-01,7.189529811351704769e-01,1.494209584495386489e-01,-6.875396645056817135e-01,8.511271708270362613e-01,1.000000000000000000e+00,8.173223201909154412e-01,2.632193266976463053e-01,-2.108973082828190515e-01,8.520565005562122929e-01,6.935211773682892211e-01,9.080378751969006013e-01,7.269000291474991826e-01,7.648829922794939673e-01,7.741968609768716814e-01,7.407780765494177411e-01,5.050240883566877725e-01,6.056360446765461925e-01,7.004198818361317969e-01,6.642021460065020699e-01,8.649069490667488092e-01,8.902214992246790803e-01,8.294975255608864062e-01,7.282898883145321189e-01,8.403583299013268615e-01,8.567008785535449311e-01,7.343252337628031201e-01,7.562667796730998537e-01,8.085007878448418062e-01,6.120992122618684750e-01,8.800337719640350942e-01,7.560022723634267638e-01,8.858940028824949797e-01,6.203460909635992726e-01,7.469679729099790721e-01
7.464323858690592450e-01,6.851415314527555811e-01,7.240641478160491085e-01,2.237441768645983819e-01,7.784914952045379755e-01,8.216069274540073186e-01,-9.782461914855701546e-02,-6.876490379966795352e-01,7.714420564135345826e-01,8.173223201909154412e-01,1.000000000000000000e+00,4.141319917866456146e-01,-7.234064821358750230e-02,8.560185314971868742e-01,7.028518398993047755e-01,8.071023861625205020e-01,8.884058678337151127e-01,6.359306022872608377e-01,6.906254033165157846e-01,5.466821821905845091e-01,4.983577462737487918e-01,4.553991906867637662e-01,7.216759412833055887e-01,6.688620219534597844e-01,7.714814592487662104e-01,8.541768795511803791e-01,8.325137191974637529e-01,6.171605798440948920e-01,7.330847920778971183e-01,7.957160635002880067e-01,7.584980077794920561e-01,7.310040350352278171e-01,7.186503745814196709e-01,6.329192278078630274e-01,8.359340526958936035e-01,7.535355271910131325e-01,8.405664024431703796e-01,7.363373851058150343e-01,7.682184857483386198e-01
2.226858202962713751e-01,6.738232976341547442e-02,4.313074064185390410e-01,-1.455930380364633681e-01,5.210495714383609478e-01,1.359993692622542272e-01,-6.697629679079299958e-01,-2.896600163803022543e-01,3.373859760885645764e-01,2.632193266976463053e-01,4.141319917866456146e-01,1.000000000000000000e+00,6.026367307512612292e-01,4.023667736018778363e-01,4.866744827685887675e-01,2.948317556461468314e-01,5.316003929803641004e-01,3.932273174082255851e-01,4.252149934506020967e-01,1.000503108273691349e-01,3.991886865292162412e-01,1.415857985530911411e-01,3.961494810930261123e-01,3.507396921131282763e-01,2.709132307106198456e-01,3.456318599673653957e-01,5.029549319395973939e-01,2.131281558524948661e-01,2.403633927990721578e-02,1.168066957923573623e-01,4.944400602735831152e-01,1.526387753374423839e-01,1.950388387576663940e-01,7.063556077924936227e-01,2.234970106046182958e-01,3.611392932675858147e-01,2.355246581760155611e-01,5.764555820865827629e-01,6.450129944591251885e-01
-2.714424408437220437e-01,-4.098518926803498275e-01,-6.944386040107554392e-02,-3.717701855285767687e-01,4.134098650480794992e-04,-1.457472905423839449e-01,-5.966223127890926126e-01,1.981341274430084010e-01,-1.406364048634874964e-01,-2.108973082828190515e-01,-7.234064821358750230e-02,6.026367307512612292e-01,1.000000000000000000e+00,-1.234970269245017765e-01,-4.184996730062863490e-02,-2.142152778212936537e-01,1.323634663283596302e-01,-6.780623375916532006e-04,-5.311697195610305677e-02,-3.073127983401781615e-01,2.012293293498269298e-01,-1.277502465851607927e-01,-1.667460558397506482e-02,-1.204123403650440710e-01,-2.469331751991392099e-01,-1.551144360392921751e-01,1.209289767759112559e-02,-1.200180942076645441e-01,-3.783470206455235574e-01,-3.429487775323648013e-01,5.071948499787197473e-02,-2.001768934751264328e-01,-2.861052645905822756e-01,1.918457576921797914e-01,-2.456100794181343694e-01,-1.587430611705051009e-01,-2.295441458786746380e-01,1.957086404791358591e-01,1.493763884171524781e-01
8.277161899619152052e-01,7.723926539126164670e-01,7.916950316153480438e-01,2.577037403791714865e-01,8.597633723824825713e-01,7.047816094036182255e-01,-8.963782805532069520e-02,-7.858543459169743395e-01,8.580485449335817361e-01,8.520565005562122929e-01,8.560185314971868742e-01,4.023667736018778363e-01,-1.234970269245017765e-01,1.000000000000000000e+00,6.744087220663717019e-01,8.772061331031495435e-01,8.345660972563616609e-01,7.207750131055647991e-01,7.373272341203955804e-01,6.054490761718392955e-01,4.403142607971651801e-01,4.205919104270577913e-01,7.635404863535206754e-01,7.113265749006593142e-01,8.289892234309009789e-01,8.940306001202857900e-01,8.661687159400351943e-01,6.156080421482703624e-01,7.658551800862622994e-01,8.155920380961285687e-01,8.243096814388561899e-01,7.387772269621455390e-01,7.182245219504720390e-01,7.002957900779732681e-01,8.473529070830441157e-01,8.084591688711770807e-01,8.865340460228601227e-01,6.684426163150501976e-01,7.504149878367833981e-01
5.250867903517119073e-01,5.594082468425980448e-01,7.744902332937312339e-01,4.585679570342923173e-01,6.920919025588158080e-01,5.964273716674031167e-01,-1.083600912742196665e-01,-5.240524918895289597e-01,6.430477486674659460e-01,6.935211773682892211e-01,7.028518398993047755e-01,4.866744827685887675e-01,-4.184996730062863490e-02,6.744087220663717019e-01,1.000000000000000000e+00,5.946026997921814994e-01,6.836299181900264976e-01,6.793061556095193465e-01,8.038672054247835153e-01,6.689557020306562407e-01,6.890129641672795291e-01,7.237767183562751061e-01,3.317252092329939228e-01,4.885302146394575606e-01,5.563965719929786502e-01,7.510888969718452213e-01,6.618245038402353897e-01,8.405812707950677254e-01,6.450719873202359622e-01,7.006185415949053308e-01,6.137184241323522249e-01,4.852610119435392111e-01,8.271610628230594564e-01,6.958757124227417101e-01,6.878755650090055962e-01,5.585623159905247492e-01,6.198908021914967259e-01,7.342507749343865076e-01,7.903323333850356125e-01
8.945332802392310656e-01,8.389714040932427785e-01,7.363350283594338741e-01,3.638084891910134955e-01,7.984435378844230158e-01,6.497398835630959768e-01,9.283523220582001745e-02,-7.408253098662637148e-01,8.689099897042339427e-01,9.080378751969006013e-01,8.071023861625205020e-01,2.948317556461468314e-01,-2.142152778212936537e-01,8.772061331031495435e-01,5.946026997921814994e-01,1.000000000000000000e+00,7.279919557791182383e-01,7.367435981592532768e-01,7.012552369743965119e-01,6.692631354372189367e-01,4.138946880826082086e-01,4.350438922172933376e-01,7.940347330730912478e-01,6.766470979652782214e-01,8.812950199575964039e-01,8.779051265318390529e-01,8.477927355067060855e-01,6.005067514746988966e-01,7.585937070544892524e-01,8.290292758820101415e-01,7.829395083091483798e-01,7.258109883072509927e-01,6.942644478140604924e-01,6.344415618353760333e-01,8.592206128921302533e-01,7.982756110738392641e-01,9.007410294512100402e-01,5.729934122600058855e-01,6.923494656710067474e-01
6.728512687654528701e-01,6.002954215586977504e-01,6.799049769550886690e-01,6.722249345013592281e-02,7.511619020817239534e-01,7.558168999232689478e-01,-3.084079579853567510e-01,-6.184179932523296008e-01,7.450959071099192421e-01,7.269000291474991826e-01,8.884058678337151127e-01,5.316003929803641004e-01,1.323634663283596302e-01,8.345660972563616609e-01,6.836299181900264976e-01,7.279919557791182383e-01,1.000000000000000000e+00,5.925292216965463155e-01,6.598047262918002032e-01,4.139973828689729185e-01,5.242457918488605539e-01,3.443631533206454320e-01,7.124046562615481415e-01,6.183147298516973311e-01,6.833323254281860049e-01,8.191496124716202143e-01,8.097120725974611410e-01,5.791618549283695794e-01,6.349568397003810816e-01,7.096676097756154933e-01,7.904786502220690902e-01,6.524039694615223484e-01,6.180734637408203946e-01,6.588171355612103541e-01,7.537309561218658027e-01,7.308125964032635702e-01,7.765784516813722949e-01,7.730983549086051232e-01,7.442780362198154753e-01
7.162762174995097597e-01,6.983758127228713031e-01,8.562084989015513736e-01,5.635619254662190825e-01,8.343486675118642060e-01,4.320966849340782123e-01,4.294676775084480674e-02,-7.305247963656622545e-01,8.374178939912311215e-01,7.648829922794939673e-01,6.359306022872608377e-01,3.932273174082255851e-01,-6.780623375916532006e-04,7.207750131055647991e-01,6.793061556095193465e-01,7.367435981592532768e-01,5.925292216965463155e-01,1.000000000000000000e+00,8.386499606731740997e-01,7.906221029738764727e-01,6.916589157105653696e-01,6.439204277947506716e-01,4.756018929640534187e-01,5.705513963635977515e-01,6.765814769188603917e-01,7.807406395101537111e-01,7.310074815345251054e-01,7.808974885154165158e-01,6.552430136960541995e-01,7.228124626500864736e-01,7.675245538080497365e-01,5.557961477048432020e-01,7.317796369155095126e-01,7.889195599271842108e-01,7.132012294248014639e-01,5.389227297002964212e-01,7.221178489215909213e-01,4.627748542245089802e-01,6.985981117766253412e-01
6.617299597929959809e-01,6.683118012094712013e-01,8.596148535875199892e-01,5.170764840347699121e-01,8.121854687385663407e-01,5.561126587720867098e-01,5.341270789300794387e-03,-7.146591081190220018e-01,7.700154483457855026e-01,7.741968609768716814e-01,6.906254033165157846e-01,4.252149934506020967e-01,-5.311697195610305677e-02,7.373272341203955804e-01,8.038672054247835153e-01,7.012552369743965119e-01,6.598047262918002032e-01,8.386499606731740997e-01,1.000000000000000000e+00,7.301781365299317983e-01,6.322476405654327003e-01,6.621797032604798128e-01,4.667722538804369714e-01,5.411135133529777486e-01,6.623870591587035506e-01,7.839584996636859149e-01,7.025885042350171750e-01,7.876022021198829659e-01,6.894540163488036555e-01,7.526272695159972326e-01,7.395256842748499926e-01,5.872780525944822916e-01,7.894564409286020101e-01,7.585159456554955160e-01,7.184135148925916425e-01,5.423109280211969585e-01,7.113436881435486470e-01,5.957644143347354815e-01,7.692893958051458814e-01
6.450287255552982213e-01,6.899510548433324120e-01,7.933918612075340215e-01,7.834399708593026146e-01,6.707331688890992849e-01,4.679538797983612275e-01,3.427327335494919081e-01,-6.332061785365965534e-01,7.253012218031930081e-01,7.407780765494177411e-01,5.466821821905845091e-01,1.000503108273691349e-01,-3.073127983401781615e-01,6.054490761718392955e-01,6.689557020306562407e-01,6.692631354372189367e-01,4.139973828689729185e-01,7.906221029738764727e-01,7.301781365299317983e-01,1.000000000000000000e+00,6.271886316016855867e-01,7.925472073598803791e-01,3.365239191951566733e-01,4.764860170282155249e-01,6.721323403998072932e-01,7.196087861967820354e-01,6.080942504487439892e-01,8.068727888073810028e-01,7.205823510806019794e-01,7.218102629252826086e-01,5.413441907913822959e-01,5.765572850098801272e-01,8.435664128910620452e-01,5.826699674499199455e-01,6.762966369536029809e-01,4.718389823421162421e-01,6.583479151904364501e-01,3.423191969677694679e-01,5.469595661686943444e-01
4.103081036300350593e-01,4.290133958682067483e-01,7.052320996044822987e-01,4.774460866070012188e-01,5.820446952335094348e-01,3.456442744436044046e-01,-7.643428119113272745e-02,-4.575205290651082057e-01,5.825247749593625013e-01,5.050240883566877725e-01,4.983577462737487918e-01,3.991886865292162412e-01,2.012293293498269298e-01,4.403142607971651801e-01,6.890129641672795291e-01,4.138946880826082086e-01,5.242457918488605539e-01,6.916589157105653696e-01,6.322476405654327003e-01,6.271886316016855867e-01,1.000000000000000000e+00,6.138372046891131806e-01,1.676318604151209313e-01,2.883635044552259052e-01,3.814343214189371278e-01,5.727069296702110845e-01,4.739881406551321730e-01,7.986352007259439612e-01,4.052469062607118588e-01,5.462881452394412474e-01,5.519480173180428828e-01,2.694279406954503964e-01,6.282846470270893047e-01,6.796489053041848694e-01,4.507995760411515063e-01,3.689624304847485825e-01,4.257581445794881292e-01,4.917752569387209283e-01,5.950615457881670567e-01
3.662080476719169475e-01,4.438756567606020886e-01,6.465311664240703804e-01,7.273431305430119176e-01,4.549440033873058953e-01,4.908076434856356030e-01,2.793242186821143780e-01,-3.582110519652701996e-01,4.868038829141997925e-01,6.056360446765461925e-01,4.553991906867637662e-01,1.415857985530911411e-01,-1.277502465851607927e-01,4.205919104270577913e-01,7.237767183562751061e-01,4.350438922172933376e-01,3.443631533206454320e-01,6.439204277947506716e-01,6.621797032604798128e-01,7.925472073598803791e-01,6.138372046891131806e-01,1.000000000000000000e+00,9.485419657244632818e-02,3.481666791029716101e-01,4.333200281430867329e-01,5.741287233078580243e-01,4.606827587419625170e-01,8.003073235029897203e-01,6.456214932451957988e-01,5.830220391860022611e-01,3.242952980942008234e-01,4.735598603543084706e-01,8.251963061429089530e-01,4.274896320612329714e-01,5.316095381193326475e-01,3.025185298227500708e-01,4.648931441868826009e-01,4.274953816980341936e-01,5.477091755205552026e-01
7.453930369742276518e-01,6.276160784686984906e-01,4.852087139434969054e-01,9.206054090638078613e-03,6.370810405682730826e-01,5.549230267387953441e-01,-1.456204199333671623e-01,-5.950945036708418234e-01,6.868139442758941504e-01,7.004198818361317969e-01,7.216759412833055887e-01,3.961494810930261123e-01,-1.667460558397506482e-02,7.635404863535206754e-01,3.317252092329939228e-01,7.940347330730912478e-01,7.124046562615481415e-01,4.756018929640534187e-01,4.667722538804369714e-01,3.365239191951566733e-01,1.676318604151209313e-01,9.485419657244632818e-02,1.000000000000000000e+00,6.551733424055540267e-01,8.036352807138136267e-01,6.839960471713485424e-01,7.387722836559160733e-01,2.481120480150194596e-01,5.411248408591934345e-01,5.695848247301465994e-01,6.800505394109533919e-01,6.744173840534655184e-01,3.921792272678552016e-01,5.104619714910421102e-01,6.709602123056686018e-01,6.813360596084762077e-01,7.723432869984276916e-01,5.180661565134735413e-01,5.712980732463474043e-01
5.862338956411971003e-01,5.738027301489035947e-01,5.851125208713455761e-01,2.467796709600409144e-01,6.300959096379984414e-01,4.625426793448563223e-01,-2.905860753919662851e-02,-5.641414360430802022e-01,6.519014261622525508e-01,6.642021460065020699e-01,6.688620219534597844e-01,3.507396921131282763e-01,-1.204123403650440710e-01,7.113265749006593142e-01,4.885302146394575606e-01,6.766470979652782214e-01,6.183147298516973311e-01,5.705513963635977515e-01,5.411135133529777486e-01,4.764860170282155249e-01,2.883635044552259052e-01,3.481666791029716101e-01,6.551733424055540267e-01,1.000000000000000000e+00,7.446500446429026310e-01,6.249734591986065846e-01,6.309003384185829510e-01,4.061203259266834564e-01,5.958515045461740822e-01,5.626723749661173279e-01,5.851689868574546649e-01,5.972149633081806908e-01,5.638424720776876731e-01,5.664745011511699291e-01,6.765467545884610301e-01,5.859500794897862797e-01,6.833084826964839209e-01,4.050728319676182299e-01,5.387671818435694204e-01
8.449969234362285642e-01,8.048033759237633866e-01,7.052542870526550267e-01,4.058813587108728305e-01,7.628776324485880833e-01,6.210045654970871576e-01,1.150588172227580697e-01,-6.988740708096253806e-01,8.322093605853405629e-01,8.649069490667488092e-01,7.714814592487662104e-01,2.709132307106198456e-01,-2.469331751991392099e-01,8.289892234309009789e-01,5.563965719929786502e-01,8.812950199575964039e-01,6.833323254281860049e-01,6.765814769188603917e-01,6.623870591587035506e-01,6.721323403998072932e-01,3.814343214189371278e-01,4.333200281430867329e-01,8.036352807138136267e-01,7.446500446429026310e-01,1.000000000000000000e+00,8.125989095145204066e-01,7.997160751247623933e-01,5.597960722851471616e-01,7.473683955931403888e-01,7.716260496218518838e-01,7.331110059634456944e-01,7.411630567285066862e-01,6.960381232948731345e-01,6.190189252301002698e-01,8.361624902495077283e-01,7.217456516615873285e-01,8.792527671422601943e-01,4.942284508241046037e-01,6.606412736430460342e-01
8.478123402339297066e-01,8.070328553313274034e-01,8.225487760584966335e-01,3.850579400299926625e-01,8.424938085158645285e-01,7.295018815694789271e-01,1.814299458261685663e-03,-7.556831971371104073e-01,8.898044635472152075e-01,8.902214992246790803e-01,8.541768795511803791e-01,3.456318599673653957e-01,-1.551144360392921751e-01,8.940306001202857900e-01,7.510888969718452213e-01,8.779051265318390529e-01,8.191496124716202143e-01,7.807406395101537111e-01,7.839584996636859149e-01,7.196087861967820354e-01,5.727069296702110845e-01,5.741287233078580243e-01,6.839960471713485424e-01,6.249734591986065846e-01,8.125989095145204066e-01,1.000000000000000000e+00,8.935311443649829322e-01,7.539187360232061375e-01,8.091157577534178191e-01,8.841670046520277992e-01,8.215437396064283471e-01,7.129462420239150999e-01,8.091677614077704694e-01,6.805036978199185960e-01,8.656263528855843159e-01,7.884522613494395760e-01,8.856776271996539274e-01,6.934705042551013721e-01,7.465205888757175945e-01
8.087289002268387428e-01,6.997637529409282964e-01,7.624976300237692461e-01,2.629135539242102859e-01,8.456372010432959829e-01,6.625446102302572360e-01,-1.606573244862583849e-01,-7.129373210940471717e-01,8.499741822544455427e-01,8.294975255608864062e-01,8.325137191974637529e-01,5.029549319395973939e-01,1.209289767759112559e-02,8.661687159400351943e-01,6.618245038402353897e-01,8.477927355067060855e-01,8.097120725974611410e-01,7.310074815345251054e-01,7.025885042350171750e-01,6.080942504487439892e-01,4.739881406551321730e-01,4.606827587419625170e-01,7.387722836559160733e-01,6.309003384185829510e-01,7.997160751247623933e-01,8.935311443649829322e-01,1.000000000000000000e+00,6.191593998092932427e-01,6.954274850295180110e-01,7.636582232510730206e-01,8.351442893460646610e-01,6.769884106954247027e-01,6.832085452714188323e-01,7.050268131014503226e-01,8.164183394344450839e-01,7.745656023403535428e-01,8.241503452503411431e-01,6.875445374430042556e-01,7.764791156132798688e-01
5.876894430413281967e-01,6.686763710936091121e-01,7.860007599031300085e-01,6.809047265614780464e-01,6.647384275596781578e-01,5.727216508118612159e-01,1.330463470763670608e-01,-5.292673291002424341e-01,7.118869759124069052e-01,7.282898883145321189e-01,6.171605798440948920e-01,2.131281558524948661e-01,-1.200180942076645441e-01,6.156080421482703624e-01,8.405812707950677254e-01,6.005067514746988966e-01,5.791618549283695794e-01,7.808974885154165158e-01,7.876022021198829659e-01,8.068727888073810028e-01,7.986352007259439612e-01,8.003073235029897203e-01,2.481120480150194596e-01,4.061203259266834564e-01,5.597960722851471616e-01,7.539187360232061375e-01,6.191593998092932427e-01,1.000000000000000000e+00,7.279163034340159211e-01,7.742935402065140860e-01,6.258399260152968102e-01,5.025533285637807657e-01,8.496466588211913917e-01,6.194705278210584920e-01,6.966691057681944077e-01,4.970459167322123784e-01,6.460750088432961613e-01,5.383582345269803948e-01,6.566218764663457330e-01
7.270165702219145709e-01,7.993816235097793710e-01,6.737656733861260294e-01,5.384277547417984922e-01,6.313910084504064102e-01,7.630761854614852568e-01,2.088430777500688562e-01,-5.838975847950582665e-01,7.551669053944412013e-01,8.403583299013268615e-01,7.330847920778971183e-01,2.403633927990721578e-02,-3.783470206455235574e-01,7.658551800862622994e-01,6.450719873202359622e-01,7.585937070544892524e-01,6.349568397003810816e-01,6.552430136960541995e-01,6.894540163488036555e-01,7.205823510806019794e-01,4.052469062607118588e-01,6.456214932451957988e-01,5.411248408591934345e-01,5.958515045461740822e-01,7.473683955931403888e-01,8.091157577534178191e-01,6.954274850295180110e-01,7.279163034340159211e-01,1.000000000000000000e+00,8.512370078575272059e-01,6.135815875228129990e-01,8.368438727894930151e-01,8.140204917486264513e-01,4.215141518036406021e-01,8.145803872978180094e-01,6.282609470110903649e-01,8.411430996372931679e-01,4.722185499180426849e-01,5.653666193116084759e-01
8.350167043355768426e-01,8.616539691111606558e-01,7.607036984202273366e-01,4.837367079163121253e-01,7.462811694454399847e-01,7.419651723952930267e-01,1.832903476183781188e-01,-6.952079413269878216e-01,8.533834370196704544e-01,8.567008785535449311e-01,7.957160635002880067e-01,1.168066957923573623e-01,-3.429487775323648013e-01,8.155920380961285687e-01,7.006185415949053308e-01,8.290292758820101415e-01,7.096676097756154933e-01,7.228124626500864736e-01,7.526272695159972326e-01,7.218102629252826086e-01,5.462881452394412474e-01,5.830220391860022611e-01,5.695848247301465994e-01,5.626723749661173279e-01,7.716260496218518838e-01,8.841670046520277992e-01,7.636582232510730206e-01,7.742935402065140860e-01,8.512370078575272059e-01,1.000000000000000000e+00,7.537437599346822337e-01,6.999435715760992105e-01,7.992542731177408877e-01,5.639882078982426661e-01,8.479626371229860293e-01,7.513227920747705957e-01,8.705436415948100137e-01,5.433957114444927239e-01,6.274810442997665882e-01
8.172012226020387571e-01,7.471838729546500524e-01,7.664617062532463887e-01,2.292158532590874431e-01,8.598101967950105839e-01,5.419695416684943146e-01,-1.990836389009691398e-01,-7.255642991334888547e-01,8.712267103931947698e-01,7.343252337628031201e-01,7.584980077794920561e-01,4.944400602735831152e-01,5.071948499787197473e-02,8.243096814388561899e-01,6.137184241323522249e-01,7.829395083091483798e-01,7.904786502220690902e-01,7.675245538080497365e-01,7.395256842748499926e-01,5.413441907913822959e-01,5.519480173180428828e-01,3.242952980942008234e-01,6.800505394109533919e-01,5.851689868574546649e-01,7.331110059634456944e-01,8.215437396064283471e-01,8.351442893460646610e-01,6.258399260152968102e-01,6.135815875228129990e-01,7.537437599346822337e-01,1.000000000000000000e+00,5.754176848118019993e-01,5.737372852409940993e-01,7.875033005159725041e-01,7.324939065257661808e-01,7.232611447177553776e-01,7.999783856030290297e-01,5.407026424330566572e-01,6.727594579400762997e-01
6.771425057775678491e-01,6.753555847779640908e-01,5.752878875225735378e-01,3.495348842595812910e-01,6.001743956667623392e-01,7.322297751862723025e-01,5.464912297039820066e-02,-5.463516419115461709e-01,6.934111982789401551e-01,7.562667796730998537e-01,7.310040350352278171e-01,1.526387753374423839e-01,-2.001768934751264328e-01,7.387772269621455390e-01,4.852610119435392111e-01,7.258109883072509927e-01,6.524039694615223484e-01,5.557961477048432020e-01,5.872780525944822916e-01,5.765572850098801272e-01,2.694279406954503964e-01,4.735598603543084706e-01,6.744173840534655184e-01,5.972149633081806908e-01,7.411630567285066862e-01,7.129462420239150999e-01,6.769884106954247027e-01,5.025533285637807657e-01,8.368438727894930151e-01,6.999435715760992105e-01,5.754176848118019993e-01,1.000000000000000000e+00,6.514448125398764056e-01,4.107436569307857943e-01,7.063549026258921781e-01,6.173639576651428484e-01,8.072852530990366482e-01,4.467196064449508452e-01,5.388654427960654081e-01
6.325066313114247052e-01,6.828994072997703890e-01,8.238151761938894424e-01,6.519204614400718745e-01,6.945335837535933088e-01,6.655155664187929476e-01,1.831351210867821766e-01,-6.414265016956197663e-01,7.241681446792895827e-01,8.085007878448418062e-01,7.186503745814196709e-01,1.950388387576663940e-01,-2.861052645905822756e-01,7.182245219504720390e-01,8.271610628230594564e-01,6.942644478140604924e-01,6.180734637408203946e-01,7.317796369155095126e-01,7.894564409286020101e-01,8.435664128910620452e-01,6.282846470270893047e-01,8.251963061429089530e-01,3.921792272678552016e-01,5.638424720776876731e-01,6.960381232948731345e-01,8.091677614077704694e-01,6.832085452714188323e-01,8.496466588211913917e-01,8.140204917486264513e-01,7.992542731177408877e-01,5.737372852409940993e-01,6.514448125398764056e-01,1.000000000000000000e+00,5.897024469059853891e-01,7.729149084258051250e-01,5.658258288691697668e-01,7.298407641298847448e-01,6.052987336018470499e-01,7.175219635472919189e-01
6.284152813772145851e-01,5.493943524418433144e-01,8.232957007093987256e-01,3.417067818946957214e-01,8.511396214044214537e-01,3.145858957784843368e-01,-2.788303975403597090e-01,-6.828721182594326145e-01,7.437224704441334211e-01,6.120992122618684750e-01,6.329192278078630274e-01,7.063556077924936227e-01,1.918457576921797914e-01,7.002957900779732681e-01,6.958757124227417101e-01,6.344415618353760333e-01,6.588171355612103541e-01,7.889195599271842108e-01,7.585159456554955160e-01,5.826699674499199455e-01,6.796489053041848694e-01,4.274896320612329714e-01,5.104619714910421102e-01,5.664745011511699291e-01,6.190189252301002698e-01,6.805036978199185960e-01,7.050268131014503226e-01,6.194705278210584920e-01,4.215141518036406021e-01,5.639882078982426661e-01,7.875033005159725041e-01,4.107436569307857943e-01,5.897024469059853891e-01,1.000000000000000000e+00,5.936371191327449726e-01,5.705172430681733076e-01,6.116000097004039571e-01,5.268809599816570710e-01,7.495198365312695232e-01
7.912677575336320990e-01,7.808830098584739199e-01,7.338861033337585882e-01,4.281035084355768738e-01,7.717317940548739097e-01,7.359295749061189884e-01,1.325726266982322765e-01,-6.780305762822844695e-01,8.096838254415950065e-01,8.800337719640350942e-01,8.359340526958936035e-01,2.234970106046182958e-01,-2.456100794181343694e-01,8.473529070830441157e-01,6.878755650090055962e-01,8.592206128921302533e-01,7.537309561218658027e-01,7.132012294248014639e-01,7.184135148925916425e-01,6.762966369536029809e-01,4.507995760411515063e-01,5.316095381193326475e-01,6.709602123056686018e-01,6.765467545884610301e-01,8.361624902495077283e-01,8.656263528855843159e-01,8.164183394344450839e-01,6.966691057681944077e-01,8.145803872978180094e-01,8.479626371229860293e-01,7.324939065257661808e-01,7.063549026258921781e-01,7.729149084258051250e-01,5.936371191327449726e-01,1.000000000000000000e+00,7.144225649708306758e-01,8.888883820522568424e-01,6.165513395199739843e-01,7.068641188538635767e-01
7.976445020335695135e-01,7.355483781804852406e-01,5.915797209668804957e-01,1.941603260118311136e-01,6.926856407746264654e-01,6.175346928682873271e-01,-6.191350668385345313e-02,-5.579191721577472229e-01,7.793235399709272926e-01,7.560022723634267638e-01,7.535355271910131325e-01,3.611392932675858147e-01,-1.587430611705051009e-01,8.084591688711770807e-01,5.585623159905247492e-01,7.982756110738392641e-01,7.308125964032635702e-01,5.389227297002964212e-01,5.423109280211969585e-01,4.718389823421162421e-01,3.689624304847485825e-01,3.025185298227500708e-01,6.813360596084762077e-01,5.859500794897862797e-01,7.217456516615873285e-01,7.884522613494395760e-01,7.745656023403535428e-01,4.970459167322123784e-01,6.282609470110903649e-01,7.513227920747705957e-01,7.232611447177553776e-01,6.173639576651428484e-01,5.658258288691697668e-01,5.705172430681733076e-01,7.144225649708306758e-01,1.000000000000000000e+00,7.838257715204054454e-01,5.518281034019167919e-01,5.888681849574131100e-01
8.870432563820616068e-01,8.714063607122025656e-01,7.238022206860320606e-01,3.856036016150176660e-01,7.888893778195659179e-01,7.393332073001719351e-01,8.108332174854866736e-02,-6.998159324284991545e-01,8.829346727496615310e-01,8.858940028824949797e-01,8.405664024431703796e-01,2.355246581760155611e-01,-2.295441458786746380e-01,8.865340460228601227e-01,6.198908021914967259e-01,9.007410294512100402e-01,7.765784516813722949e-01,7.221178489215909213e-01,7.113436881435486470e-01,6.583479151904364501e-01,4.257581445794881292e-01,4.648931441868826009e-01,7.723432869984276916e-01,6.833084826964839209e-01,8.792527671422601943e-01,8.856776271996539274e-01,8.241503452503411431e-01,6.460750088432961613e-01,8.411430996372931679e-01,8.705436415948100137e-01,7.999783856030290297e-01,8.072852530990366482e-01,7.298407641298847448e-01,6.116000097004039571e-01,8.888883820522568424e-01,7.838257715204054454e-01,1.000000000000000000e+00,5.443541996881711142e-01,6.510035027330005608e-01
4.200789829804442155e-01,3.374831209605508309e-01,5.884902971854349962e-01,1.482242267312628911e-02,6.009144437865686639e-01,6.370828492764084583e-01,-3.442186281010193860e-01,-4.892462512171780742e-01,5.005747395043360637e-01,6.203460909635992726e-01,7.363373851058150343e-01,5.764555820865827629e-01,1.957086404791358591e-01,6.684426163150501976e-01,7.342507749343865076e-01,5.729934122600058855e-01,7.730983549086051232e-01,4.627748542245089802e-01,5.957644143347354815e-01,3.423191969677694679e-01,4.917752569387209283e-01,4.274953816980341936e-01,5.180661565134735413e-01,4.050728319676182299e-01,4.942284508241046037e-01,6.934705042551013721e-01,6.875445374430042556e-01,5.383582345269803948e-01,4.722185499180426849e-01,5.433957114444927239e-01,5.407026424330566572e-01,4.467196064449508452e-01,6.052987336018470499e-01,5.268809599816570710e-01,6.165513395199739843e-01,5.518281034019167919e-01,5.443541996881711142e-01,1.000000000000000000e+00,8.420836569179152020e-01
5.746930735364719212e-01,4.948813997906122419e-01,7.755805010190452986e-01,2.779421020222470062e-01,7.767283886271243443e-01,5.950736417032672643e-01,-2.551868229352862172e-01,-6.458152098786218431e-01,6.630467232255796706e-01,7.469679729099790721e-01,7.682184857483386198e-01,6.450129944591251885e-01,1.493763884171524781e-01,7.504149878367833981e-01,7.903323333850356125e-01,6.923494656710067474e-01,7.442780362198154753e-01,6.985981117766253412e-01,7.692893958051458814e-01,5.469595661686943444e-01,5.950615457881670567e-01,5.477091755205552026e-01,5.712980732463474043e-01,5.387671818435694204e-01,6.606412736430460342e-01,7.465205888757175945e-01,7.764791156132798688e-01,6.566218764663457330e-01,5.653666193116084759e-01,6.274810442997665882e-01,6.727594579400762997e-01,5.388654427960654081e-01,7.175219635472919189e-01,7.495198365312695232e-01,7.068641188538635767e-01,5.888681849574131100e-01,6.510035027330005608e-01,8.420836569179152020e-01,1.000000000000000000e+00
