1.000000000000000000e+00,8.139824735340354112e-01,3.400843484637562364e-01,6.190014423297537371e-01,7.179535328425978857e-01,-5.214090057681329826e-01,6.916377705416751898e-01,-5.604968753238394052e-01,4.381075244234121646e-01,6.810434459038221533e-01,2.665916747595329928e-01,3.820667020616242970e-01,-4.527876239518137114e-01,7.638699149634450292e-01,7.321333110524818055e-01,8.142282677951793168e-01,3.556948439724290090e-01,8.247134986347216534e-01,8.139263437627255460e-01,-6.578704571168525472e-01,3.274222622637335545e-01,4.483325321061120139e-01,4.380998348742747850e-01,-1.789315669619751248e-01,3.981797317235046263e-01,8.712877315344842444e-01,7.448935469578159552e-01,3.036324763214564015e-01,1.608514479853212775e-01,3.367769302516495852e-03,6.272669735217062392e-01,6.478353635152487300e-01,8.009499054644213523e-01,5.996254220066877805e-01,-7.241299778531048448e-01,5.715934291832036607e-01,1.416467209138878580e-01,-1.808468755254920846e-01,5.348633426585337469e-01
8.139824735340354112e-01,1.000000000000000000e+00,5.526945457132796946e-01,4.618186163301751246e-01,7.815518431911137043e-01,-3.137099569688654443e-01,5.708497697311517571e-01,-6.719894599797341384e-01,4.107549585103598688e-01,5.377164761725724551e-01,1.356536284852306040e-01,4.160673779737588673e-01,-5.268433640185740119e-01,5.835684180174247615e-01,7.254733565805425721e-01,7.305497724658404080e-01,2.304888731418877901e-01,7.415135235133358815e-01,7.521268420994395854e-01,-5.099096291156600680e-01,4.738560133819528786e-01,6.319654696693597362e-01,5.752123670267982325e-01,3.824540107648360943e-02,5.337826377300827208e-01,7.608777894512873674e-01,5.571057145927306165e-01,4.618191671760802919e-01,2.267448202837960558e-01,1.539111615776133550e-03,6.917210526257829839e-01,5.116358350196851257e-01,6.448952411210543412e-01,5.769996376648099945e-01,-6.222762001657650144e-01,4.809958250152569503e-01,3.009479464473835408e-01,-1.155726088308987182e-02,5.410407432110956316e-01
3.400843484637562364e-01,5.526945457132796946e-01,1.000000000000000000e+00,1.014883520520780680e-01,4.116379287476456539e-01,1.397727067771279974e-01,1.322599322158728441e-01,-8.329142603155286206e-01,-1.566548383127078781e-01,-6.213940990533198261e-02,-3.439784644019921317e-02,2.913948644065553761e-01,-5.575492042027966333e-01,-3.012687831935896912e-03,4.046719032860920384e-01,3.314718079779796489e-01,-1.626199691367569145e-01,2.380427509069949210e-01,2.372097314145358848e-01,7.242214732889869222e-02,8.311608177835770883e-01,7.628938085686399750e-01,6.566571434848129662e-01,6.096722900613545937e-01,4.907877058010114979e-01,1.986959444270440522e-01,-4.422599592294290671e-02,8.160995458342001907e-01,5.608201015967300140e-01,-4.394625571920678930e-01,6.565961125456051262e-01,1.506510842049383347e-01,2.372499707980137984e-01,9.140552173559324256e-02,-3.473545449351933545e-01,-1.889544668657137105e-01,6.318401256114026809e-01,-1.532773248109224780e-02,9.572546247513104289e-02
6.190014423297537371e-01,4.618186163301751246e-01,1.014883520520780680e-01,1.000000000000000000e+00,3.848844338016418343e-01,-6.680641879096356206e-01,6.456378180427012614e-01,-3.551502679039625909e-01,2.068245629607934344e-01,6.283148242700166142e-01,3.188335102620507566e-01,4.500432895597326066e-01,-3.723300599372100783e-01,6.846357018575389697e-01,3.252331943835165551e-01,5.842393225132054280e-01,4.667436336182444467e-01,5.473988114241251646e-01,5.320165597716539629e-01,-3.976644620050751033e-01,9.668378454429833735e-02,3.115037164166597483e-01,2.854949327760671063e-02,-3.583560001968521536e-01,-3.114678796361204649e-02,6.461552225821691753e-01,6.405534418777284467e-01,4.702587000957158397e-02,-3.183161869741927413e-02,6.128014397858592283e-02,4.605548166268382815e-01,5.994733762127471000e-01,6.300577096935523480e-01,3.585182353966545610e-01,-5.965043482353886706e-01,4.648614628272573213e-01,-1.700872325051621115e-01,-5.279448525324369479e-01,3.283757294841686547e-01
7.179535328425978857e-01,7.815518431911137043e-01,4.116379287476456539e-01,3.848844338016418343e-01,1.000000000000000000e+00,-3.414256141471768702e-01,5.195283520992894921e-01,-5.209252701123920914e-01,5.882055267775366802e-01,5.625090435767876595e-01,7.324298609859043740e-02,3.985801126531872129e-01,-3.919379123882465454e-01,6.092417227034009342e-01,7.632506752696835983e-01,6.988457295082521892e-01,1.577953289583129415e-01,7.730090662982889160e-01,8.101339842916333023e-01,-5.905634943040489748e-01,3.789734669803848099e-01,5.013738362817167227e-01,4.839333615970604074e-01,-2.784484459126930489e-02,5.589602007302968412e-01,7.377203008017866326e-01,6.474021179576744389e-01,3.193122830871091278e-01,8.091001518472935861e-02,2.383212422347657233e-01,5.470992275867551102e-01,4.223203849721604564e-01,5.715742435065436222e-01,6.982854124870312429e-01,-4.287842305344308769e-01,5.415685004703691963e-01,1.827197098352434934e-01,2.256175771249859519e-01,5.732847438117184558e-01
-5.214090057681329826e-01,-3.137099569688654443e-01,1.397727067771279974e-01,-6.680641879096356206e-01,-3.414256141471768702e-01,1.000000000000000000e+00,-6.336255709726887897e-01,1.732515138060370941e-01,-3.772620187600376207e-01,-6.605794273654580495e-01,-2.300458933720017363e-01,-4.213256309918575471e-01,2.820660469349673405e-01,-6.862085583689689905e-01,-4.518617502038596023e-01,-4.650921147552228851e-01,-4.611889251234465026e-01,-5.842947458555843854e-01,-6.019578754008788612e-01,4.780048052677525194e-01,1.224421266426081456e-01,-1.062509662344891526e-01,2.786339236427705091e-01,6.554558425981636960e-01,1.655386665808418201e-01,-6.394721810543732010e-01,-6.783848631029006926e-01,1.640229230929480808e-01,2.575998179243537689e-01,-2.309069703668796547e-01,-3.307315415937985281e-01,-6.091725546569418670e-01,-5.877802516251294795e-01,-4.507916619750180764e-01,4.466213304561190145e-01,-6.165099110012801642e-01,5.057360139523428000e-01,3.861929681122214242e-01,-4.359001222300434297e-01
6.916377705416751898e-01,5.708497697311517571e-01,1.322599322158728441e-01,6.456378180427012614e-01,5.195283520992894921e-01,-6.336255709726887897e-01,1.000000000000000000e+00,-3.874286043948109715e-01,3.435312170139124821e-01,5.785995575896621945e-01,3.134178073142038778e-01,2.521234709465670076e-01,-3.476377068885962429e-01,7.103882778476112714e-01,5.267222336180320541e-01,5.744753253173547902e-01,4.680053384859609311e-01,6.708022129890157670e-01,6.992867570011477296e-01,-5.070945487406818275e-01,8.021449132597707754e-02,2.670080626953926228e-01,7.465795524159582475e-02,-3.853695950726431230e-01,7.408034302058326415e-02,7.388070830834922997e-01,7.088994768888743359e-01,1.299696803205769580e-01,1.670940423149539639e-02,8.728630154518626783e-02,5.096166415555597462e-01,6.658218894421423784e-01,7.132498520524267471e-01,5.012302241170815131e-01,-5.810662103962458414e-01,5.466401156443799758e-01,-9.969497057559308095e-02,-3.669714113671046496e-01,3.528804372925314903e-01
-5.604968753238394052e-01,-6.719894599797341384e-01,-8.329142603155286206e-01,-3.551502679039625909e-01,-5.209252701123920914e-01,1.732515138060370941e-01,-3.874286043948109715e-01,1.000000000000000000e+00,1.695244457010131045e-02,-2.084236883613422575e-01,-1.590913105574229547e-01,-4.695465707965216229e-01,6.807910392401924637e-01,-2.811787565045469339e-01,-5.818185809953280163e-01,-5.416050145006651162e-01,-7.416313288069638354e-02,-4.804491995055620857e-01,-4.668642253122932129e-01,1.858362746916424890e-01,-7.807634689250909643e-01,-7.061365298807219526e-01,-5.436683937969970515e-01,-3.447959134588485242e-01,-3.982331865408988980e-01,-4.462606012881216722e-01,-2.271336145264362949e-01,-7.692967190729074201e-01,-4.929295226575235445e-01,3.741935087810587257e-01,-8.215359614423703993e-01,-4.622558127106983217e-01,-5.473555625779783496e-01,-2.776980776075225754e-01,5.617337094962548960e-01,-4.681009179438997553e-02,-4.980958062939661590e-01,1.783128153725351828e-01,-2.801394711583181096e-01
4.381075244234121646e-01,4.107549585103598688e-01,-1.566548383127078781e-01,2.068245629607934344e-01,5.882055267775366802e-01,-3.772620187600376207e-01,3.435312170139124821e-01,1.695244457010131045e-02,1.000000000000000000e+00,6.411820817893872926e-01,5.845720059790095874e-02,2.355509658989253519e-01,-5.228516947556207002e-03,5.471667753693553182e-01,5.190950755450588483e-01,4.657221960765480229e-01,2.390653695651683008e-01,6.000309942323953649e-01,6.283150740159257897e-01,-5.865512993488072313e-01,-1.858393761731050309e-01,5.699281869076165685e-03,8.115044252634154298e-02,-4.320946014440890659e-01,3.121624782636652218e-01,5.473244846717844059e-01,5.489629345433124641e-01,-2.460961016189670003e-01,-3.172379705309489872e-01,5.076863921122547474e-01,1.009182423630469450e-01,2.554327956106367536e-01,3.577199012854331839e-01,7.155024095782899218e-01,-1.521514793386887221e-01,6.899279474561991199e-01,-2.294360274080138595e-01,2.986885748289174192e-01,6.799891532691475504e-01
6.810434459038221533e-01,5.377164761725724551e-01,-6.213940990533198261e-02,6.283148242700166142e-01,5.625090435767876595e-01,-6.605794273654580495e-01,5.785995575896621945e-01,-2.084236883613422575e-01,6.411820817893872926e-01,1.000000000000000000e+00,2.976224300208952234e-01,4.951749820835236737e-01,-2.403875474653770217e-01,7.792724394263368382e-01,5.737739140623290268e-01,7.862612661930246105e-01,5.006912654122646078e-01,7.371237472621513520e-01,7.184149817043538055e-01,-6.716733976386104477e-01,-5.551823288030331705e-02,1.571183411629923365e-01,9.760543374494096147e-02,-5.302468962955578791e-01,2.110774992957538398e-01,7.561480988789996971e-01,7.492762980353312452e-01,-1.317393440923926018e-01,-2.081227950260442217e-01,3.372077230585296959e-01,3.320083842572892352e-01,5.994426099306082723e-01,6.798099739913259221e-01,6.373542127206122121e-01,-5.314991579114149989e-01,7.596944160444207839e-01,-2.438910139724063120e-01,-1.735570131219980328e-01,6.843926037502972015e-01
2.665916747595329928e-01,1.356536284852306040e-01,-3.439784644019921317e-02,3.188335102620507566e-01,7.324298609859043740e-02,-2.300458933720017363e-01,3.134178073142038778e-01,-1.590913105574229547e-01,5.845720059790095874e-02,2.976224300208952234e-01,1.000000000000000000e+00,3.481689987620116833e-01,-1.775359981274620413e-01,3.499089302071259344e-01,1.753463966507214922e-01,2.923581298127495565e-01,7.112973054669908812e-01,2.940261907030732313e-01,2.043700386297370442e-01,-3.130039448053473783e-01,9.084765692626896316e-02,-1.508385485902744017e-01,-2.590023150653898362e-02,-1.496829952280428755e-01,-2.098568602050891185e-01,2.559199750618511016e-01,3.464728682406036375e-01,1.114343974036044599e-01,3.480120432094793159e-01,-1.403606374619699726e-01,2.923519293171161215e-01,5.454382361635554677e-01,4.948574062333935264e-01,2.444391775542142653e-01,-4.314191082920565967e-01,1.542538467162045679e-01,1.576669844365758966e-01,-3.443823216052712688e-01,1.845140401067184299e-01
3.820667020616242970e-01,4.160673779737588673e-01,2.913948644065553761e-01,4.500432895597326066e-01,3.985801126531872129e-01,-4.213256309918575471e-01,2.521234709465670076e-01,-4.695465707965216229e-01,2.355509658989253519e-01,4.951749820835236737e-01,3.481689987620116833e-01,1.000000000000000000e+00,-4.696811754836089370e-01,3.698047009642130845e-01,5.106300652767155057e-01,5.259931724204816028e-01,3.902705577536006998e-01,4.880303463945706577e-01,4.320755838875979249e-01,-3.447643359601134661e-01,3.154791329782730691e-01,3.261328980740917927e-01,7.895570281649945399e-02,-1.178938268775930193e-01,3.866033575774725090e-02,3.961213385667438636e-01,3.939382007808981956e-01,3.006794524643717215e-01,2.232703730883447979e-01,-2.134094689575621179e-02,5.464875511843205746e-01,5.198755210132012250e-01,4.741318437922424356e-01,4.343672729140907740e-01,-4.505433768800431449e-01,2.867852750562470132e-01,2.129176782872764105e-04,-1.911070716322738894e-01,5.213609249345066976e-01
-4.527876239518137114e-01,-5.268433640185740119e-01,-5.575492042027966333e-01,-3.723300599372100783e-01,-3.919379123882465454e-01,2.820660469349673405e-01,-3.476377068885962429e-01,6.807910392401924637e-01,-5.228516947556207002e-03,-2.403875474653770217e-01,-1.775359981274620413e-01,-4.696811754836089370e-01,1.000000000000000000e+00,-2.958505115410496322e-01,-4.786230326734729479e-01,-4.283358591694834128e-01,-1.443544152463401842e-01,-4.176023839466788679e-01,-3.952874219968465219e-01,1.812642131792952249e-01,-5.821437589710882765e-01,-5.279173439952455915e-01,-2.677115074804737316e-01,-1.222126343086662320e-01,-1.295322113890873539e-01,-4.044726013109262719e-01,-2.536854521788624584e-01,-5.631833909595368448e-01,-3.330804059890221658e-01,2.215534841844598590e-01,-7.309246807814904212e-01,-4.587967299625486661e-01,-4.687328375122947199e-01,-2.635602842174077920e-01,5.077200828964044677e-01,-1.429985988989978252e-01,-2.431833478317421415e-01,2.221819268104613387e-01,-2.486733083890646234e-01
7.638699149634450292e-01,5.835684180174247615e-01,-3.012687831935896912e-03,6.846357018575389697e-01,6.092417227034009342e-01,-6.862085583689689905e-01,7.103882778476112714e-01,-2.811787565045469339e-01,5.471667753693553182e-01,7.792724394263368382e-01,3.499089302071259344e-01,3.698047009642130845e-01,-2.958505115410496322e-01,1.000000000000000000e+00,5.998891708030765768e-01,7.295429512738025313e-01,5.347372936263427023e-01,7.911763030729580537e-01,7.824887900926883466e-01,-6.959631031451757321e-01,1.708874317566247414e-02,1.625620480310518146e-01,1.326063295266966535e-01,-4.804546275657184395e-01,1.609041477982418034e-01,8.429440812479314094e-01,8.498977570156870387e-01,-6.043684279126206732e-02,-9.961494564440390165e-02,2.306742565569300518e-01,4.333727239294887235e-01,6.617676015287905500e-01,7.816555857514312367e-01,6.226534206015111872e-01,-6.339097743792680983e-01,7.267586332386358761e-01,-1.464291094059208820e-01,-2.819756577849458767e-01,5.137159596218829893e-01
7.321333110524818055e-01,7.254733565805425721e-01,4.046719032860920384e-01,3.252331943835165551e-01,7.632506752696835983e-01,-4.518617502038596023e-01,5.267222336180320541e-01,-5.818185809953280163e-01,5.190950755450588483e-01,5.737739140623290268e-01,1.753463966507214922e-01,5.106300652767155057e-01,-4.786230326734729479e-01,5.998891708030765768e-01,1.000000000000000000e+00,7.153430293722921052e-01,2.358430211755479511e-01,8.267327421422037137e-01,8.230980199960297172e-01,-6.374683480657159507e-01,4.013356466717170612e-01,4.143901099555692968e-01,3.709428752105783933e-01,-1.512621462168264597e-01,4.407500137646351845e-01,7.323904430925818332e-01,6.032694401408232876e-01,3.470751007157816814e-01,1.759718338291225981e-01,2.351499321040313381e-02,6.077069989062422462e-01,5.689456183522462185e-01,6.720851184654100807e-01,6.983211726353008020e-01,-5.218121515363077778e-01,5.190387364491269029e-01,1.284251635515228918e-01,1.006780799746620769e-01,6.253101552138269348e-01
8.142282677951793168e-01,7.305497724658404080e-01,3.314718079779796489e-01,5.842393225132054280e-01,6.988457295082521892e-01,-4.650921147552228851e-01,5.744753253173547902e-01,-5.416050145006651162e-01,4.657221960765480229e-01,7.862612661930246105e-01,2.923581298127495565e-01,5.259931724204816028e-01,-4.283358591694834128e-01,7.295429512738025313e-01,7.153430293722921052e-01,1.000000000000000000e+00,3.777483220415631671e-01,7.961475096907348892e-01,7.565647936184671796e-01,-6.451375783769517369e-01,3.308983602287872139e-01,4.103451143521903433e-01,4.568577501338664804e-01,-1.646657868105717293e-01,4.535578807701932669e-01,7.880995629900880983e-01,6.872576108906970349e-01,2.687123029322127099e-01,1.357091178515129337e-01,5.298410440542038885e-02,5.742531255511449384e-01,6.293008439760927608e-01,7.754939057472099995e-01,6.150836794977991850e-01,-6.723074734753541337e-01,5.776335738200729653e-01,1.501241424701162674e-01,-1.473724088470460825e-01,6.099383543475290770e-01
3.556948439724290090e-01,2.304888731418877901e-01,-1.626199691367569145e-01,4.667436336182444467e-01,1.577953289583129415e-01,-4.611889251234465026e-01,4.680053384859609311e-01,-7.416313288069638354e-02,2.390653695651683008e-01,5.006912654122646078e-01,7.112973054669908812e-01,3.902705577536006998e-01,-1.443544152463401842e-01,5.347372936263427023e-01,2.358430211755479511e-01,3.777483220415631671e-01,1.000000000000000000e+00,4.090307056590054002e-01,3.597740608882504798e-01,-3.594932120501277972e-01,-1.132002665453965828e-01,-1.224151071670309954e-01,-1.533360233010467866e-01,-4.561719589584427026e-01,-2.249062529110656683e-01,4.074617756585821038e-01,5.208668303979772096e-01,-1.063981764484446257e-01,1.212843341908885347e-01,6.873621685005164295e-02,2.348229779239455750e-01,5.834719202362335100e-01,5.137646617107261005e-01,3.762734065730373723e-01,-4.344638269024452826e-01,3.965755640735382226e-01,-1.421555349609125440e-01,-4.148148820982041074e-01,2.693490900810774913e-01
8.247134986347216534e-01,7.415135235133358815e-01,2.380427509069949210e-01,5.473988114241251646e-01,7.730090662982889160e-01,-5.842947458555843854e-01,6.708022129890157670e-01,-4.804491995055620857e-01,6.000309942323953649e-01,7.371237472621513520e-01,2.940261907030732313e-01,4.880303463945706577e-01,-4.176023839466788679e-01,7.911763030729580537e-01,8.267327421422037137e-01,7.961475096907348892e-01,4.090307056590054002e-01,1.000000000000000000e+00,8.872870673029601418e-01,-7.608127638715986851e-01,2.345068907076257037e-01,3.241152811724721805e-01,3.008387986617891419e-01,-3.126040088003294581e-01,3.459332047381577513e-01,8.558256318637743609e-01,7.775046189918517481e-01,1.858894171819159835e-01,5.339588982918575671e-02,1.118433832789807458e-01,5.756569196594754079e-01,6.558625681159736542e-01,7.812759137865099568e-01,7.521096655248660223e-01,-6.091941484486017577e-01,6.725802366543922606e-01,1.795638561256644380e-02,-6.075615233520078456e-02,6.580257854684545826e-01
8.139263437627255460e-01,7.521268420994395854e-01,2.372097314145358848e-01,5.320165597716539629e-01,8.101339842916333023e-01,-6.019578754008788612e-01,6.992867570011477296e-01,-4.668642253122932129e-01,6.283150740159257897e-01,7.184149817043538055e-01,2.043700386297370442e-01,4.320755838875979249e-01,-3.952874219968465219e-01,7.824887900926883466e-01,8.230980199960297172e-01,7.565647936184671796e-01,3.597740608882504798e-01,8.872870673029601418e-01,1.000000000000000000e+00,-7.175663856184185674e-01,2.024627992972732604e-01,3.467468305807089313e-01,2.794030841422226463e-01,-3.253100807399102457e-01,3.622218530927901470e-01,8.627073037053388793e-01,7.875324843857914869e-01,1.618592675078191767e-01,-2.431978952106738506e-03,2.105982802168214485e-01,5.561095255484652666e-01,6.264268143009780188e-01,7.456521273655430937e-01,7.297638294503079326e-01,-5.708891995438689637e-01,6.894626928161470270e-01,-2.295471560643146808e-02,-3.488365020176754580e-03,6.508116950753821683e-01
-6.578704571168525472e-01,-5.099096291156600680e-01,7.242214732889869222e-02,-3.976644620050751033e-01,-5.905634943040489748e-01,4.780048052677525194e-01,-5.070945487406818275e-01,1.858362746916424890e-01,-5.865512993488072313e-01,-6.716733976386104477e-01,-3.130039448053473783e-01,-3.447643359601134661e-01,1.812642131792952249e-01,-6.959631031451757321e-01,-6.374683480657159507e-01,-6.451375783769517369e-01,-3.594932120501277972e-01,-7.608127638715986851e-01,-7.175663856184185674e-01,1.000000000000000000e+00,1.568329554484966526e-02,2.600887602040519511e-02,-1.816448537838936672e-01,3.545823393442831817e-01,-2.403520990487970355e-01,-7.065271378316246853e-01,-6.979294984335803198e-01,9.241063397121088499e-03,4.976354479050307950e-02,-2.172016151498468994e-01,-3.487420570155522759e-01,-5.924323253750404250e-01,-6.910351100427888360e-01,-6.529351389846426157e-01,4.510033591934607400e-01,-6.350240020296823440e-01,2.005863779897119545e-02,-6.713662568604202019e-02,-5.818098871881429712e-01
3.274222622637335545e-01,4.738560133819528786e-01,8.311608177835770883e-01,9.668378454429833735e-02,3.789734669803848099e-01,1.224421266426081456e-01,8.021449132597707754e-02,-7.807634689250909643e-01,-1.858393761731050309e-01,-5.551823288030331705e-02,9.084765692626896316e-02,3.154791329782730691e-01,-5.821437589710882765e-01,1.708874317566247414e-02,4.013356466717170612e-01,3.308983602287872139e-01,-1.132002665453965828e-01,2.345068907076257037e-01,2.024627992972732604e-01,1.568329554484966526e-02,1.000000000000000000e+00,6.381563546056105984e-01,5.901721176710558181e-01,5.774971909035994111e-01,3.932911785968795648e-01,1.710595340060650227e-01,-1.518632385530677836e-02,7.972481477996021804e-01,6.151713997380052756e-01,-4.289943001867531081e-01,6.321281904993074630e-01,1.829514460840494794e-01,2.758743778051305218e-01,1.245902443912604435e-01,-3.482148410601119126e-01,-1.992132465967444144e-01,6.386004496879098546e-01,-1.428011402386437576e-02,5.610742287789312333e-02
4.483325321061120139e-01,6.319654696693597362e-01,7.628938085686399750e-01,3.115037164166597483e-01,5.013738362817167227e-01,-1.062509662344891526e-01,2.670080626953926228e-01,-7.061365298807219526e-01,5.699281869076165685e-03,1.571183411629923365e-01,-1.508385485902744017e-01,3.261328980740917927e-01,-5.279173439952455915e-01,1.625620480310518146e-01,4.143901099555692968e-01,4.103451143521903433e-01,-1.224151071670309954e-01,3.241152811724721805e-01,3.467468305807089313e-01,2.600887602040519511e-02,6.381563546056105984e-01,1.000000000000000000e+00,5.615441288568997491e-01,3.524062176943463243e-01,5.107114520157348680e-01,3.738545242827990278e-01,1.492408718140006973e-01,5.865071701669329896e-01,2.657202550637646210e-01,-2.093948403055870822e-01,5.765496818580890803e-01,1.252545696744748194e-01,2.344992618299814591e-01,1.750894686581167259e-01,-3.889846333283157320e-01,5.627683130584401616e-02,3.160321062348724896e-01,-1.112533363592404928e-01,2.012317241641210508e-01
4.380998348742747850e-01,5.752123670267982325e-01,6.566571434848129662e-01,2.854949327760671063e-02,4.839333615970604074e-01,2.786339236427705091e-01,7.465795524159582475e-02,-5.436683937969970515e-01,8.115044252634154298e-02,9.760543374494096147e-02,-2.590023150653898362e-02,7.895570281649945399e-02,-2.677115074804737316e-01,1.326063295266966535e-01,3.709428752105783933e-01,4.568577501338664804e-01,-1.533360233010467866e-01,3.008387986617891419e-01,2.794030841422226463e-01,-1.816448537838936672e-01,5.901721176710558181e-01,5.615441288568997491e-01,1.000000000000000000e+00,5.771560653603652336e-01,7.799674261759977911e-01,3.065489698665483931e-01,7.690348138535338385e-02,5.553563767740480328e-01,4.345078933097834550e-01,-2.553480300956209592e-01,3.791755399326662279e-01,4.591364766545585896e-02,2.496608937721201404e-01,2.202258774111258977e-01,-3.257967735283093802e-01,2.710154452859467582e-03,7.081610104982742904e-01,1.961546855311419590e-01,1.791742158001460306e-01
-1.789315669619751248e-01,3.824540107648360943e-02,6.096722900613545937e-01,-3.583560001968521536e-01,-2.784484459126930489e-02,6.554558425981636960e-01,-3.853695950726431230e-01,-3.447959134588485242e-01,-4.320946014440890659e-01,-5.302468962955578791e-01,-1.496829952280428755e-01,-1.178938268775930193e-01,-1.222126343086662320e-01,-4.804546275657184395e-01,-1.512621462168264597e-01,-1.646657868105717293e-01,-4.561719589584427026e-01,-3.126040088003294581e-01,-3.253100807399102457e-01,3.545823393442831817e-01,5.774971909035994111e-01,3.524062176943463243e-01,5.771560653603652336e-01,1.000000000000000000e+00,3.420245710012207452e-01,-3.399308607701793106e-01,-4.757332765659402218e-01,6.338601758860296087e-01,5.607471291429705351e-01,-4.698130727019236286e-01,1.670275092611470946e-01,-3.345802402312603729e-01,-2.551342606561937121e-01,-3.303518884861435523e-01,7.029908630075264175e-02,-5.979625604428654428e-01,7.617135813817854650e-01,2.261870014307915677e-01,-3.010408137133263051e-01
3.981797317235046263e-01,5.337826377300827208e-01,4.907877058010114979e-01,-3.114678796361204649e-02,5.589602007302968412e-01,1.655386665808418201e-01,7.408034302058326415e-02,-3.982331865408988980e-01,3.121624782636652218e-01,2.110774992957538398e-01,-2.098568602050891185e-01,3.866033575774725090e-02,-1.295322113890873539e-01,1.609041477982418034e-01,4.407500137646351845e-01,4.535578807701932669e-01,-2.249062529110656683e-01,3.459332047381577513e-01,3.622218530927901470e-01,-2.403520990487970355e-01,3.932911785968795648e-01,5.107114520157348680e-01,7.799674261759977911e-01,3.420245710012207452e-01,1.000000000000000000e+00,3.218000499695043426e-01,1.219602636559507236e-01,3.345081649398771173e-01,1.018779861114810503e-01,1.534696296632665283e-02,2.384086936099113208e-01,-3.917594574190991913e-02,1.623913233292924863e-01,3.195260517686292490e-01,-1.678270836799722610e-01,1.926874796209096519e-01,4.173828700084212251e-01,3.970002637643995635e-01,3.232297831701747559e-01
8.712877315344842444e-01,7.608777894512873674e-01,1.986959444270440522e-01,6.461552225821691753e-01,7.377203008017866326e-01,-6.394721810543732010e-01,7.388070830834922997e-01,-4.462606012881216722e-01,5.473244846717844059e-01,7.561480988789996971e-01,2.559199750618511016e-01,3.961213385667438636e-01,-4.044726013109262719e-01,8.429440812479314094e-01,7.323904430925818332e-01,7.880995629900880983e-01,4.074617756585821038e-01,8.558256318637743609e-01,8.627073037053388793e-01,-7.065271378316246853e-01,1.710595340060650227e-01,3.738545242827990278e-01,3.065489698665483931e-01,-3.399308607701793106e-01,3.218000499695043426e-01,1.000000000000000000e+00,8.266119152362622069e-01,1.381654147829736445e-01,3.178518307943189146e-03,1.657657856600137092e-01,5.555551715058859585e-01,6.634866644792756230e-01,7.936497460936577930e-01,6.623391721713017821e-01,-6.849171138822383043e-01,6.955785314305815703e-01,-2.924060975198082557e-02,-1.838436237472457768e-01,5.934657620957464186e-01
7.448935469578159552e-01,5.571057145927306165e-01,-4.422599592294290671e-02,6.405534418777284467e-01,6.474021179576744389e-01,-6.783848631029006926e-01,7.088994768888743359e-01,-2.271336145264362949e-01,5.489629345433124641e-01,7.492762980353312452e-01,3.464728682406036375e-01,3.939382007808981956e-01,-2.536854521788624584e-01,8.498977570156870387e-01,6.032694401408232876e-01,6.872576108906970349e-01,5.208668303979772096e-01,7.775046189918517481e-01,7.875324843857914869e-01,-6.979294984335803198e-01,-1.518632385530677836e-02,1.492408718140006973e-01,7.690348138535338385e-02,-4.757332765659402218e-01,1.219602636559507236e-01,8.266119152362622069e-01,1.000000000000000000e+00,-4.526906409738782472e-02,-7.191540501256106499e-02,3.019570038488972319e-01,4.015564039468972335e-01,6.512639386333292091e-01,7.333107159907358286e-01,6.434550059501760177e-01,-6.017959006373803099e-01,6.793495219228895543e-01,-1.954769307362048958e-01,-2.131558377511778568e-01,4.710860321363115055e-01
3.036324763214564015e-01,4.618191671760802919e-01,8.160995458342001907e-01,4.702587000957158397e-02,3.193122830871091278e-01,1.640229230929480808e-01,1.299696803205769580e-01,-7.692967190729074201e-01,-2.460961016189670003e-01,-1.317393440923926018e-01,1.114343974036044599e-01,3.006794524643717215e-01,-5.631833909595368448e-01,-6.043684279126206732e-02,3.470751007157816814e-01,2.687123029322127099e-01,-1.063981764484446257e-01,1.858894171819159835e-01,1.618592675078191767e-01,9.241063397121088499e-03,7.972481477996021804e-01,5.865071701669329896e-01,5.553563767740480328e-01,6.338601758860296087e-01,3.345081649398771173e-01,1.381654147829736445e-01,-4.526906409738782472e-02,1.000000000000000000e+00,7.070069382930372903e-01,-5.315570247082652688e-01,7.023126468929683508e-01,2.625798044358499950e-01,2.878153564301866862e-01,4.055455387864306815e-02,-3.505039544480063052e-01,-2.559798079308788221e-01,6.912461471202605567e-01,-4.144930042171665607e-02,1.332219215327182064e-02
1.608514479853212775e-01,2.267448202837960558e-01,5.608201015967300140e-01,-3.183161869741927413e-02,8.091001518472935861e-02,2.575998179243537689e-01,1.670940423149539639e-02,-4.929295226575235445e-01,-3.172379705309489872e-01,-2.081227950260442217e-01,3.480120432094793159e-01,2.232703730883447979e-01,-3.330804059890221658e-01,-9.961494564440390165e-02,1.759718338291225981e-01,1.357091178515129337e-01,1.212843341908885347e-01,5.339588982918575671e-02,-2.431978952106738506e-03,4.976354479050307950e-02,6.151713997380052756e-01,2.657202550637646210e-01,4.345078933097834550e-01,5.607471291429705351e-01,1.018779861114810503e-01,3.178518307943189146e-03,-7.191540501256106499e-02,7.070069382930372903e-01,1.000000000000000000e+00,-6.339098229724025035e-01,4.376468452095428341e-01,2.433877055896008779e-01,2.127726230389475892e-01,-8.477136236964841545e-03,-3.334961918975862805e-01,-3.710596918537838462e-01,6.858302917116687603e-01,-1.489370122233859839e-01,-1.534595274260970865e-01
3.367769302516495852e-03,1.539111615776133550e-03,-4.394625571920678930e-01,6.128014397858592283e-02,2.383212422347657233e-01,-2.309069703668796547e-01,8.728630154518626783e-02,3.741935087810587257e-01,5.076863921122547474e-01,3.372077230585296959e-01,-1.403606374619699726e-01,-2.134094689575621179e-02,2.215534841844598590e-01,2.306742565569300518e-01,2.351499321040313381e-02,5.298410440542038885e-02,6.873621685005164295e-02,1.118433832789807458e-01,2.105982802168214485e-01,-2.172016151498468994e-01,-4.289943001867531081e-01,-2.093948403055870822e-01,-2.553480300956209592e-01,-4.698130727019236286e-01,1.534696296632665283e-02,1.657657856600137092e-01,3.019570038488972319e-01,-5.315570247082652688e-01,-6.339098229724025035e-01,1.000000000000000000e+00,-2.970363193333303564e-01,-8.255185938486907238e-02,-5.760182219331006631e-02,2.493873525086224840e-01,1.923185823198685085e-01,4.776422156418171361e-01,-5.039248472989517058e-01,2.828381832181967037e-01,2.330824331777424097e-01
6.272669735217062392e-01,6.917210526257829839e-01,6.565961125456051262e-01,4.605548166268382815e-01,5.470992275867551102e-01,-3.307315415937985281e-01,5.096166415555597462e-01,-8.215359614423703993e-01,1.009182423630469450e-01,3.320083842572892352e-01,2.923519293171161215e-01,5.464875511843205746e-01,-7.309246807814904212e-01,4.333727239294887235e-01,6.077069989062422462e-01,5.742531255511449384e-01,2.348229779239455750e-01,5.756569196594754079e-01,5.561095255484652666e-01,-3.487420570155522759e-01,6.321281904993074630e-01,5.765496818580890803e-01,3.791755399326662279e-01,1.670275092611470946e-01,2.384086936099113208e-01,5.555551715058859585e-01,4.015564039468972335e-01,7.023126468929683508e-01,4.376468452095428341e-01,-2.970363193333303564e-01,1.000000000000000000e+00,6.431129204395519272e-01,6.680876018522385884e-01,3.768793013745297960e-01,-6.485198204705443503e-01,2.019003551087669990e-01,3.793516838939203217e-01,-2.452520888919124675e-01,3.524441399488395521e-01
6.478353635152487300e-01,5.116358350196851257e-01,1.506510842049383347e-01,5.994733762127471000e-01,4.223203849721604564e-01,-6.091725546569418670e-01,6.658218894421423784e-01,-4.622558127106983217e-01,2.554327956106367536e-01,5.994426099306082723e-01,5.454382361635554677e-01,5.198755210132012250e-01,-4.587967299625486661e-01,6.617676015287905500e-01,5.689456183522462185e-01,6.293008439760927608e-01,5.834719202362335100e-01,6.558625681159736542e-01,6.264268143009780188e-01,-5.924323253750404250e-01,1.829514460840494794e-01,1.252545696744748194e-01,4.591364766545585896e-02,-3.345802402312603729e-01,-3.917594574190991913e-02,6.634866644792756230e-01,6.512639386333292091e-01,2.625798044358499950e-01,2.433877055896008779e-01,-8.255185938486907238e-02,6.431129204395519272e-01,1.000000000000000000e+00,8.060101804916391943e-01,4.950081267019711961e-01,-6.364282602352373530e-01,4.346072249029083179e-01,4.424447159408006341e-02,-3.784322912114964077e-01,3.925182917316970554e-01
8.009499054644213523e-01,6.448952411210543412e-01,2.372499707980137984e-01,6.300577096935523480e-01,5.715742435065436222e-01,-5.877802516251294795e-01,7.132498520524267471e-01,-5.473555625779783496e-01,3.577199012854331839e-01,6.798099739913259221e-01,4.948574062333935264e-01,4.741318437922424356e-01,-4.687328375122947199e-01,7.816555857514312367e-01,6.720851184654100807e-01,7.754939057472099995e-01,5.137646617107261005e-01,7.812759137865099568e-01,7.456521273655430937e-01,-6.910351100427888360e-01,2.758743778051305218e-01,2.344992618299814591e-01,2.496608937721201404e-01,-2.551342606561937121e-01,1.623913233292924863e-01,7.936497460936577930e-01,7.333107159907358286e-01,2.878153564301866862e-01,2.127726230389475892e-01,-5.760182219331006631e-02,6.680876018522385884e-01,8.060101804916391943e-01,1.000000000000000000e+00,5.530247593176939036e-01,-7.498028748362998153e-01,5.480954872235092035e-01,1.294789270195634279e-01,-3.434628378459006481e-01,4.900380276138388558e-01
5.996254220066877805e-01,5.769996376648099945e-01,9.140552173559324256e-02,3.585182353966545610e-01,6.982854124870312429e-01,-4.507916619750180764e-01,5.012302241170815131e-01,-2.776980776075225754e-01,7.155024095782899218e-01,6.373542127206122121e-01,2.444391775542142653e-01,4.343672729140907740e-01,-2.635602842174077920e-01,6.226534206015111872e-01,6.983211726353008020e-01,6.150836794977991850e-01,3.762734065730373723e-01,7.521096655248660223e-01,7.297638294503079326e-01,-6.529351389846426157e-01,1.245902443912604435e-01,1.750894686581167259e-01,2.202258774111258977e-01,-3.303518884861435523e-01,3.195260517686292490e-01,6.623391721713017821e-01,6.434550059501760177e-01,4.055455387864306815e-02,-8.477136236964841545e-03,2.493873525086224840e-01,3.768793013745297960e-01,4.950081267019711961e-01,5.530247593176939036e-01,1.000000000000000000e+00,-3.577369801511450786e-01,6.143640947423636423e-01,-3.614895045686373348e-02,1.403359446673383970e-01,6.088931111471480584e-01
-7.241299778531048448e-01,-6.222762001657650144e-01,-3.473545449351933545e-01,-5.965043482353886706e-01,-4.287842305344308769e-01,4.466213304561190145e-01,-5.810662103962458414e-01,5.617337094962548960e-01,-1.521514793386887221e-01,-5.314991579114149989e-01,-4.314191082920565967e-01,-4.505433768800431449e-01,5.077200828964044677e-01,-6.339097743792680983e-01,-5.218121515363077778e-01,-6.723074734753541337e-01,-4.344638269024452826e-01,-6.091941484486017577e-01,-5.708891995438689637e-01,4.510033591934607400e-01,-3.482148410601119126e-01,-3.889846333283157320e-01,-3.257967735283093802e-01,7.029908630075264175e-02,-1.678270836799722610e-01,-6.849171138822383043e-01,-6.017959006373803099e-01,-3.505039544480063052e-01,-3.334961918975862805e-01,1.923185823198685085e-01,-6.485198204705443503e-01,-6.364282602352373530e-01,-7.498028748362998153e-01,-3.577369801511450786e-01,1.000000000000000000e+00,-3.324719863031544986e-01,-1.898827346779196346e-01,4.589673575858821408e-01,-3.621375393274777754e-01
5.715934291832036607e-01,4.809958250152569503e-01,-1.889544668657137105e-01,4.648614628272573213e-01,5.415685004703691963e-01,-6.165099110012801642e-01,5.466401156443799758e-01,-4.681009179438997553e-02,6.899279474561991199e-01,7.596944160444207839e-01,1.542538467162045679e-01,2.867852750562470132e-01,-1.429985988989978252e-01,7.267586332386358761e-01,5.190387364491269029e-01,5.776335738200729653e-01,3.965755640735382226e-01,6.725802366543922606e-01,6.894626928161470270e-01,-6.350240020296823440e-01,-1.992132465967444144e-01,5.627683130584401616e-02,2.710154452859467582e-03,-5.979625604428654428e-01,1.926874796209096519e-01,6.955785314305815703e-01,6.793495219228895543e-01,-2.559798079308788221e-01,-3.710596918537838462e-01,4.776422156418171361e-01,2.019003551087669990e-01,4.346072249029083179e-01,5.480954872235092035e-01,6.143640947423636423e-01,-3.324719863031544986e-01,1.000000000000000000e+00,-3.569558489778100752e-01,-2.219776491352479925e-02,6.000743100223009385e-01
1.416467209138878580e-01,3.009479464473835408e-01,6.318401256114026809e-01,-1.700872325051621115e-01,1.827197098352434934e-01,5.057360139523428000e-01,-9.969497057559308095e-02,-4.980958062939661590e-01,-2.294360274080138595e-01,-2.438910139724063120e-01,1.576669844365758966e-01,2.129176782872764105e-04,-2.431833478317421415e-01,-1.464291094059208820e-01,1.284251635515228918e-01,1.501241424701162674e-01,-1.421555349609125440e-01,1.795638561256644380e-02,-2.295471560643146808e-02,2.005863779897119545e-02,6.386004496879098546e-01,3.160321062348724896e-01,7.081610104982742904e-01,7.617135813817854650e-01,4.173828700084212251e-01,-2.924060975198082557e-02,-1.954769307362048958e-01,6.912461471202605567e-01,6.858302917116687603e-01,-5.039248472989517058e-01,3.793516838939203217e-01,4.424447159408006341e-02,1.294789270195634279e-01,-3.614895045686373348e-02,-1.898827346779196346e-01,-3.569558489778100752e-01,1.000000000000000000e+00,1.431982547830586983e-01,-8.749760475287227113e-02
-1.808468755254920846e-01,-1.155726088308987182e-02,-1.532773248109224780e-02,-5.279448525324369479e-01,2.256175771249859519e-01,3.861929681122214242e-01,-3.669714113671046496e-01,1.783128153725351828e-01,2.986885748289174192e-01,-1.735570131219980328e-01,-3.443823216052712688e-01,-1.911070716322738894e-01,2.221819268104613387e-01,-2.819756577849458767e-01,1.006780799746620769e-01,-1.473724088470460825e-01,-4.148148820982041074e-01,-6.075615233520078456e-02,-3.488365020176754580e-03,-6.713662568604202019e-02,-1.428011402386437576e-02,-1.112533363592404928e-01,1.961546855311419590e-01,2.261870014307915677e-01,3.970002637643995635e-01,-1.838436237472457768e-01,-2.131558377511778568e-01,-4.144930042171665607e-02,-1.489370122233859839e-01,2.828381832181967037e-01,-2.452520888919124675e-01,-3.784322912114964077e-01,-3.434628378459006481e-01,1.403359446673383970e-01,4.589673575858821408e-01,-2.219776491352479925e-02,1.431982547830586983e-01,1.000000000000000000e+00,2.005578973111367125e-01
5.348633426585337469e-01,5.410407432110956316e-01,9.572546247513104289e-02,3.283757294841686547e-01,5.732847438117184558e-01,-4.359001222300434297e-01,3.528804372925314903e-01,-2.801394711583181096e-01,6.799891532691475504e-01,6.843926037502972015e-01,1.845140401067184299e-01,5.213609249345066976e-01,-2.486733083890646234e-01,5.137159596218829893e-01,6.253101552138269348e-01,6.099383543475290770e-01,2.693490900810774913e-01,6.580257854684545826e-01,6.508116950753821683e-01,-5.818098871881429712e-01,5.610742287789312333e-02,2.012317241641210508e-01,1.791742158001460306e-01,-3.010408137133263051e-01,3.232297831701747559e-01,5.934657620957464186e-01,4.710860321363115055e-01,1.332219215327182064e-02,-1.534595274260970865e-01,2.330824331777424097e-01,3.524441399488395521e-01,3.925182917316970554e-01,4.900380276138388558e-01,6.088931111471480584e-01,-3.621375393274777754e-01,6.000743100223009385e-01,-8.749760475287227113e-02,2.005578973111367125e-01,1.000000000000000000e+00
