1.000000000000000000e+00,7.805454285968356221e-01,4.444246078571832959e-01,4.748171536826374384e-01,6.128641947490831576e-01,-5.260985278827778888e-02,1.789701810766438361e-01,-3.936595468583330981e-01,7.492304648957901492e-01,7.677225758738145389e-01,4.164575345953793195e-01,3.347241637950552628e-01,-1.546242922755494131e-01,6.852285090454444116e-01,4.994912958868041319e-01,8.117218836207422683e-01,3.429165058017428769e-01,6.623005482953606693e-01,6.903621799023393901e-01,3.113158077187313522e-01,3.693682123305362941e-01,3.850987238562044723e-01,5.448046206719573403e-01,2.721499325778388156e-01,6.515719802941856154e-01,8.712646586258671055e-01,7.742041691236873913e-01,7.798560308144653064e-01,8.376339117038441584e-01,8.088474715097930812e-01,6.122629106434944735e-01,7.354616279991926797e-01,4.988400180833979514e-01,4.777074382140062969e-01,6.082724350816660630e-01,4.818894266015310568e-01,5.901897045844743950e-01,6.078074481178545874e-01,2.838497267049106543e-01
7.805454285968356221e-01,1.000000000000000000e+00,3.877360449777331186e-01,2.415294263104216244e-01,6.278923653019040652e-01,2.653831914158502059e-01,-1.524800411658904231e-01,-3.749534385595826302e-01,6.376166599591278628e-01,8.596657927215020090e-01,5.629393366735004900e-01,6.818054148078689369e-02,-4.492471697157132127e-01,6.660509594647424647e-01,3.906275354460714971e-02,7.956409418483160190e-01,5.426146543698396885e-01,5.216060288615497198e-01,5.177434199247653579e-01,-8.324141917366242871e-02,1.035341528240797671e-01,9.465462394120140177e-02,4.207114625292254773e-01,2.252668700701970783e-01,6.417630611643814209e-01,6.486439463658986160e-01,7.201315220756242530e-01,4.598291461294319316e-01,8.276441288105973459e-01,7.868601550576576065e-01,7.009232961468863099e-01,7.586364344668556914e-01,4.293290379933520917e-01,3.235883652025944301e-01,6.895686773067004616e-01,5.273347329039833609e-01,7.514697564460910417e-01,2.748097753920297204e-01,2.699187837178416705e-01
4.444246078571832959e-01,3.877360449777331186e-01,1.000000000000000000e+00,6.181430128369943544e-01,8.485872522454604994e-01,-2.404002066671186433e-01,1.299184418373286465e-01,-9.420999487753284329e-01,7.973138818580105536e-01,5.448590963144136490e-01,1.372856520240003098e-01,5.086955744482803965e-01,-4.261453945038472524e-01,8.115696635204378007e-01,2.799175891224550128e-01,6.048561492109797433e-01,1.236448453184090523e-01,7.760758862230333621e-01,5.005376424166255722e-01,1.457549752653061192e-01,6.370705493806473330e-01,4.975113186915638419e-01,7.139918692827559310e-01,6.770369020053458309e-01,5.664863193089855198e-01,4.621807217706063731e-01,6.890845572895681892e-01,5.216394419846158703e-01,4.168467137770914266e-01,6.714597949755050088e-01,7.047384066042117201e-01,4.486986781880297759e-01,8.002024320036997818e-01,8.501412052896657467e-01,2.523015877083562009e-01,1.619964397625641428e-01,2.703916013122707462e-01,4.934653675458716138e-01,6.073713795737427645e-01
4.748171536826374384e-01,2.415294263104216244e-01,6.181430128369943544e-01,1.000000000000000000e+00,5.417257170524688581e-01,-3.555097522863227555e-01,5.175588656985422586e-01,-5.666909035229520386e-01,6.548678075120524245e-01,3.475489828754789734e-01,-2.669532174083940040e-03,6.181508967006269506e-01,-1.954032709996689210e-02,5.960961090144978325e-01,5.507655772905953873e-01,4.707803013097812128e-01,-1.007427722305615919e-01,7.478765644761652398e-01,6.274866855486541661e-01,5.706767704075668135e-01,6.247875483820594100e-01,6.085772388599985927e-01,5.721950567729823245e-01,3.623127518758102461e-01,4.137593128627798378e-01,4.927958872609294327e-01,5.272583673229856993e-01,6.138070070911143539e-01,3.642764862159611483e-01,4.884383962612753871e-01,3.993935595013758943e-01,3.051862959891955551e-01,4.544868692350477191e-01,6.150846196926970100e-01,1.821935209324546945e-01,2.106025889824690300e-01,1.237525418699636504e-01,5.746778904967211332e-01,4.648483765606549190e-01
6.128641947490831576e-01,6.278923653019040652e-01,8.485872522454604994e-01,5.417257170524688581e-01,1.000000000000000000e+00,-1.106502111247969003e-02,-7.139360078269302301e-02,-8.216521640956704342e-01,8.845454907676255640e-01,6.948952402838303177e-01,4.331476063121224573e-01,3.957177147717764742e-01,-5.242805458847333844e-01,8.763743371417113126e-01,2.067428626749518716e-01,7.241111125609253074e-01,3.967204732001178846e-01,8.038374082233225026e-01,6.123228069426244202e-01,-2.793671867161755598e-02,4.254927703524337690e-01,3.154293957374599833e-01,6.510049052100773670e-01,6.180869485402864516e-01,5.890188357978737299e-01,6.154823660153594389e-01,8.310147435289352291e-01,5.680299436887382702e-01,6.388312363872526989e-01,7.752308203017365118e-01,8.180778360307706665e-01,6.899147079482838008e-01,8.118759449512421567e-01,8.349468779829758436e-01,4.353389003151443837e-01,2.081300095597791167e-01,4.941023176844435705e-01,4.980945097052386639e-01,5.563091795211678736e-01
-5.260985278827778888e-02,2.653831914158502059e-01,-2.404002066671186433e-01,-3.555097522863227555e-01,-1.106502111247969003e-02,1.000000000000000000e+00,-6.032314570361099193e-01,2.176578809314839713e-01,-1.225940812299942673e-01,2.176502695101537599e-01,7.382383340311904352e-01,-6.175391719292223636e-01,-2.541488824903904709e-01,-4.998203464298218990e-02,-5.131267623992754601e-01,9.910262759530051591e-02,7.644399904392272793e-01,-7.596473232389618080e-02,4.087432111480090308e-02,-5.389513380937778209e-01,-6.915507214384510881e-01,-6.259103931759832928e-01,-2.105982208316795057e-01,-2.006403831465003104e-02,1.407844868432937269e-01,-2.008973735810439670e-02,-4.025676601723432446e-02,-2.384916168185382268e-01,1.984068597328660921e-01,3.098794527285388470e-02,5.224972932604506765e-02,2.738743887930570886e-01,4.482495173039156150e-02,-3.268338728291134143e-01,3.956561748555846858e-01,-3.251166947973290616e-02,5.269316179974306014e-01,-2.812815440652930987e-01,-3.116466533943107464e-01
1.789701810766438361e-01,-1.524800411658904231e-01,1.299184418373286465e-01,5.175588656985422586e-01,-7.139360078269302301e-02,-6.032314570361099193e-01,1.000000000000000000e+00,-7.678852849419520732e-02,1.010320304407299752e-01,-3.044951341015116053e-02,-4.753068560708025858e-01,5.287313554679464733e-01,4.928415748181768086e-01,6.307110770478203954e-02,6.308094152277127220e-01,1.058790287923546125e-01,-5.551002251736439908e-01,2.299585532609461358e-01,1.809405269854774678e-01,8.054824050920385003e-01,6.180043324545603234e-01,6.770663976783223292e-01,2.537632901922094453e-01,-3.961409770260049951e-02,8.556091561879762553e-02,2.205350500414602621e-01,3.811096488685051381e-02,4.576016241320020050e-01,-2.676834859824836835e-02,7.434371843027111348e-02,-1.077715064004478723e-01,-1.704580961602047418e-01,-6.390730540251200742e-02,1.338849840115017287e-01,-1.642784031220539120e-01,2.851057379843093265e-01,-3.007298058528329321e-01,3.304717972390761593e-01,1.121351348561542560e-01
-3.936595468583330981e-01,-3.749534385595826302e-01,-9.420999487753284329e-01,-5.666909035229520386e-01,-8.216521640956704342e-01,2.176578809314839713e-01,-7.678852849419520732e-02,1.000000000000000000e+00,-7.354629003580942515e-01,-5.364691887132676529e-01,-1.209784177983718734e-01,-4.457769205197195106e-01,4.080942930181969963e-01,-7.787583870350711646e-01,-2.016482813265147722e-01,-5.901838080047738799e-01,-1.205697545880026061e-01,-7.220680651166918596e-01,-4.212361940638286728e-01,-8.205547682819271105e-02,-5.942658140330634442e-01,-4.339853383313658775e-01,-6.873695000179671499e-01,-6.605507170247152393e-01,-5.532374831221357203e-01,-3.985698797904370094e-01,-6.254196459727942026e-01,-4.491405827824909713e-01,-3.884402063823346740e-01,-6.364337847758194666e-01,-6.630403733973501135e-01,-4.061807055722008175e-01,-7.437075488932198830e-01,-8.004346373999606801e-01,-2.380013650496168587e-01,-1.573494277979156364e-01,-2.690981606541512083e-01,-4.335337942564325697e-01,-5.700887030437351566e-01
7.492304648957901492e-01,6.376166599591278628e-01,7.973138818580105536e-01,6.548678075120524245e-01,8.845454907676255640e-01,-1.225940812299942673e-01,1.010320304407299752e-01,-7.354629003580942515e-01,1.000000000000000000e+00,7.166683065100974970e-01,3.842293214721438921e-01,5.277289452468251207e-01,-4.372841724247910622e-01,8.649248008005310240e-01,4.413919061201395100e-01,7.722398917329934553e-01,3.107988467870753668e-01,8.754484533459254703e-01,7.734821851850950392e-01,2.111831457177748006e-01,5.265941559655077375e-01,4.700812391119345568e-01,7.117119696074146740e-01,5.390040332193333228e-01,6.295628678493289110e-01,7.443500676568087782e-01,8.835575438217907474e-01,7.230044758848708231e-01,6.810297116540670048e-01,8.206478468662068426e-01,8.154500771506131285e-01,7.000418547883802134e-01,7.720404234083246831e-01,8.238544979365655108e-01,4.538411900337244176e-01,2.771496430648761611e-01,4.701046971898427129e-01,6.649266082340232753e-01,6.078203997872781983e-01
7.677225758738145389e-01,8.596657927215020090e-01,5.448590963144136490e-01,3.475489828754789734e-01,6.948952402838303177e-01,2.176502695101537599e-01,-3.044951341015116053e-02,-5.364691887132676529e-01,7.166683065100974970e-01,1.000000000000000000e+00,5.261031019487960592e-01,1.200113207658466685e-01,-4.461925636957593255e-01,7.267170829494853379e-01,1.229312235904789496e-01,9.105851208886898140e-01,5.079681623563215842e-01,6.582660643029355496e-01,5.905642691954542389e-01,1.575865815204908690e-02,2.589063552231297693e-01,2.009233900790940441e-01,5.437261188818718338e-01,3.645068803719712092e-01,7.601619560380777907e-01,6.892067679901349164e-01,7.306433547588858657e-01,5.742369577120123303e-01,7.745796565735156847e-01,8.742478688028091360e-01,7.483932024203886479e-01,7.062577583938272063e-01,5.678058734291755449e-01,4.289060465200656425e-01,6.200896216956964802e-01,5.512769818843293868e-01,6.911474851432977129e-01,3.611155714325081645e-01,2.904047179471920814e-01
4.164575345953793195e-01,5.629393366735004900e-01,1.372856520240003098e-01,-2.669532174083940040e-03,4.331476063121224573e-01,7.382383340311904352e-01,-4.753068560708025858e-01,-1.209784177983718734e-01,3.842293214721438921e-01,5.261031019487960592e-01,1.000000000000000000e+00,-2.940390236097849552e-01,-3.236306193397494591e-01,3.627499731911863479e-01,-1.202591444225426798e-01,4.613052567819537764e-01,9.030507398188573065e-01,3.631353850859431742e-01,4.618866255361896989e-01,-3.412446933371478530e-01,-3.552938469571503832e-01,-3.072526826123522792e-01,9.087478114539641882e-02,2.078038350114096988e-01,3.614221665831491292e-01,5.019015217654364536e-01,4.719876607764468268e-01,2.711861786848234757e-01,6.027390071388371018e-01,4.376030409550419886e-01,4.143742078075211555e-01,7.144212923306412222e-01,4.213558011287041882e-01,1.289444606832748086e-01,6.033644157721351764e-01,1.260788076480901798e-01,7.069199198208255819e-01,1.887494370310796588e-01,-7.303072969969073847e-02
3.347241637950552628e-01,6.818054148078689369e-02,5.086955744482803965e-01,6.181508967006269506e-01,3.957177147717764742e-01,-6.175391719292223636e-01,5.287313554679464733e-01,-4.457769205197195106e-01,5.277289452468251207e-01,1.200113207658466685e-01,-2.940390236097849552e-01,1.000000000000000000e+00,2.162756404031683857e-02,4.390184621134701759e-01,6.783769250763556080e-01,2.715110750864657141e-01,-4.005868976778662049e-01,4.511668101991285207e-01,3.723977054462793701e-01,6.461603794622181596e-01,7.392207204048926172e-01,7.097852021768944475e-01,6.519371209175113258e-01,3.672535502130543361e-01,2.893964006019142943e-01,3.230597397436457130e-01,4.326659942728447450e-01,4.939100848206416927e-01,1.256057741655189630e-01,3.227748501490930177e-01,3.500249136129233163e-01,1.008594828563653817e-01,3.108447556098095643e-01,6.222473918092339407e-01,-6.724308793147588947e-02,1.235218301757658593e-01,-1.535814980113922867e-01,5.930080676538336260e-01,6.971977518765328785e-01
-1.546242922755494131e-01,-4.492471697157132127e-01,-4.261453945038472524e-01,-1.954032709996689210e-02,-5.242805458847333844e-01,-2.541488824903904709e-01,4.928415748181768086e-01,4.080942930181969963e-01,-4.372841724247910622e-01,-4.461925636957593255e-01,-3.236306193397494591e-01,2.162756404031683857e-02,1.000000000000000000e+00,-4.474476223139363662e-01,3.378426409238720618e-01,-3.258129003745691143e-01,-4.082251768058103858e-01,-3.025569479020262520e-01,-2.072744244041456463e-01,4.673599573536105223e-01,-6.741621103988175434e-03,1.066502775621332721e-01,-2.297583597372946651e-01,-2.789324889263778973e-01,-2.597702131709915263e-01,-1.007701023563022102e-01,-4.725288825658935932e-01,5.890163703561740460e-02,-2.860974822911553916e-01,-4.189093289000638820e-01,-6.892224456929794130e-01,-4.014343172981834074e-01,-4.594499435255691155e-01,-3.345184997412387062e-01,-2.394762221726092488e-01,-6.228227132754923789e-02,-3.578768748676225964e-01,6.252325640881875590e-02,-3.884617639447430215e-01
6.852285090454444116e-01,6.660509594647424647e-01,8.115696635204378007e-01,5.960961090144978325e-01,8.763743371417113126e-01,-4.998203464298218990e-02,6.307110770478203954e-02,-7.787583870350711646e-01,8.649248008005310240e-01,7.267170829494853379e-01,3.627499731911863479e-01,4.390184621134701759e-01,-4.474476223139363662e-01,1.000000000000000000e+00,3.263844066689369217e-01,7.701930336693981749e-01,3.431599581639305230e-01,8.204425163624972095e-01,6.837895797449268231e-01,1.384148194956013600e-01,4.634685286430229589e-01,4.338404985621353571e-01,7.362580260540358967e-01,6.576759789481074758e-01,7.151613458318795136e-01,6.789976338272230016e-01,8.335173364879384650e-01,6.236942823722321227e-01,7.212191285154220255e-01,8.282749387467617241e-01,7.770259137686214013e-01,6.902175971194343118e-01,7.534531105775159610e-01,7.299142713446290509e-01,5.469284351154064527e-01,3.983886481137793867e-01,5.857049312830978627e-01,5.683086810873331229e-01,5.997143769666403168e-01
4.994912958868041319e-01,3.906275354460714971e-02,2.799175891224550128e-01,5.507655772905953873e-01,2.067428626749518716e-01,-5.131267623992754601e-01,6.308094152277127220e-01,-2.016482813265147722e-01,4.413919061201395100e-01,1.229312235904789496e-01,-1.202591444225426798e-01,6.783769250763556080e-01,3.378426409238720618e-01,3.263844066689369217e-01,1.000000000000000000e+00,2.933785015013308239e-01,-2.312377881826003789e-01,4.763619749837945117e-01,5.751170305995462195e-01,7.672087427659716186e-01,5.791452751546515287e-01,6.423314767579121343e-01,4.365904577390266050e-01,1.610628204887939452e-01,2.649340297538201328e-01,6.019146614657316929e-01,4.060024217454576978e-01,7.013809592509615554e-01,2.932704111500099575e-01,2.796456123501527835e-01,1.037572176738641300e-01,2.147450298522311229e-01,2.409764836287732470e-01,3.843254764621811259e-01,1.345617521546709217e-01,2.307019380616399939e-01,-6.906234848339083687e-03,7.847799360370367738e-01,3.685194772561489196e-01
8.117218836207422683e-01,7.956409418483160190e-01,6.048561492109797433e-01,4.707803013097812128e-01,7.241111125609253074e-01,9.910262759530051591e-02,1.058790287923546125e-01,-5.901838080047738799e-01,7.722398917329934553e-01,9.105851208886898140e-01,4.613052567819537764e-01,2.715110750864657141e-01,-3.258129003745691143e-01,7.701930336693981749e-01,2.933785015013308239e-01,1.000000000000000000e+00,4.268547624019455311e-01,7.304275028937230463e-01,6.534496462063801303e-01,1.787143293690213741e-01,3.629802615147588729e-01,3.350556251154063747e-01,6.447298153516012320e-01,4.360786480236741314e-01,7.655740912933279851e-01,7.429013851241297317e-01,7.552182014553494582e-01,6.683048478944935145e-01,7.536334736618039987e-01,8.715397791843301212e-01,7.295363408934448790e-01,6.597099108693460501e-01,5.945252677154673204e-01,5.149131482478880306e-01,5.981771038008513175e-01,5.641225385657892000e-01,6.196774992698868001e-01,5.100484268013607547e-01,3.562694357499291975e-01
3.429165058017428769e-01,5.426146543698396885e-01,1.236448453184090523e-01,-1.007427722305615919e-01,3.967204732001178846e-01,7.644399904392272793e-01,-5.551002251736439908e-01,-1.205697545880026061e-01,3.107988467870753668e-01,5.079681623563215842e-01,9.030507398188573065e-01,-4.005868976778662049e-01,-4.082251768058103858e-01,3.431599581639305230e-01,-2.312377881826003789e-01,4.268547624019455311e-01,1.000000000000000000e+00,3.000116968285246877e-01,3.747681075762089864e-01,-4.460293693564789108e-01,-4.121618040173201658e-01,-3.931483872841708971e-01,4.278250613670108154e-04,1.963988964990481534e-01,3.164831658499556721e-01,4.183395830594802134e-01,4.146128222519301354e-01,1.702588757984040135e-01,5.546119332160293069e-01,3.919109497526594432e-01,4.066210147339498482e-01,6.457103765845373378e-01,4.012978193620262979e-01,5.337532574568028959e-02,6.086409909924563877e-01,1.405137541562881676e-01,7.240654816014140405e-01,1.077152739206183735e-01,-1.102905218507218704e-01
6.623005482953606693e-01,5.216060288615497198e-01,7.760758862230333621e-01,7.478765644761652398e-01,8.038374082233225026e-01,-7.596473232389618080e-02,2.299585532609461358e-01,-7.220680651166918596e-01,8.754484533459254703e-01,6.582660643029355496e-01,3.631353850859431742e-01,4.511668101991285207e-01,-3.025569479020262520e-01,8.204425163624972095e-01,4.763619749837945117e-01,7.304275028937230463e-01,3.000116968285246877e-01,1.000000000000000000e+00,8.244602421440808682e-01,3.002829937431406582e-01,5.002943546071564329e-01,4.842099813202755954e-01,6.229015151879915280e-01,4.601887190267167638e-01,5.884763279835250049e-01,7.194983487669605049e-01,7.813081032180065888e-01,7.255326992765946947e-01,6.364841022161110695e-01,7.220995744370054537e-01,6.781007454462864015e-01,6.148149503266728821e-01,7.341972465774242451e-01,7.252026529320270143e-01,4.503252246660746083e-01,2.924394436746141634e-01,4.547037893993637336e-01,6.403265869217734663e-01,4.986774120877018879e-01
6.903621799023393901e-01,5.177434199247653579e-01,5.005376424166255722e-01,6.274866855486541661e-01,6.123228069426244202e-01,4.087432111480090308e-02,1.809405269854774678e-01,-4.212361940638286728e-01,7.734821851850950392e-01,5.905642691954542389e-01,4.618866255361896989e-01,3.723977054462793701e-01,-2.072744244041456463e-01,6.837895797449268231e-01,5.751170305995462195e-01,6.534496462063801303e-01,3.747681075762089864e-01,8.244602421440808682e-01,1.000000000000000000e+00,3.344774870809994471e-01,3.047278148873350800e-01,3.749480971011895925e-01,5.020834710750977647e-01,2.972338992622760578e-01,5.306581805039315425e-01,7.735510786603501110e-01,7.560698057850073761e-01,6.985845455044162877e-01,6.597151338852395019e-01,6.304468638332195729e-01,5.427762061927245973e-01,6.618361818938706120e-01,5.526659865579000019e-01,4.808720382815580008e-01,5.626275428168853177e-01,3.171201308624949644e-01,5.312161697770336755e-01,7.440421457952783868e-01,4.769377452742964429e-01
3.113158077187313522e-01,-8.324141917366242871e-02,1.457549752653061192e-01,5.706767704075668135e-01,-2.793671867161755598e-02,-5.389513380937778209e-01,8.054824050920385003e-01,-8.205547682819271105e-02,2.111831457177748006e-01,1.575865815204908690e-02,-3.412446933371478530e-01,6.461603794622181596e-01,4.673599573536105223e-01,1.384148194956013600e-01,7.672087427659716186e-01,1.787143293690213741e-01,-4.460293693564789108e-01,3.002829937431406582e-01,3.344774870809994471e-01,1.000000000000000000e+00,6.026781245472181414e-01,6.930672472854549904e-01,3.577394443895725029e-01,2.590702570059267087e-02,1.967384455506579199e-01,3.522973208873692030e-01,1.483450993775579096e-01,5.560774689567543616e-01,8.160934232712213632e-02,1.538400691128094799e-01,-4.801535897125575048e-02,-4.906425486247572437e-02,-2.037951905567918567e-02,1.872450567236107200e-01,-1.711946423925082492e-02,2.613775002668151659e-01,-1.745767687274154545e-01,5.268793434268325138e-01,2.422352063943107314e-01
3.693682123305362941e-01,1.035341528240797671e-01,6.370705493806473330e-01,6.247875483820594100e-01,4.254927703524337690e-01,-6.915507214384510881e-01,6.180043324545603234e-01,-5.942658140330634442e-01,5.265941559655077375e-01,2.589063552231297693e-01,-3.552938469571503832e-01,7.392207204048926172e-01,-6.741621103988175434e-03,4.634685286430229589e-01,5.791452751546515287e-01,3.629802615147588729e-01,-4.121618040173201658e-01,5.002943546071564329e-01,3.047278148873350800e-01,6.026781245472181414e-01,1.000000000000000000e+00,8.038639317335826151e-01,5.928188801358481586e-01,3.357573010313254502e-01,3.108019188231235796e-01,3.745656745626010919e-01,4.564532608300455596e-01,5.836670859783226195e-01,1.762519240315029434e-01,4.319862894553419541e-01,4.337161334286883108e-01,1.243274384519070380e-01,3.592188278634637633e-01,6.257249796874767567e-01,-8.475451983869271289e-02,2.626929115220782429e-01,-1.663019989500438833e-01,4.820386365479585322e-01,4.971109033550423217e-01
3.850987238562044723e-01,9.465462394120140177e-02,4.975113186915638419e-01,6.085772388599985927e-01,3.154293957374599833e-01,-6.259103931759832928e-01,6.770663976783223292e-01,-4.339853383313658775e-01,4.700812391119345568e-01,2.009233900790940441e-01,-3.072526826123522792e-01,7.097852021768944475e-01,1.066502775621332721e-01,4.338404985621353571e-01,6.423314767579121343e-01,3.350556251154063747e-01,-3.931483872841708971e-01,4.842099813202755954e-01,3.749480971011895925e-01,6.930672472854549904e-01,8.038639317335826151e-01,1.000000000000000000e+00,5.016579258719778833e-01,2.848487838779708015e-01,2.305987102216848772e-01,4.208186454856275849e-01,4.089097212695717021e-01,6.094506579509696431e-01,2.088047861861110077e-01,3.633893888372743408e-01,3.176718060300480762e-01,1.360469027614221726e-01,2.542746248328220937e-01,4.988636806991270656e-01,2.426115129350488522e-02,2.954224987877052677e-01,-9.591737742122137533e-02,4.732673686295988946e-01,4.277845373814159191e-01
5.448046206719573403e-01,4.207114625292254773e-01,7.139918692827559310e-01,5.721950567729823245e-01,6.510049052100773670e-01,-2.105982208316795057e-01,2.537632901922094453e-01,-6.873695000179671499e-01,7.117119696074146740e-01,5.437261188818718338e-01,9.087478114539641882e-02,6.519371209175113258e-01,-2.297583597372946651e-01,7.362580260540358967e-01,4.365904577390266050e-01,6.447298153516012320e-01,4.278250613670108154e-04,6.229015151879915280e-01,5.020834710750977647e-01,3.577394443895725029e-01,5.928188801358481586e-01,5.016579258719778833e-01,1.000000000000000000e+00,6.906165874618563905e-01,7.596217248534586908e-01,4.712550561067849753e-01,6.149536649752904705e-01,5.142535560627533586e-01,4.165828542516282207e-01,6.712060113119276972e-01,6.017821891356852637e-01,3.827727479458684634e-01,6.109692360121413701e-01,6.820012055943843743e-01,2.704437245488122143e-01,2.662137772461994900e-01,2.813279910808657025e-01,5.897345429667807393e-01,6.819412078476225769e-01
2.721499325778388156e-01,2.252668700701970783e-01,6.770369020053458309e-01,3.623127518758102461e-01,6.180869485402864516e-01,-2.006403831465003104e-02,-3.961409770260049951e-02,-6.605507170247152393e-01,5.390040332193333228e-01,3.645068803719712092e-01,2.078038350114096988e-01,3.672535502130543361e-01,-2.789324889263778973e-01,6.576759789481074758e-01,1.610628204887939452e-01,4.360786480236741314e-01,1.963988964990481534e-01,4.601887190267167638e-01,2.972338992622760578e-01,2.590702570059267087e-02,3.357573010313254502e-01,2.848487838779708015e-01,6.906165874618563905e-01,1.000000000000000000e+00,6.007391381133578845e-01,2.819558084944617238e-01,4.452035436075337804e-01,3.087619568597774755e-01,2.785819187662991192e-01,5.297940555849961486e-01,4.724050816433373878e-01,3.199124196168289247e-01,7.112675013248391798e-01,6.354403064484420716e-01,2.282599255535325833e-01,5.911597363555164131e-02,2.826589516885598119e-01,3.989632514274673580e-01,4.833206981723273676e-01
6.515719802941856154e-01,6.417630611643814209e-01,5.664863193089855198e-01,4.137593128627798378e-01,5.890188357978737299e-01,1.407844868432937269e-01,8.556091561879762553e-02,-5.532374831221357203e-01,6.295628678493289110e-01,7.601619560380777907e-01,3.614221665831491292e-01,2.893964006019142943e-01,-2.597702131709915263e-01,7.151613458318795136e-01,2.649340297538201328e-01,7.655740912933279851e-01,3.164831658499556721e-01,5.884763279835250049e-01,5.306581805039315425e-01,1.967384455506579199e-01,3.108019188231235796e-01,2.305987102216848772e-01,7.596217248534586908e-01,6.007391381133578845e-01,1.000000000000000000e+00,5.721465654246722377e-01,6.030481264507506767e-01,5.114246894791991682e-01,6.326199957774036875e-01,7.907710088386943337e-01,5.676844761674600948e-01,5.367218534707202116e-01,6.259556998187737475e-01,4.414635126824668632e-01,5.580671011569510176e-01,4.331968085826355397e-01,6.096050450612965355e-01,4.642536269648661063e-01,4.223783088844918487e-01
8.712646586258671055e-01,6.486439463658986160e-01,4.621807217706063731e-01,4.927958872609294327e-01,6.154823660153594389e-01,-2.008973735810439670e-02,2.205350500414602621e-01,-3.985698797904370094e-01,7.443500676568087782e-01,6.892067679901349164e-01,5.019015217654364536e-01,3.230597397436457130e-01,-1.007701023563022102e-01,6.789976338272230016e-01,6.019146614657316929e-01,7.429013851241297317e-01,4.183395830594802134e-01,7.194983487669605049e-01,7.735510786603501110e-01,3.522973208873692030e-01,3.745656745626010919e-01,4.208186454856275849e-01,4.712550561067849753e-01,2.819558084944617238e-01,5.721465654246722377e-01,1.000000000000000000e+00,8.008080211345649513e-01,8.758108223962784988e-01,8.367968867434834035e-01,7.560474556522192024e-01,5.714339307521002498e-01,8.042127945858631444e-01,5.430990027862252489e-01,4.817371359504246664e-01,6.231695525711730133e-01,4.741276305122252843e-01,5.961477866480101584e-01,6.906769189193017189e-01,2.344053871346403473e-01
7.742041691236873913e-01,7.201315220756242530e-01,6.890845572895681892e-01,5.272583673229856993e-01,8.310147435289352291e-01,-4.025676601723432446e-02,3.811096488685051381e-02,-6.254196459727942026e-01,8.835575438217907474e-01,7.306433547588858657e-01,4.719876607764468268e-01,4.326659942728447450e-01,-4.725288825658935932e-01,8.335173364879384650e-01,4.060024217454576978e-01,7.552182014553494582e-01,4.146128222519301354e-01,7.813081032180065888e-01,7.560698057850073761e-01,1.483450993775579096e-01,4.564532608300455596e-01,4.089097212695717021e-01,6.149536649752904705e-01,4.452035436075337804e-01,6.030481264507506767e-01,8.008080211345649513e-01,1.000000000000000000e+00,6.949046468153160516e-01,7.698318999444665467e-01,8.057645165414846211e-01,8.282700986178105351e-01,8.024718814304422354e-01,6.994903487405175202e-01,6.832571730836645152e-01,5.787405022873265414e-01,4.116968897964449203e-01,5.811492862644699331e-01,6.365731718916904924e-01,5.726310330291910500e-01
7.798560308144653064e-01,4.598291461294319316e-01,5.216394419846158703e-01,6.138070070911143539e-01,5.680299436887382702e-01,-2.384916168185382268e-01,4.576016241320020050e-01,-4.491405827824909713e-01,7.230044758848708231e-01,5.742369577120123303e-01,2.711861786848234757e-01,4.939100848206416927e-01,5.890163703561740460e-02,6.236942823722321227e-01,7.013809592509615554e-01,6.683048478944935145e-01,1.702588757984040135e-01,7.255326992765946947e-01,6.985845455044162877e-01,5.560774689567543616e-01,5.836670859783226195e-01,6.094506579509696431e-01,5.142535560627533586e-01,3.087619568597774755e-01,5.114246894791991682e-01,8.758108223962784988e-01,6.949046468153160516e-01,1.000000000000000000e+00,6.734133680006066935e-01,6.944569269867831851e-01,5.098251077440876244e-01,6.204960444284118859e-01,5.088421591856143733e-01,5.776726355404436797e-01,4.010799382769362764e-01,3.978564377119557793e-01,3.473091366652327205e-01,6.843104646427876636e-01,2.414903094904704284e-01
8.376339117038441584e-01,8.276441288105973459e-01,4.168467137770914266e-01,3.642764862159611483e-01,6.388312363872526989e-01,1.984068597328660921e-01,-2.676834859824836835e-02,-3.884402063823346740e-01,6.810297116540670048e-01,7.745796565735156847e-01,6.027390071388371018e-01,1.256057741655189630e-01,-2.860974822911553916e-01,7.212191285154220255e-01,2.932704111500099575e-01,7.536334736618039987e-01,5.546119332160293069e-01,6.364841022161110695e-01,6.597151338852395019e-01,8.160934232712213632e-02,1.762519240315029434e-01,2.088047861861110077e-01,4.165828542516282207e-01,2.785819187662991192e-01,6.326199957774036875e-01,8.367968867434834035e-01,7.698318999444665467e-01,6.734133680006066935e-01,1.000000000000000000e+00,7.984155937175673179e-01,6.279464411852795358e-01,8.703881797005265097e-01,5.177872882116262288e-01,3.851412325582737051e-01,7.391065410199085806e-01,4.982629017086085965e-01,7.842171785574446607e-01,4.488169184174094495e-01,2.004946936620197462e-01
8.088474715097930812e-01,7.868601550576576065e-01,6.714597949755050088e-01,4.884383962612753871e-01,7.752308203017365118e-01,3.098794527285388470e-02,7.434371843027111348e-02,-6.364337847758194666e-01,8.206478468662068426e-01,8.742478688028091360e-01,4.376030409550419886e-01,3.227748501490930177e-01,-4.189093289000638820e-01,8.282749387467617241e-01,2.796456123501527835e-01,8.715397791843301212e-01,3.919109497526594432e-01,7.220995744370054537e-01,6.304468638332195729e-01,1.538400691128094799e-01,4.319862894553419541e-01,3.633893888372743408e-01,6.712060113119276972e-01,5.297940555849961486e-01,7.907710088386943337e-01,7.560474556522192024e-01,8.057645165414846211e-01,6.944569269867831851e-01,7.984155937175673179e-01,1.000000000000000000e+00,7.836373637288901461e-01,7.444662912077485428e-01,6.697548414400723571e-01,6.036276802210504000e-01,5.762113790514894474e-01,5.137986133971054192e-01,6.248673938131543704e-01,4.884233370431667054e-01,4.072707873687473334e-01
6.122629106434944735e-01,7.009232961468863099e-01,7.047384066042117201e-01,3.993935595013758943e-01,8.180778360307706665e-01,5.224972932604506765e-02,-1.077715064004478723e-01,-6.630403733973501135e-01,8.154500771506131285e-01,7.483932024203886479e-01,4.143742078075211555e-01,3.500249136129233163e-01,-6.892224456929794130e-01,7.770259137686214013e-01,1.037572176738641300e-01,7.295363408934448790e-01,4.066210147339498482e-01,6.781007454462864015e-01,5.427762061927245973e-01,-4.801535897125575048e-02,4.337161334286883108e-01,3.176718060300480762e-01,6.017821891356852637e-01,4.724050816433373878e-01,5.676844761674600948e-01,5.714339307521002498e-01,8.282700986178105351e-01,5.098251077440876244e-01,6.279464411852795358e-01,7.836373637288901461e-01,1.000000000000000000e+00,6.677902901344751063e-01,6.711214278208694761e-01,6.669618066719740224e-01,4.338506509544205469e-01,3.426180144280640549e-01,4.942169361507990355e-01,3.545924708078878052e-01,5.246567355946512023e-01
7.354616279991926797e-01,7.586364344668556914e-01,4.486986781880297759e-01,3.051862959891955551e-01,6.899147079482838008e-01,2.738743887930570886e-01,-1.704580961602047418e-01,-4.061807055722008175e-01,7.000418547883802134e-01,7.062577583938272063e-01,7.144212923306412222e-01,1.008594828563653817e-01,-4.014343172981834074e-01,6.902175971194343118e-01,2.147450298522311229e-01,6.597099108693460501e-01,6.457103765845373378e-01,6.148149503266728821e-01,6.618361818938706120e-01,-4.906425486247572437e-02,1.243274384519070380e-01,1.360469027614221726e-01,3.827727479458684634e-01,3.199124196168289247e-01,5.367218534707202116e-01,8.042127945858631444e-01,8.024718814304422354e-01,6.204960444284118859e-01,8.703881797005265097e-01,7.444662912077485428e-01,6.677902901344751063e-01,1.000000000000000000e+00,5.761036771437172410e-01,4.375533375912100120e-01,6.963334718885632046e-01,3.750567304547360870e-01,7.564863608058318700e-01,4.336929994422640822e-01,2.252802620011152834e-01
4.988400180833979514e-01,4.293290379933520917e-01,8.002024320036997818e-01,4.544868692350477191e-01,8.118759449512421567e-01,4.482495173039156150e-02,-6.390730540251200742e-02,-7.437075488932198830e-01,7.720404234083246831e-01,5.678058734291755449e-01,4.213558011287041882e-01,3.108447556098095643e-01,-4.594499435255691155e-01,7.534531105775159610e-01,2.409764836287732470e-01,5.945252677154673204e-01,4.012978193620262979e-01,7.341972465774242451e-01,5.526659865579000019e-01,-2.037951905567918567e-02,3.592188278634637633e-01,2.542746248328220937e-01,6.109692360121413701e-01,7.112675013248391798e-01,6.259556998187737475e-01,5.430990027862252489e-01,6.994903487405175202e-01,5.088421591856143733e-01,5.177872882116262288e-01,6.697548414400723571e-01,6.711214278208694761e-01,5.761036771437172410e-01,1.000000000000000000e+00,7.765803245215440187e-01,3.775935121857671439e-01,5.402838472638532563e-02,4.360697606368127421e-01,4.887630070304117003e-01,4.460687044968322801e-01
4.777074382140062969e-01,3.235883652025944301e-01,8.501412052896657467e-01,6.150846196926970100e-01,8.349468779829758436e-01,-3.268338728291134143e-01,1.338849840115017287e-01,-8.004346373999606801e-01,8.238544979365655108e-01,4.289060465200656425e-01,1.289444606832748086e-01,6.222473918092339407e-01,-3.345184997412387062e-01,7.299142713446290509e-01,3.843254764621811259e-01,5.149131482478880306e-01,5.337532574568028959e-02,7.252026529320270143e-01,4.808720382815580008e-01,1.872450567236107200e-01,6.257249796874767567e-01,4.988636806991270656e-01,6.820012055943843743e-01,6.354403064484420716e-01,4.414635126824668632e-01,4.817371359504246664e-01,6.832571730836645152e-01,5.776726355404436797e-01,3.851412325582737051e-01,6.036276802210504000e-01,6.669618066719740224e-01,4.375533375912100120e-01,7.765803245215440187e-01,1.000000000000000000e+00,1.205511233139836685e-01,-1.568515910992115611e-02,1.348347083876869079e-01,5.229040967208090640e-01,5.862462376769840278e-01
6.082724350816660630e-01,6.895686773067004616e-01,2.523015877083562009e-01,1.821935209324546945e-01,4.353389003151443837e-01,3.956561748555846858e-01,-1.642784031220539120e-01,-2.380013650496168587e-01,4.538411900337244176e-01,6.200896216956964802e-01,6.033644157721351764e-01,-6.724308793147588947e-02,-2.394762221726092488e-01,5.469284351154064527e-01,1.345617521546709217e-01,5.981771038008513175e-01,6.086409909924563877e-01,4.503252246660746083e-01,5.626275428168853177e-01,-1.711946423925082492e-02,-8.475451983869271289e-02,2.426115129350488522e-02,2.704437245488122143e-01,2.282599255535325833e-01,5.580671011569510176e-01,6.231695525711730133e-01,5.787405022873265414e-01,4.010799382769362764e-01,7.391065410199085806e-01,5.762113790514894474e-01,4.338506509544205469e-01,6.963334718885632046e-01,3.775935121857671439e-01,1.205511233139836685e-01,1.000000000000000000e+00,4.940182258665080095e-01,8.724869682262643700e-01,3.596522460169499502e-01,1.807638871974613093e-01
4.818894266015310568e-01,5.273347329039833609e-01,1.619964397625641428e-01,2.106025889824690300e-01,2.081300095597791167e-01,-3.251166947973290616e-02,2.851057379843093265e-01,-1.573494277979156364e-01,2.771496430648761611e-01,5.512769818843293868e-01,1.260788076480901798e-01,1.235218301757658593e-01,-6.228227132754923789e-02,3.983886481137793867e-01,2.307019380616399939e-01,5.641225385657892000e-01,1.405137541562881676e-01,2.924394436746141634e-01,3.171201308624949644e-01,2.613775002668151659e-01,2.626929115220782429e-01,2.954224987877052677e-01,2.662137772461994900e-01,5.911597363555164131e-02,4.331968085826355397e-01,4.741276305122252843e-01,4.116968897964449203e-01,3.978564377119557793e-01,4.982629017086085965e-01,5.137986133971054192e-01,3.426180144280640549e-01,3.750567304547360870e-01,5.402838472638532563e-02,-1.568515910992115611e-02,4.940182258665080095e-01,1.000000000000000000e+00,4.398728461720047278e-01,2.505393163946640356e-01,1.459929037055831269e-01
5.901897045844743950e-01,7.514697564460910417e-01,2.703916013122707462e-01,1.237525418699636504e-01,4.941023176844435705e-01,5.269316179974306014e-01,-3.007298058528329321e-01,-2.690981606541512083e-01,4.701046971898427129e-01,6.911474851432977129e-01,7.069199198208255819e-01,-1.535814980113922867e-01,-3.578768748676225964e-01,5.857049312830978627e-01,-6.906234848339083687e-03,6.196774992698868001e-01,7.240654816014140405e-01,4.547037893993637336e-01,5.312161697770336755e-01,-1.745767687274154545e-01,-1.663019989500438833e-01,-9.591737742122137533e-02,2.813279910808657025e-01,2.826589516885598119e-01,6.096050450612965355e-01,5.961477866480101584e-01,5.811492862644699331e-01,3.473091366652327205e-01,7.842171785574446607e-01,6.248673938131543704e-01,4.942169361507990355e-01,7.564863608058318700e-01,4.360697606368127421e-01,1.348347083876869079e-01,8.724869682262643700e-01,4.398728461720047278e-01,1.000000000000000000e+00,2.728766942119582595e-01,1.511684795637248391e-01
6.078074481178545874e-01,2.748097753920297204e-01,4.934653675458716138e-01,5.746778904967211332e-01,4.980945097052386639e-01,-2.812815440652930987e-01,3.304717972390761593e-01,-4.335337942564325697e-01,6.649266082340232753e-01,3.611155714325081645e-01,1.887494370310796588e-01,5.930080676538336260e-01,6.252325640881875590e-02,5.683086810873331229e-01,7.847799360370367738e-01,5.100484268013607547e-01,1.077152739206183735e-01,6.403265869217734663e-01,7.440421457952783868e-01,5.268793434268325138e-01,4.820386365479585322e-01,4.732673686295988946e-01,5.897345429667807393e-01,3.989632514274673580e-01,4.642536269648661063e-01,6.906769189193017189e-01,6.365731718916904924e-01,6.843104646427876636e-01,4.488169184174094495e-01,4.884233370431667054e-01,3.545924708078878052e-01,4.336929994422640822e-01,4.887630070304117003e-01,5.229040967208090640e-01,3.596522460169499502e-01,2.505393163946640356e-01,2.728766942119582595e-01,1.000000000000000000e+00,5.826873537988249696e-01
2.838497267049106543e-01,2.699187837178416705e-01,6.073713795737427645e-01,4.648483765606549190e-01,5.563091795211678736e-01,-3.116466533943107464e-01,1.121351348561542560e-01,-5.700887030437351566e-01,6.078203997872781983e-01,2.904047179471920814e-01,-7.303072969969073847e-02,6.971977518765328785e-01,-3.884617639447430215e-01,5.997143769666403168e-01,3.685194772561489196e-01,3.562694357499291975e-01,-1.102905218507218704e-01,4.986774120877018879e-01,4.769377452742964429e-01,2.422352063943107314e-01,4.971109033550423217e-01,4.277845373814159191e-01,6.819412078476225769e-01,4.833206981723273676e-01,4.223783088844918487e-01,2.344053871346403473e-01,5.726310330291910500e-01,2.414903094904704284e-01,2.004946936620197462e-01,4.072707873687473334e-01,5.246567355946512023e-01,2.252802620011152834e-01,4.460687044968322801e-01,5.862462376769840278e-01,1.807638871974613093e-01,1.459929037055831269e-01,1.511684795637248391e-01,5.826873537988249696e-01,1.000000000000000000e+00
