1.000000000000000000e+00,7.820324888084416726e-01,2.070214519438218770e-01,-2.937297088094337760e-01,5.532758196475318080e-01,2.998300375709120336e-01,7.195125997585035682e-01,-2.236819555499134152e-02,-8.749106464413078724e-03,-1.101536954200601770e-01,2.504146673847323923e-01,-6.340498569871404477e-01,7.262723333987519680e-02,6.758350469992380205e-01,4.128621476686487601e-01,3.193712014019720602e-01,1.496155931341195122e-01,6.662444919870903481e-01,6.147835315122690547e-01,-7.168533281436513249e-01,4.773224159266696298e-01,5.019644542838332946e-01,3.623908722014613226e-01,3.209882141131638611e-01,2.637095408589419376e-01,8.338423346557692906e-01,5.061733258450061834e-01,6.525555011494739155e-01,5.377956611022985944e-01,-4.908835211150963662e-01,8.461511469636025240e-02,-2.123224124628191045e-02,6.437890272920472334e-01,1.866453176218389187e-01,-6.970889432760279947e-01,4.961573281599417767e-03,4.834989599420332351e-01,1.326045674558135323e-01,-2.276707462164923312e-01
7.820324888084416726e-01,1.000000000000000000e+00,4.508147627941932467e-01,-1.705226079907329884e-01,5.976883086761738406e-01,5.621258936821519336e-01,7.161548127498869043e-01,-3.035919632822525194e-01,-3.048908329905518008e-02,1.639321735078014264e-02,1.130166779971972651e-01,-6.552350781975925242e-01,-1.372112013068315095e-01,4.451704174525287216e-01,1.936888748989926967e-01,3.930985752239454789e-01,1.067334364944067110e-01,4.602074419095035229e-01,5.161595047295911565e-01,-4.987442605138854290e-01,6.231345866851922821e-01,6.122664959683726815e-01,5.746211085546993891e-01,5.735729502794497670e-01,5.136534226680128379e-01,7.271659702044206419e-01,2.723390903454492862e-01,7.629794047711703220e-01,6.120769349768281353e-01,-4.279849209165427770e-01,3.047397275849604847e-01,1.631722114420643827e-02,4.791474683539933554e-01,1.062782596968460391e-01,-7.195058602913200207e-01,-2.079622305271549010e-01,6.152868903686151691e-01,2.856585282492242195e-01,-2.737237505241530561e-02
2.070214519438218770e-01,4.508147627941932467e-01,1.000000000000000000e+00,3.387262487217497786e-01,5.264878200355219695e-01,4.998180838700522766e-01,4.539753469353679516e-01,-8.258115935603391744e-01,-4.884327187732687842e-02,3.675095311986670832e-01,-3.231951965156507067e-01,-1.580081174968772650e-01,-7.314692677170500090e-01,-1.802405318524570588e-01,-1.967029000307049247e-01,4.641226993554291025e-01,-1.925004836656517837e-01,6.210601034368255086e-02,2.761941710199589117e-01,9.125198511715858218e-02,7.145734811561458288e-01,7.527242773371517481e-01,5.796212811346242999e-01,6.125473515105873679e-01,6.469341465366400534e-01,1.363621359796198251e-01,-1.130360716157239320e-01,6.337676393284324972e-01,3.231019619415106403e-01,-8.644225226164781520e-03,7.905791597172683316e-01,3.724504847586515566e-01,-2.367613113768682886e-01,1.275020080626873276e-01,-4.228150634129373420e-01,-2.657747601346414079e-01,2.617980149005127433e-01,1.729960233263203584e-01,3.003841414290952527e-01
-2.937297088094337760e-01,-1.705226079907329884e-01,3.387262487217497786e-01,1.000000000000000000e+00,1.673203954632211665e-01,-3.095245458199455055e-02,-1.491826117442737916e-02,-3.372375615143326510e-01,-3.341104548174755190e-02,2.951747534339369539e-01,-3.747811412639223683e-01,2.775242354510493170e-01,-4.286743836173015354e-01,-2.283009467306085227e-01,-3.192464001169301180e-01,1.167318545882002206e-01,-2.796638590647276268e-01,-1.799291622696652937e-01,-1.260560876327946819e-02,3.741779072769229053e-01,1.647051215071685670e-01,2.213581483477475298e-01,8.964203442677075306e-02,8.670359207913146127e-02,2.127092505168181602e-01,-2.304033440290728096e-01,-3.062924217408937930e-03,-2.999812378359894421e-02,-1.975599773771669898e-01,4.657205197531892327e-01,3.447151035800762875e-01,1.726676956878344937e-01,-4.390542311310792201e-01,1.041127278670100909e-01,1.135440440799090206e-01,7.018741563304389808e-02,-2.319521084085394702e-01,-8.580147778704430572e-02,5.873040748021550461e-02
5.532758196475318080e-01,5.976883086761738406e-01,5.264878200355219695e-01,1.673203954632211665e-01,1.000000000000000000e+00,2.407763948141809218e-01,5.442148584863594207e-01,-3.688343789442965481e-01,2.913788581184014737e-01,2.699577376510030047e-01,-2.794353923468814171e-01,-2.328225875252060706e-01,-3.770048363350690934e-01,4.047193484280277587e-01,3.137320334199402705e-01,5.039118039756378398e-01,-2.174053764747520545e-01,5.713201399552376714e-01,7.000158029129187609e-01,-3.968679624399182315e-01,5.635947182267542210e-01,6.673236364417827193e-01,3.868682954382459127e-01,3.356050969225385372e-01,4.450144318679692956e-01,5.461037000119669527e-01,4.540831238514494439e-01,5.521563965050492184e-01,2.374973058733916842e-01,-2.175207968903263706e-02,4.656941464362640559e-01,1.397347837873278709e-01,1.587612052296283882e-01,5.260911449943304063e-01,-4.574954037490144287e-01,1.477683098658575112e-01,2.030844420875928813e-01,2.843889260154034426e-01,1.550092335117979614e-01
2.998300375709120336e-01,5.621258936821519336e-01,4.998180838700522766e-01,-3.095245458199455055e-02,2.407763948141809218e-01,1.000000000000000000e+00,3.377352947062789990e-01,-5.270726895819749513e-01,-1.702141670985000133e-01,1.906043436980651151e-01,-7.672144663139016108e-02,-4.773343990938248016e-01,-3.408607349985858792e-01,-1.453402222483880790e-01,-3.403448599453664514e-01,3.990052453778412112e-01,8.090676930122348703e-03,-2.124692604523837625e-01,-1.035478071977523756e-01,1.030147496118803685e-01,5.626999806680268446e-01,3.516064478997166232e-01,7.736813845984317206e-01,8.075512506288439196e-01,6.890427956057550984e-01,1.753477952647683469e-01,-3.492153184719579140e-01,5.821889348521885887e-01,6.127806479234888526e-01,-2.360859328577049887e-01,4.264843907288163316e-01,7.309441419322638966e-02,1.163216663213434143e-01,-2.467081413376591981e-01,-4.630424314670197883e-01,-6.102401780250560348e-01,6.574266884153812107e-01,3.908996575426930686e-01,2.322088015866697608e-01
7.195125997585035682e-01,7.161548127498869043e-01,4.539753469353679516e-01,-1.491826117442737916e-02,5.442148584863594207e-01,3.377352947062789990e-01,1.000000000000000000e+00,-3.010031518980205156e-01,-2.750596994855990518e-01,-1.293093405635737381e-01,1.992688108209716702e-01,-6.728824074787442822e-01,-1.619220992493183020e-01,4.784200651365932977e-01,1.248515825940438584e-01,2.812131987493279306e-01,8.929458356252789608e-02,5.538090707358794829e-01,5.500466734191823415e-01,-5.735392974192984328e-01,6.087325031930280739e-01,6.598851225059330083e-01,4.476150562288373491e-01,4.529564356960741889e-01,3.328686616713679158e-01,7.009365528790372224e-01,4.178154656950389678e-01,7.552292631221975139e-01,5.535082383132549078e-01,-4.021268497775637996e-01,3.288159717705155805e-01,2.097502248222702925e-01,4.525595055187345839e-01,3.937688186878758601e-02,-7.317814455024140852e-01,-1.279363532691975558e-01,5.137533223995912612e-01,-1.261351949417999219e-01,-3.082476614541568849e-01
-2.236819555499134152e-02,-3.035919632822525194e-01,-8.258115935603391744e-01,-3.372375615143326510e-01,-3.688343789442965481e-01,-5.270726895819749513e-01,-3.010031518980205156e-01,1.000000000000000000e+00,1.354424453014646257e-01,-3.863909247681870385e-01,3.729624574075970367e-01,7.059189223521789014e-02,7.762751442341937480e-01,3.716262242436960128e-01,3.888377202264116095e-01,-4.018295870365831690e-01,2.632248100361942456e-01,1.460765598664894582e-01,-6.020928207495016699e-02,-2.432755894619680614e-01,-6.311178333843234789e-01,-6.261796397251573332e-01,-5.643155187130592942e-01,-6.357685236364628567e-01,-6.295825902726515100e-01,6.116376712124543119e-02,2.986559310984359117e-01,-5.403208991094641256e-01,-2.794147350028350907e-01,-3.471818706332402416e-02,-8.205458566875806214e-01,-4.099899040598315447e-01,3.484287220407535357e-01,2.273345657109395596e-02,3.017385805448357661e-01,4.063673464432695503e-01,-2.437916581177279052e-01,-1.649106010617364393e-01,-3.736810080180933413e-01
-8.749106464413078724e-03,-3.048908329905518008e-02,-4.884327187732687842e-02,-3.341104548174755190e-02,2.913788581184014737e-01,-1.702141670985000133e-01,-2.750596994855990518e-01,1.354424453014646257e-01,1.000000000000000000e+00,3.718608794602683565e-01,-3.528100934849238701e-01,3.866018073085327189e-01,4.601481892094893417e-02,9.896841297954564465e-02,5.135950466638689038e-01,2.585656123313174182e-01,-1.393175657134928247e-01,1.824821461389902477e-01,3.153445198070228828e-01,4.153429532987591710e-02,-5.976035966026934515e-02,-2.245959023979321109e-02,-1.747675172577601577e-01,-2.872705916117447855e-01,2.880967112685114961e-02,5.510989685579416146e-03,9.567468535078939296e-02,-2.423566224274410208e-01,-3.415332673519160256e-01,2.269650841321514123e-01,-1.017883702815303160e-01,-3.088553733663699230e-01,-1.229099415250963501e-01,6.763983390025855025e-01,3.383973259035601422e-01,4.761744206240288713e-01,-3.211577956500372144e-01,5.507217110161635176e-01,4.802485579607866373e-01
-1.101536954200601770e-01,1.639321735078014264e-02,3.675095311986670832e-01,2.951747534339369539e-01,2.699577376510030047e-01,1.906043436980651151e-01,-1.293093405635737381e-01,-3.863909247681870385e-01,3.718608794602683565e-01,1.000000000000000000e+00,-5.721318563518783540e-01,3.871106590229521083e-01,-4.887017820740743868e-01,-1.748380662672087693e-01,-7.551191965005460416e-02,6.310851708242084523e-01,-2.217707336310961730e-01,-1.541188095518302159e-01,3.623647520605709910e-02,3.306232447819509312e-01,2.079950308008411408e-01,2.309054243202500190e-01,3.802144458932307791e-01,2.605422564073647251e-01,5.557340169540931907e-01,-1.332646351741910984e-01,-2.385652156444676986e-01,6.133525288666715446e-03,-1.906704351337554781e-01,4.833445826768492104e-01,4.592336457506381309e-01,1.827264437456883883e-01,-3.826349377680252628e-01,2.969686865071328730e-01,4.221474225310319767e-02,9.847258865876595824e-02,-2.582544693934527014e-01,3.593576010243476060e-01,6.249314569211881221e-01
2.504146673847323923e-01,1.130166779971972651e-01,-3.231951965156507067e-01,-3.747811412639223683e-01,-2.794353923468814171e-01,-7.672144663139016108e-02,1.992688108209716702e-01,3.729624574075970367e-01,-3.528100934849238701e-01,-5.721318563518783540e-01,1.000000000000000000e+00,-3.831997697453267127e-01,4.881701133958083472e-01,2.984956488302281108e-01,1.709384035439699689e-01,-3.197765345671014781e-01,5.669456738787274075e-01,1.694531153800144796e-01,-1.724952504979377493e-02,-3.352747979478304940e-01,-1.531377928992267157e-01,-1.878478786240023735e-01,-2.035003122692629896e-01,-1.425453758564434459e-01,-3.651126466788532365e-01,2.626544641486209253e-01,1.684488225804925965e-01,4.497345059544339413e-02,3.188909998029246795e-01,-5.300988006242384198e-01,-4.567119255644445652e-01,-1.162334054756928026e-01,4.334731673720596534e-01,-2.591856091964278019e-01,-1.661832925552341189e-01,-7.244823198664744612e-02,2.775066755746291580e-01,-3.097035519287240080e-01,-4.923252898364227637e-01
-6.340498569871404477e-01,-6.552350781975925242e-01,-1.580081174968772650e-01,2.775242354510493170e-01,-2.328225875252060706e-01,-4.773343990938248016e-01,-6.728824074787442822e-01,7.059189223521789014e-02,3.866018073085327189e-01,3.871106590229521083e-01,-3.831997697453267127e-01,1.000000000000000000e+00,-1.344830321001747320e-01,-3.960305495420512467e-01,1.587755202331346538e-02,-3.182494101508882844e-02,-2.248649345093482188e-01,-2.811091395492223977e-01,-2.076360471038659061e-01,4.576145831507428263e-01,-4.067049890205164386e-01,-2.994933128140929157e-01,-4.396002874099344537e-01,-4.692830747897110966e-01,-2.330839466962908446e-01,-6.050223672821641863e-01,-2.214528396408637911e-01,-6.165820450621547488e-01,-6.199391362028255914e-01,5.324298728370044920e-01,-1.610705081247682316e-02,3.022617166506662637e-02,-5.593412554464369801e-01,2.690675948256254779e-01,6.408069057767071808e-01,3.530664240288222677e-01,-6.873351082871569373e-01,3.515115484502248644e-02,4.305309865770979294e-01
7.262723333987519680e-02,-1.372112013068315095e-01,-7.314692677170500090e-01,-4.286743836173015354e-01,-3.770048363350690934e-01,-3.408607349985858792e-01,-1.619220992493183020e-01,7.762751442341937480e-01,4.601481892094893417e-02,-4.887017820740743868e-01,4.881701133958083472e-01,-1.344830321001747320e-01,1.000000000000000000e+00,3.686843187736556504e-01,3.291194748473713072e-01,-4.281024824311803756e-01,3.241662951425698380e-01,1.274882761885293980e-01,-4.347503215007252758e-02,-2.793712436942870081e-01,-4.872243505882502546e-01,-5.495119365976441905e-01,-4.571090354523273946e-01,-4.738873790421624377e-01,-5.464770121322891638e-01,1.495253430137133133e-01,2.379791210449421768e-01,-3.789820989851697686e-01,-9.127911571278445046e-02,-2.268250280700919164e-01,-8.080251327561288610e-01,-4.538144829445233119e-01,4.617451749024398810e-01,-9.271985865836480933e-02,2.123592297037788790e-01,2.094954897151200812e-01,1.293994873161033628e-02,-1.136309550092670928e-01,-4.147878766172405918e-01
6.758350469992380205e-01,4.451704174525287216e-01,-1.802405318524570588e-01,-2.283009467306085227e-01,4.047193484280277587e-01,-1.453402222483880790e-01,4.784200651365932977e-01,3.716262242436960128e-01,9.896841297954564465e-02,-1.748380662672087693e-01,2.984956488302281108e-01,-3.960305495420512467e-01,3.686843187736556504e-01,1.000000000000000000e+00,5.139539540913409255e-01,9.209657670324149226e-02,1.653365681564898937e-01,6.994983931284527445e-01,5.880345901454306912e-01,-7.299267929569528413e-01,9.218526876189829522e-02,1.938982502887282022e-01,-2.462837670106418630e-02,-9.684085865713837338e-02,-7.804300815517903334e-02,7.611946175478226939e-01,7.305172721983322903e-01,2.422434355627156033e-01,1.801865097368837154e-01,-2.717718947335686086e-01,-2.463859218384796546e-01,-1.316627545084145812e-01,6.097292976001340570e-01,2.814405129983431064e-01,-4.025225436284606273e-01,3.493714185665848793e-01,1.343865751582339063e-01,-6.970908538581883918e-02,-3.850001742356853884e-01
4.128621476686487601e-01,1.936888748989926967e-01,-1.967029000307049247e-01,-3.192464001169301180e-01,3.137320334199402705e-01,-3.403448599453664514e-01,1.248515825940438584e-01,3.888377202264116095e-01,5.135950466638689038e-01,-7.551191965005460416e-02,1.709384035439699689e-01,1.587755202331346538e-02,3.291194748473713072e-01,5.139539540913409255e-01,1.000000000000000000e+00,1.559580822322294280e-01,1.438126445931382780e-01,6.508928039136601118e-01,6.054381149388317063e-01,-5.134153126285838642e-01,-7.816793138912018005e-03,8.291715733512096398e-02,-2.975270767115429371e-01,-4.154338463022074768e-01,-2.618639223201617572e-01,4.242619202299334757e-01,5.049495413572383518e-01,-2.086880384635933505e-02,-7.518350830397042828e-02,-2.139538612484847835e-01,-3.313751150538541412e-01,-3.470008934419365199e-01,3.358598784504492341e-01,5.854354004858959293e-01,6.586184852579392637e-03,5.813316282159655124e-01,-1.237048938986427538e-01,1.890683819532361920e-01,-4.563277829469828545e-02
3.193712014019720602e-01,3.930985752239454789e-01,4.641226993554291025e-01,1.167318545882002206e-01,5.039118039756378398e-01,3.990052453778412112e-01,2.812131987493279306e-01,-4.018295870365831690e-01,2.585656123313174182e-01,6.310851708242084523e-01,-3.197765345671014781e-01,-3.182494101508882844e-02,-4.281024824311803756e-01,9.209657670324149226e-02,1.559580822322294280e-01,1.000000000000000000e+00,-1.284971403699973480e-01,1.709199532831820190e-01,3.049918457257904669e-01,-5.351525184000210933e-02,5.365223490883039847e-01,4.845903159879655919e-01,5.693889858454583841e-01,4.231578412975505743e-01,5.839989984334146289e-01,2.192752179275087865e-01,-6.820618639966266605e-02,3.548668484670646217e-01,2.353621860704150359e-01,5.534603338693384195e-02,4.398790368165291786e-01,6.998455404109481248e-02,9.623434307015184264e-03,2.819561542928384346e-01,-2.425210566393189437e-01,9.466576506330753871e-02,1.793694746728969336e-01,3.426578695095556237e-01,4.101323087514229249e-01
1.496155931341195122e-01,1.067334364944067110e-01,-1.925004836656517837e-01,-2.796638590647276268e-01,-2.174053764747520545e-01,8.090676930122348703e-03,8.929458356252789608e-02,2.632248100361942456e-01,-1.393175657134928247e-01,-2.217707336310961730e-01,5.669456738787274075e-01,-2.248649345093482188e-01,3.241662951425698380e-01,1.653365681564898937e-01,1.438126445931382780e-01,-1.284971403699973480e-01,1.000000000000000000e+00,4.224223879916127328e-02,-4.378147023326512538e-02,-1.095933004306722386e-01,-1.736941258111751873e-01,-1.640031358125342842e-01,-2.303689028588215212e-02,-5.625798662430024633e-02,-1.486719073047995665e-01,1.628794399492265732e-01,-3.641819557749571834e-02,-4.377342043074043676e-02,1.712665651858859550e-01,-2.554739170148481731e-01,-3.479002590804600725e-01,-8.183931746860802214e-02,3.095200260434334827e-01,-1.714906288198899953e-01,-1.493534324115762257e-01,4.320322077183030070e-04,1.339425201549584166e-01,-1.722043227642888474e-01,-1.582838555418503435e-01
6.662444919870903481e-01,4.602074419095035229e-01,6.210601034368255086e-02,-1.799291622696652937e-01,5.713201399552376714e-01,-2.124692604523837625e-01,5.538090707358794829e-01,1.460765598664894582e-01,1.824821461389902477e-01,-1.541188095518302159e-01,1.694531153800144796e-01,-2.811091395492223977e-01,1.274882761885293980e-01,6.994983931284527445e-01,6.508928039136601118e-01,1.709199532831820190e-01,4.224223879916127328e-02,1.000000000000000000e+00,8.059835135445033716e-01,-7.767202503967869376e-01,2.272041721199569986e-01,4.147356302751047386e-01,-7.421487069585379348e-02,-1.406719539712680545e-01,-9.144322136221438857e-02,6.927153574625486421e-01,7.387060050035351155e-01,3.501411171103336883e-01,1.377634298510523325e-01,-2.967338826474361091e-01,-2.445059300327408897e-02,-2.182191183444856172e-02,4.777576958455580503e-01,4.781845673964794652e-01,-3.972063253652553527e-01,4.060559509757639129e-01,7.242821176969727048e-02,-6.190195633716483181e-02,-2.620977627176436786e-01
6.147835315122690547e-01,5.161595047295911565e-01,2.761941710199589117e-01,-1.260560876327946819e-02,7.000158029129187609e-01,-1.035478071977523756e-01,5.500466734191823415e-01,-6.020928207495016699e-02,3.153445198070228828e-01,3.623647520605709910e-02,-1.724952504979377493e-02,-2.076360471038659061e-01,-4.347503215007252758e-02,5.880345901454306912e-01,6.054381149388317063e-01,3.049918457257904669e-01,-4.378147023326512538e-02,8.059835135445033716e-01,1.000000000000000000e+00,-6.355001862978814087e-01,3.878803487534690508e-01,5.606927093674491935e-01,4.068422955169568450e-02,-2.696053370734837959e-02,9.925390818199017473e-02,6.465747594476904947e-01,6.582826369701326730e-01,4.064665281360355098e-01,1.054247533539985349e-01,-1.690200804914437083e-01,1.544847308946437070e-01,-6.556131322917296833e-03,3.391787298841660303e-01,5.842328685297240032e-01,-3.601377150674162642e-01,3.966323319025650829e-01,7.674245044902941459e-02,9.524297227173027236e-02,-8.214217714244188839e-02
-7.168533281436513249e-01,-4.987442605138854290e-01,9.125198511715858218e-02,3.741779072769229053e-01,-3.968679624399182315e-01,1.030147496118803685e-01,-5.735392974192984328e-01,-2.432755894619680614e-01,4.153429532987591710e-02,3.306232447819509312e-01,-3.352747979478304940e-01,4.576145831507428263e-01,-2.793712436942870081e-01,-7.299267929569528413e-01,-5.134153126285838642e-01,-5.351525184000210933e-02,-1.095933004306722386e-01,-7.767202503967869376e-01,-6.355001862978814087e-01,1.000000000000000000e+00,-1.744461095210484147e-01,-2.878809360261375128e-01,3.485702434050535342e-02,5.196018594507218619e-02,1.530860661866156325e-01,-7.256428812841306808e-01,-6.669253527335560205e-01,-3.861139675276805683e-01,-3.080110658593538941e-01,4.779546168976263054e-01,1.275680207978770464e-01,4.910980575883254484e-02,-6.835595297102914358e-01,-1.940254664893883152e-01,4.663560844340744471e-01,-1.945338876092826408e-01,-2.880280878216944229e-01,1.395514926206148365e-01,3.891767067957014326e-01
4.773224159266696298e-01,6.231345866851922821e-01,7.145734811561458288e-01,1.647051215071685670e-01,5.635947182267542210e-01,5.626999806680268446e-01,6.087325031930280739e-01,-6.311178333843234789e-01,-5.976035966026934515e-02,2.079950308008411408e-01,-1.531377928992267157e-01,-4.067049890205164386e-01,-4.872243505882502546e-01,9.218526876189829522e-02,-7.816793138912018005e-03,5.365223490883039847e-01,-1.736941258111751873e-01,2.272041721199569986e-01,3.878803487534690508e-01,-1.744461095210484147e-01,1.000000000000000000e+00,7.524704807441936483e-01,6.068510015594905660e-01,6.211189208571746834e-01,5.894813460578932629e-01,3.928496554210342273e-01,4.871349709904525954e-02,7.462726095057491404e-01,5.405433121790291784e-01,-2.561237574955979035e-01,5.952446511817658381e-01,1.365588529219138869e-01,1.280753629739520838e-01,1.257882285512809395e-01,-5.113873847686959406e-01,-2.214077892444892004e-01,5.058896150438769723e-01,2.211942352720814853e-01,6.625959785458995777e-02
5.019644542838332946e-01,6.122664959683726815e-01,7.527242773371517481e-01,2.213581483477475298e-01,6.673236364417827193e-01,3.516064478997166232e-01,6.598851225059330083e-01,-6.261796397251573332e-01,-2.245959023979321109e-02,2.309054243202500190e-01,-1.878478786240023735e-01,-2.994933128140929157e-01,-5.495119365976441905e-01,1.938982502887282022e-01,8.291715733512096398e-02,4.845903159879655919e-01,-1.640031358125342842e-01,4.147356302751047386e-01,5.606927093674491935e-01,-2.878809360261375128e-01,7.524704807441936483e-01,1.000000000000000000e+00,4.775344295412570772e-01,4.837058948973916861e-01,4.980879780852341954e-01,4.564725055072929027e-01,2.185424391244947806e-01,7.176693125924810124e-01,3.607826541484775440e-01,-1.905396409330471497e-01,6.555813812301115595e-01,2.812835152719157517e-01,5.217538815194300295e-02,2.296363469805897672e-01,-5.594616260056157753e-01,-7.225171465514745872e-02,3.101405615154676498e-01,7.624198218276183325e-02,1.088112307931523720e-01
3.623908722014613226e-01,5.746211085546993891e-01,5.796212811346242999e-01,8.964203442677075306e-02,3.868682954382459127e-01,7.736813845984317206e-01,4.476150562288373491e-01,-5.643155187130592942e-01,-1.747675172577601577e-01,3.802144458932307791e-01,-2.035003122692629896e-01,-4.396002874099344537e-01,-4.571090354523273946e-01,-2.462837670106418630e-02,-2.975270767115429371e-01,5.693889858454583841e-01,-2.303689028588215212e-02,-7.421487069585379348e-02,4.068422955169568450e-02,3.485702434050535342e-02,6.068510015594905660e-01,4.775344295412570772e-01,1.000000000000000000e+00,8.238030096588284668e-01,7.836899104612538025e-01,2.573118893234698779e-01,-2.097674018581263955e-01,6.184885848375888395e-01,5.180502490264903281e-01,-4.689303402998609704e-02,5.427339602812808472e-01,2.522764687184024801e-01,9.375490325443076867e-02,-1.581992319411267556e-01,-5.701620677653057578e-01,-4.460889140272948916e-01,5.252929803643402451e-01,2.679555037029241471e-01,2.049028918259310494e-01
3.209882141131638611e-01,5.735729502794497670e-01,6.125473515105873679e-01,8.670359207913146127e-02,3.356050969225385372e-01,8.075512506288439196e-01,4.529564356960741889e-01,-6.357685236364628567e-01,-2.872705916117447855e-01,2.605422564073647251e-01,-1.425453758564434459e-01,-4.692830747897110966e-01,-4.738873790421624377e-01,-9.684085865713837338e-02,-4.154338463022074768e-01,4.231578412975505743e-01,-5.625798662430024633e-02,-1.406719539712680545e-01,-2.696053370734837959e-02,5.196018594507218619e-02,6.211189208571746834e-01,4.837058948973916861e-01,8.238030096588284668e-01,1.000000000000000000e+00,7.436812777814507669e-01,2.212672674132695749e-01,-2.491581753466369231e-01,6.734137747671354868e-01,5.995625978932778155e-01,-1.409865779365874761e-01,5.890386400989060522e-01,2.891418922782423295e-01,8.235743171399803608e-02,-2.614990801708940715e-01,-5.803699366960827222e-01,-6.020395989920119817e-01,6.120004439083766012e-01,2.299583794699475436e-01,1.784733146806235515e-01
2.637095408589419376e-01,5.136534226680128379e-01,6.469341465366400534e-01,2.127092505168181602e-01,4.450144318679692956e-01,6.890427956057550984e-01,3.328686616713679158e-01,-6.295825902726515100e-01,2.880967112685114961e-02,5.557340169540931907e-01,-3.651126466788532365e-01,-2.330839466962908446e-01,-5.464770121322891638e-01,-7.804300815517903334e-02,-2.618639223201617572e-01,5.839989984334146289e-01,-1.486719073047995665e-01,-9.144322136221438857e-02,9.925390818199017473e-02,1.530860661866156325e-01,5.894813460578932629e-01,4.980879780852341954e-01,7.836899104612538025e-01,7.436812777814507669e-01,1.000000000000000000e+00,2.013478720423519941e-01,-1.839885073189884146e-01,5.466158758786088256e-01,3.539552739865105546e-01,1.301373445927219707e-01,6.227217923037773328e-01,2.190466701739088584e-01,-1.203534003451876139e-01,5.870282929496437041e-02,-4.397059616859794740e-01,-3.437483871404605762e-01,3.103674516661836247e-01,4.338709139698276318e-01,3.574421847591856549e-01
8.338423346557692906e-01,7.271659702044206419e-01,1.363621359796198251e-01,-2.304033440290728096e-01,5.461037000119669527e-01,1.753477952647683469e-01,7.009365528790372224e-01,6.116376712124543119e-02,5.510989685579416146e-03,-1.332646351741910984e-01,2.626544641486209253e-01,-6.050223672821641863e-01,1.495253430137133133e-01,7.611946175478226939e-01,4.242619202299334757e-01,2.192752179275087865e-01,1.628794399492265732e-01,6.927153574625486421e-01,6.465747594476904947e-01,-7.256428812841306808e-01,3.928496554210342273e-01,4.564725055072929027e-01,2.573118893234698779e-01,2.212672674132695749e-01,2.013478720423519941e-01,1.000000000000000000e+00,6.206247628969451258e-01,5.717384433331124116e-01,4.140951952084687693e-01,-4.081392572911082817e-01,1.103547063152294540e-02,-7.248261007962282509e-02,6.256985492166137197e-01,2.295003256581353013e-01,-6.482629631397053283e-01,1.022616822869197584e-01,3.787991089876412421e-01,7.093378004417041915e-02,-2.936775018778789992e-01
5.061733258450061834e-01,2.723390903454492862e-01,-1.130360716157239320e-01,-3.062924217408937930e-03,4.540831238514494439e-01,-3.492153184719579140e-01,4.178154656950389678e-01,2.986559310984359117e-01,9.567468535078939296e-02,-2.385652156444676986e-01,1.684488225804925965e-01,-2.214528396408637911e-01,2.379791210449421768e-01,7.305172721983322903e-01,5.049495413572383518e-01,-6.820618639966266605e-02,-3.641819557749571834e-02,7.387060050035351155e-01,6.582826369701326730e-01,-6.669253527335560205e-01,4.871349709904525954e-02,2.185424391244947806e-01,-2.097674018581263955e-01,-2.491581753466369231e-01,-1.839885073189884146e-01,6.206247628969451258e-01,1.000000000000000000e+00,1.796093211815554813e-01,4.711026107632395286e-03,-9.704338788659321036e-02,-1.576575115873475874e-01,-3.300445044069488798e-02,4.027980543716422335e-01,4.074206138775201547e-01,-2.854286299273690042e-01,4.189687966532067986e-01,-7.106389859835789136e-02,-1.545713409362051427e-01,-4.530905520260251063e-01
6.525555011494739155e-01,7.629794047711703220e-01,6.337676393284324972e-01,-2.999812378359894421e-02,5.521563965050492184e-01,5.821889348521885887e-01,7.552292631221975139e-01,-5.403208991094641256e-01,-2.423566224274410208e-01,6.133525288666715446e-03,4.497345059544339413e-02,-6.165820450621547488e-01,-3.789820989851697686e-01,2.422434355627156033e-01,-2.086880384635933505e-02,3.548668484670646217e-01,-4.377342043074043676e-02,3.501411171103336883e-01,4.064665281360355098e-01,-3.861139675276805683e-01,7.462726095057491404e-01,7.176693125924810124e-01,6.184885848375888395e-01,6.734137747671354868e-01,5.466158758786088256e-01,5.717384433331124116e-01,1.796093211815554813e-01,1.000000000000000000e+00,6.641916199122049891e-01,-3.968973744020522498e-01,5.393162923059044989e-01,2.477652917633906549e-01,3.103204455183245503e-01,-1.327769883197113879e-02,-7.563186180681036319e-01,-3.615418096318177565e-01,6.044415293588707438e-01,1.163430712942336576e-01,-8.393362958784743311e-02
5.377956611022985944e-01,6.120769349768281353e-01,3.231019619415106403e-01,-1.975599773771669898e-01,2.374973058733916842e-01,6.127806479234888526e-01,5.535082383132549078e-01,-2.794147350028350907e-01,-3.415332673519160256e-01,-1.906704351337554781e-01,3.188909998029246795e-01,-6.199391362028255914e-01,-9.127911571278445046e-02,1.801865097368837154e-01,-7.518350830397042828e-02,2.353621860704150359e-01,1.712665651858859550e-01,1.377634298510523325e-01,1.054247533539985349e-01,-3.080110658593538941e-01,5.405433121790291784e-01,3.607826541484775440e-01,5.180502490264903281e-01,5.995625978932778155e-01,3.539552739865105546e-01,4.140951952084687693e-01,4.711026107632395286e-03,6.641916199122049891e-01,1.000000000000000000e+00,-5.357180612820735544e-01,2.155114294935283892e-01,1.304750792138018312e-01,4.755603019610209481e-01,-2.201455768059570051e-01,-5.901568100559645424e-01,-4.623070929916481275e-01,7.567867819606542978e-01,7.545167210295232463e-02,-2.003428558540924775e-01
-4.908835211150963662e-01,-4.279849209165427770e-01,-8.644225226164781520e-03,4.657205197531892327e-01,-2.175207968903263706e-02,-2.360859328577049887e-01,-4.021268497775637996e-01,-3.471818706332402416e-02,2.269650841321514123e-01,4.833445826768492104e-01,-5.300988006242384198e-01,5.324298728370044920e-01,-2.268250280700919164e-01,-2.717718947335686086e-01,-2.139538612484847835e-01,5.534603338693384195e-02,-2.554739170148481731e-01,-2.967338826474361091e-01,-1.690200804914437083e-01,4.779546168976263054e-01,-2.561237574955979035e-01,-1.905396409330471497e-01,-4.689303402998609704e-02,-1.409865779365874761e-01,1.301373445927219707e-01,-4.081392572911082817e-01,-9.704338788659321036e-02,-3.968973744020522498e-01,-5.357180612820735544e-01,1.000000000000000000e+00,1.286890953099319723e-01,1.647096775287392179e-01,-5.035552673607052165e-01,1.967241029820535614e-01,3.263264434535655401e-01,2.599529944029636552e-01,-5.548074643627145530e-01,1.352284315503417701e-03,2.255399806210489078e-01
8.461511469636025240e-02,3.047397275849604847e-01,7.905791597172683316e-01,3.447151035800762875e-01,4.656941464362640559e-01,4.264843907288163316e-01,3.288159717705155805e-01,-8.205458566875806214e-01,-1.017883702815303160e-01,4.592336457506381309e-01,-4.567119255644445652e-01,-1.610705081247682316e-02,-8.080251327561288610e-01,-2.463859218384796546e-01,-3.313751150538541412e-01,4.398790368165291786e-01,-3.479002590804600725e-01,-2.445059300327408897e-02,1.544847308946437070e-01,1.275680207978770464e-01,5.952446511817658381e-01,6.555813812301115595e-01,5.427339602812808472e-01,5.890386400989060522e-01,6.227217923037773328e-01,1.103547063152294540e-02,-1.576575115873475874e-01,5.393162923059044989e-01,2.155114294935283892e-01,1.286890953099319723e-01,1.000000000000000000e+00,4.889678906183759222e-01,-3.205840140482766332e-01,6.196465860812903903e-02,-3.558807435418719356e-01,-2.957910108299403040e-01,1.383757938793624687e-01,1.199151922858641972e-01,3.625285955257054882e-01
-2.123224124628191045e-02,1.631722114420643827e-02,3.724504847586515566e-01,1.726676956878344937e-01,1.397347837873278709e-01,7.309441419322638966e-02,2.097502248222702925e-01,-4.099899040598315447e-01,-3.088553733663699230e-01,1.827264437456883883e-01,-1.162334054756928026e-01,3.022617166506662637e-02,-4.538144829445233119e-01,-1.316627545084145812e-01,-3.470008934419365199e-01,6.998455404109481248e-02,-8.183931746860802214e-02,-2.182191183444856172e-02,-6.556131322917296833e-03,4.910980575883254484e-02,1.365588529219138869e-01,2.812835152719157517e-01,2.522764687184024801e-01,2.891418922782423295e-01,2.190466701739088584e-01,-7.248261007962282509e-02,-3.300445044069488798e-02,2.477652917633906549e-01,1.304750792138018312e-01,1.647096775287392179e-01,4.889678906183759222e-01,1.000000000000000000e+00,-1.496499435147382873e-01,-1.116343879074480766e-01,-3.231895571610594597e-01,-2.364824919487671095e-01,-2.046179603417479578e-02,-3.246655686700689047e-01,4.152620894312036848e-02
6.437890272920472334e-01,4.791474683539933554e-01,-2.367613113768682886e-01,-4.390542311310792201e-01,1.587612052296283882e-01,1.163216663213434143e-01,4.525595055187345839e-01,3.484287220407535357e-01,-1.229099415250963501e-01,-3.826349377680252628e-01,4.334731673720596534e-01,-5.593412554464369801e-01,4.617451749024398810e-01,6.097292976001340570e-01,3.358598784504492341e-01,9.623434307015184264e-03,3.095200260434334827e-01,4.777576958455580503e-01,3.391787298841660303e-01,-6.835595297102914358e-01,1.280753629739520838e-01,5.217538815194300295e-02,9.375490325443076867e-02,8.235743171399803608e-02,-1.203534003451876139e-01,6.256985492166137197e-01,4.027980543716422335e-01,3.103204455183245503e-01,4.755603019610209481e-01,-5.035552673607052165e-01,-3.205840140482766332e-01,-1.496499435147382873e-01,1.000000000000000000e+00,-6.525836210106288060e-02,-4.389860229823209226e-01,5.713286564497829269e-03,5.077819187335314011e-01,-8.565226904306932898e-02,-4.119935216691086310e-01
1.866453176218389187e-01,1.062782596968460391e-01,1.275020080626873276e-01,1.041127278670100909e-01,5.260911449943304063e-01,-2.467081413376591981e-01,3.937688186878758601e-02,2.273345657109395596e-02,6.763983390025855025e-01,2.969686865071328730e-01,-2.591856091964278019e-01,2.690675948256254779e-01,-9.271985865836480933e-02,2.814405129983431064e-01,5.854354004858959293e-01,2.819561542928384346e-01,-1.714906288198899953e-01,4.781845673964794652e-01,5.842328685297240032e-01,-1.940254664893883152e-01,1.257882285512809395e-01,2.296363469805897672e-01,-1.581992319411267556e-01,-2.614990801708940715e-01,5.870282929496437041e-02,2.295003256581353013e-01,4.074206138775201547e-01,-1.327769883197113879e-02,-2.201455768059570051e-01,1.967241029820535614e-01,6.196465860812903903e-02,-1.116343879074480766e-01,-6.525836210106288060e-02,1.000000000000000000e+00,9.043897398088120154e-02,5.458038306480723634e-01,-3.333674157555883699e-01,3.482736032943339888e-01,2.368516421292645724e-01
-6.970889432760279947e-01,-7.195058602913200207e-01,-4.228150634129373420e-01,1.135440440799090206e-01,-4.574954037490144287e-01,-4.630424314670197883e-01,-7.317814455024140852e-01,3.017385805448357661e-01,3.383973259035601422e-01,4.221474225310319767e-02,-1.661832925552341189e-01,6.408069057767071808e-01,2.123592297037788790e-01,-4.025225436284606273e-01,6.586184852579392637e-03,-2.425210566393189437e-01,-1.493534324115762257e-01,-3.972063253652553527e-01,-3.601377150674162642e-01,4.663560844340744471e-01,-5.113873847686959406e-01,-5.594616260056157753e-01,-5.701620677653057578e-01,-5.803699366960827222e-01,-4.397059616859794740e-01,-6.482629631397053283e-01,-2.854286299273690042e-01,-7.563186180681036319e-01,-5.901568100559645424e-01,3.263264434535655401e-01,-3.558807435418719356e-01,-3.231895571610594597e-01,-4.389860229823209226e-01,9.043897398088120154e-02,1.000000000000000000e+00,2.847387888137032363e-01,-4.966801257860402607e-01,6.205428142728905416e-02,2.120884413419375780e-01
4.961573281599417767e-03,-2.079622305271549010e-01,-2.657747601346414079e-01,7.018741563304389808e-02,1.477683098658575112e-01,-6.102401780250560348e-01,-1.279363532691975558e-01,4.063673464432695503e-01,4.761744206240288713e-01,9.847258865876595824e-02,-7.244823198664744612e-02,3.530664240288222677e-01,2.094954897151200812e-01,3.493714185665848793e-01,5.813316282159655124e-01,9.466576506330753871e-02,4.320322077183030070e-04,4.060559509757639129e-01,3.966323319025650829e-01,-1.945338876092826408e-01,-2.214077892444892004e-01,-7.225171465514745872e-02,-4.460889140272948916e-01,-6.020395989920119817e-01,-3.437483871404605762e-01,1.022616822869197584e-01,4.189687966532067986e-01,-3.615418096318177565e-01,-4.623070929916481275e-01,2.599529944029636552e-01,-2.957910108299403040e-01,-2.364824919487671095e-01,5.713286564497829269e-03,5.458038306480723634e-01,2.847387888137032363e-01,1.000000000000000000e+00,-5.147614170359391395e-01,-8.582899570960343671e-02,-4.951456331353112916e-02
4.834989599420332351e-01,6.152868903686151691e-01,2.617980149005127433e-01,-2.319521084085394702e-01,2.030844420875928813e-01,6.574266884153812107e-01,5.137533223995912612e-01,-2.437916581177279052e-01,-3.211577956500372144e-01,-2.582544693934527014e-01,2.775066755746291580e-01,-6.873351082871569373e-01,1.293994873161033628e-02,1.343865751582339063e-01,-1.237048938986427538e-01,1.793694746728969336e-01,1.339425201549584166e-01,7.242821176969727048e-02,7.674245044902941459e-02,-2.880280878216944229e-01,5.058896150438769723e-01,3.101405615154676498e-01,5.252929803643402451e-01,6.120004439083766012e-01,3.103674516661836247e-01,3.787991089876412421e-01,-7.106389859835789136e-02,6.044415293588707438e-01,7.567867819606542978e-01,-5.548074643627145530e-01,1.383757938793624687e-01,-2.046179603417479578e-02,5.077819187335314011e-01,-3.333674157555883699e-01,-4.966801257860402607e-01,-5.147614170359391395e-01,1.000000000000000000e+00,1.013700254914513404e-01,-1.519768211789014611e-01
1.326045674558135323e-01,2.856585282492242195e-01,1.729960233263203584e-01,-8.580147778704430572e-02,2.843889260154034426e-01,3.908996575426930686e-01,-1.261351949417999219e-01,-1.649106010617364393e-01,5.507217110161635176e-01,3.593576010243476060e-01,-3.097035519287240080e-01,3.515115484502248644e-02,-1.136309550092670928e-01,-6.970908538581883918e-02,1.890683819532361920e-01,3.426578695095556237e-01,-1.722043227642888474e-01,-6.190195633716483181e-02,9.524297227173027236e-02,1.395514926206148365e-01,2.211942352720814853e-01,7.624198218276183325e-02,2.679555037029241471e-01,2.299583794699475436e-01,4.338709139698276318e-01,7.093378004417041915e-02,-1.545713409362051427e-01,1.163430712942336576e-01,7.545167210295232463e-02,1.352284315503417701e-03,1.199151922858641972e-01,-3.246655686700689047e-01,-8.565226904306932898e-02,3.482736032943339888e-01,6.205428142728905416e-02,-8.582899570960343671e-02,1.013700254914513404e-01,1.000000000000000000e+00,5.230745382623979145e-01
-2.276707462164923312e-01,-2.737237505241530561e-02,3.003841414290952527e-01,5.873040748021550461e-02,1.550092335117979614e-01,2.322088015866697608e-01,-3.082476614541568849e-01,-3.736810080180933413e-01,4.802485579607866373e-01,6.249314569211881221e-01,-4.923252898364227637e-01,4.305309865770979294e-01,-4.147878766172405918e-01,-3.850001742356853884e-01,-4.563277829469828545e-02,4.101323087514229249e-01,-1.582838555418503435e-01,-2.620977627176436786e-01,-8.214217714244188839e-02,3.891767067957014326e-01,6.625959785458995777e-02,1.088112307931523720e-01,2.049028918259310494e-01,1.784733146806235515e-01,3.574421847591856549e-01,-2.936775018778789992e-01,-4.530905520260251063e-01,-8.393362958784743311e-02,-2.003428558540924775e-01,2.255399806210489078e-01,3.625285955257054882e-01,4.152620894312036848e-02,-4.119935216691086310e-01,2.368516421292645724e-01,2.120884413419375780e-01,-4.951456331353112916e-02,-1.519768211789014611e-01,5.230745382623979145e-01,1.000000000000000000e+00
