1.000000000000000000e+00,8.843907960736246965e-01,6.570917811663653518e-01,4.219924773234500215e-01,6.411127731192898249e-01,7.030917910514816738e-01,3.447772624071035463e-01,-4.804756327095268675e-01,6.681734980166703641e-01,6.641887371978646426e-01,4.828473918239695184e-01,1.755670211460150232e-01,3.695283406509816682e-01,3.439360986885217075e-01,-1.698519587390228680e-01,5.965089388404467563e-01,4.843546215320169157e-01,3.362894049352744275e-01,3.948554796066543471e-01,3.686365840521644288e-01,6.014299869935424425e-01,5.323093294512505347e-01,5.648673456682656857e-01,1.838132970429098012e-01,4.433182054242393311e-01,7.494208153207677636e-01,7.780703142630293057e-01,7.741117845551565013e-01,8.474249386094261371e-01,6.465631459893956823e-01,5.840715551631556757e-01,8.331027603150569227e-01,5.271641367626441754e-01,3.738610340834791490e-01,4.747815348053573969e-01,7.571722869341808160e-01,5.738639034010245554e-01,8.408117529566704329e-01,6.935330741239666974e-01
8.843907960736246965e-01,1.000000000000000000e+00,7.528259923833618972e-01,6.100628180848874926e-01,7.464640524050626391e-01,6.418881561458330554e-01,3.908004430146859720e-01,-5.258113679382550032e-01,8.240617290473286616e-01,7.604654290676742256e-01,2.493210207481180163e-01,3.798531764291010471e-01,1.358353759972207309e-01,4.491393492034746471e-01,-3.107818336955018440e-02,7.367287249744088884e-01,2.159768494128096739e-01,5.645640626854002697e-01,6.166331264802225043e-01,5.668214385844253522e-01,5.603320256128010435e-01,6.522622182824701076e-01,7.747716244352299553e-01,2.164979505628017165e-01,6.360783778894768536e-01,8.397345459472655982e-01,7.963538132880354503e-01,7.956314767565237922e-01,8.133955902955913864e-01,7.756271644362542350e-01,6.556806264424500652e-01,7.098307536732981760e-01,4.796216182927034444e-01,4.515020315827207864e-01,6.558353626448503171e-01,7.668027271507884546e-01,7.393715975984817002e-01,8.447854475238891769e-01,7.910207203425527744e-01
6.570917811663653518e-01,7.528259923833618972e-01,1.000000000000000000e+00,5.647567664740863469e-01,8.857938934725388958e-01,4.473040438994183576e-01,2.600757013262330886e-01,-7.109430987076661435e-01,8.449212613942091998e-01,6.170981197809048968e-01,6.380338887235167955e-02,5.531499017134672291e-01,-3.029835367133202131e-02,6.714040382949298946e-01,1.738346044540421409e-01,5.807093357014686541e-01,-2.689866724769453959e-02,6.369532089724129209e-01,5.763697344510136933e-01,5.789882467380886855e-01,7.403575189168035697e-01,8.424195912138033870e-01,7.225486818253312737e-01,5.308169056362253002e-01,7.247560781989398349e-01,6.016811581960894717e-01,5.476960579390334205e-01,6.410459008751391297e-01,6.427068463297492817e-01,7.521357157764931856e-01,6.237641816480562484e-01,5.521382248302587614e-01,7.061189444376885227e-01,7.657591458350762048e-01,6.393925785853121768e-01,7.565176217877123133e-01,6.840082971792690314e-01,7.523581462741232295e-01,6.026815267754754846e-01
4.219924773234500215e-01,6.100628180848874926e-01,5.647567664740863469e-01,1.000000000000000000e+00,6.207386141637748489e-01,2.244677536517398764e-01,4.891725524923882795e-01,-3.090425473759317310e-01,7.456478481736431574e-01,5.675017083960105513e-01,-7.753711164022632218e-02,5.461168537954078639e-01,-3.453741753004923587e-01,3.552865350327354399e-01,3.608229604986546435e-01,6.905379575010867077e-01,-2.208058740307387025e-01,7.142393272281328809e-01,7.208454701012464438e-01,6.745741567195894239e-01,2.204890340085221001e-01,5.143168214523383686e-01,7.173209038043494301e-01,1.158702414211833787e-01,6.224058900891080715e-01,7.190411876590521167e-01,4.842355781612747156e-01,6.038608205856313971e-01,5.282731262615453227e-01,5.769963209953347105e-01,3.455878122648939343e-01,2.917235781033882813e-01,1.506059537114812219e-01,4.673344806922631878e-01,5.444026311344758451e-01,4.225125833875744141e-01,5.702524495717649078e-01,5.203888774998230993e-01,6.716299405286695334e-01
6.411127731192898249e-01,7.464640524050626391e-01,8.857938934725388958e-01,6.207386141637748489e-01,1.000000000000000000e+00,4.044772563839309498e-01,2.595114802531123810e-01,-6.031368832190411311e-01,8.398317703934594647e-01,6.675096045825327229e-01,7.355761606097896421e-02,6.534488695230433741e-01,-4.533049672579264611e-02,7.172361415183875488e-01,3.359780196805282615e-01,6.419834568852150758e-01,-5.172577363991981425e-02,6.239255234412642848e-01,5.696576757829160398e-01,5.653856158968317835e-01,6.955645290661474078e-01,8.093713991394202445e-01,7.567023883043336729e-01,5.653357928508725427e-01,7.702094926827056653e-01,6.536953245279337743e-01,5.857069873780316183e-01,6.846129488007760555e-01,6.546105234523260652e-01,7.918678804822878448e-01,6.711836786309637315e-01,5.757555038497296218e-01,7.121040879002675794e-01,7.421483640783236302e-01,6.555479113839871586e-01,7.712638325891364444e-01,7.243583214218324295e-01,7.502858260712825800e-01,5.972017568730417780e-01
7.030917910514816738e-01,6.418881561458330554e-01,4.473040438994183576e-01,2.244677536517398764e-01,4.044772563839309498e-01,1.000000000000000000e+00,3.541599006220678136e-01,-3.540810712260485937e-01,3.364198995725557473e-01,4.863596854357430943e-01,5.833138013183621906e-01,-3.740990645432257927e-02,5.953205453146747095e-01,2.019510059230942012e-01,-3.440115477570007685e-01,3.547600733877949164e-01,5.762739850261365815e-01,1.202095097259143486e-01,1.142107785728359859e-01,1.894078794153864487e-01,5.965728393728370049e-01,4.342557674370767229e-01,4.327641750251289832e-01,1.634368583078684434e-01,3.365347436912038970e-01,5.143025456906534787e-01,6.306582803398763648e-01,6.280968472466160746e-01,7.400372266317059022e-01,4.529816055336560177e-01,5.519706080836962458e-01,6.681975539759537064e-01,4.965551655641823880e-01,1.661536608770725898e-01,4.611221959450277352e-01,5.238462865213678876e-01,5.632397965292533781e-01,5.332197909679172732e-01,3.104843330539312496e-01
3.447772624071035463e-01,3.908004430146859720e-01,2.600757013262330886e-01,4.891725524923882795e-01,2.595114802531123810e-01,3.541599006220678136e-01,1.000000000000000000e+00,-3.104571097836394400e-01,2.871689415374060750e-01,4.087718137095567306e-01,1.489177732480330696e-01,2.490866201691239457e-01,5.827855982337017821e-02,1.127818928383265001e-01,5.857525386755713104e-02,3.635043116603285385e-01,1.295350607148278710e-01,2.350603188095273244e-01,2.872500403417771464e-01,3.911319806694018575e-01,1.512709723311145837e-01,3.609041982046802821e-01,3.417235576813171805e-01,5.705777798563523885e-03,2.657099904911747745e-01,4.120568143786632054e-01,4.165436156719697913e-01,4.805017785318294599e-01,2.975631557399363025e-01,2.912897597419202289e-01,3.689503769091084240e-01,3.102814914007183678e-01,9.425234918855510124e-02,1.369835663140986093e-01,1.535571332923126031e-01,2.022963745598956031e-01,1.873124453945803070e-01,3.491207002977330109e-01,3.825984826411551465e-01
-4.804756327095268675e-01,-5.258113679382550032e-01,-7.109430987076661435e-01,-3.090425473759317310e-01,-6.031368832190411311e-01,-3.540810712260485937e-01,-3.104571097836394400e-01,1.000000000000000000e+00,-5.095369130926730161e-01,-4.451014451608683586e-01,-1.167500411040095359e-01,-3.731682406142596831e-01,1.517293825453476346e-02,-4.389343506061475497e-01,-7.776565127023332691e-02,-3.856000181683551520e-01,-1.545079281913037603e-02,-3.953857310393941171e-01,-3.519572161495371221e-01,-3.886612660589621182e-01,-4.645152108485725018e-01,-5.995322374127121101e-01,-4.347662376907453496e-01,-3.781618819822041844e-01,-4.146537498943013711e-01,-4.469146795894965996e-01,-4.448301977652411310e-01,-4.620492808045056354e-01,-3.980219307301143816e-01,-5.217266950408331327e-01,-4.667105786649083377e-01,-4.487897321011164453e-01,-4.247516696577477435e-01,-4.648565618835661106e-01,-3.641770883403236958e-01,-5.425555861766958587e-01,-3.879703967233043560e-01,-5.136912482675713987e-01,-4.564213836575384264e-01
6.681734980166703641e-01,8.240617290473286616e-01,8.449212613942091998e-01,7.456478481736431574e-01,8.398317703934594647e-01,3.364198995725557473e-01,2.871689415374060750e-01,-5.095369130926730161e-01,1.000000000000000000e+00,6.397389440275315087e-01,-7.026299414651414332e-02,6.090137647357698469e-01,-2.209310231430387517e-01,6.082473922284082901e-01,2.287667739339830919e-01,6.978953299177690361e-01,-1.606727609209709084e-01,7.466391656514511643e-01,7.389931820634435544e-01,6.710849917445358415e-01,5.242171599298798279e-01,7.383662503312311554e-01,8.068538565628748938e-01,3.617254987697301472e-01,7.473253191703354004e-01,7.112970541530240220e-01,5.470341257832881388e-01,6.527610310882452360e-01,6.554282159132385210e-01,7.662421845658242692e-01,5.280474032598830858e-01,4.820622419621324872e-01,4.887513056953274870e-01,7.253125504116826328e-01,6.621634432830506567e-01,7.234605620114691327e-01,7.163615254936056553e-01,7.821836213188503306e-01,7.730381372982033650e-01
6.641887371978646426e-01,7.604654290676742256e-01,6.170981197809048968e-01,5.675017083960105513e-01,6.675096045825327229e-01,4.863596854357430943e-01,4.087718137095567306e-01,-4.451014451608683586e-01,6.397389440275315087e-01,1.000000000000000000e+00,1.766518621559956814e-01,4.877039913902387891e-01,6.860611786162952586e-02,4.277797328826530299e-01,2.553007055646966950e-01,9.004561785713297573e-01,7.473382828738811545e-02,6.195676209464446860e-01,7.009016839985325875e-01,6.123684725508437010e-01,4.867217712335309976e-01,5.843097142998912030e-01,8.033344476859297645e-01,1.164979811470798765e-01,7.147478432827716333e-01,8.127218313167933195e-01,8.329732300536256684e-01,7.976521035326437081e-01,5.975901723021275203e-01,8.322018280214706909e-01,7.833887215970947171e-01,5.921641286371976953e-01,3.898531461682979149e-01,2.062593080469048989e-01,6.850757430236167345e-01,6.766344817662367506e-01,6.909122736298621836e-01,7.109237251394823209e-01,7.398355794605014912e-01
4.828473918239695184e-01,2.493210207481180163e-01,6.380338887235167955e-02,-7.753711164022632218e-02,7.355761606097896421e-02,5.833138013183621906e-01,1.489177732480330696e-01,-1.167500411040095359e-01,-7.026299414651414332e-02,1.766518621559956814e-01,1.000000000000000000e+00,-2.741440527598249521e-01,7.451398660719206202e-01,-8.073499074376970508e-02,-2.779178214009710990e-01,2.549672431147707516e-02,8.342945871982485606e-01,-2.442304444817934017e-01,-2.116487332112838016e-01,-1.376938545571137762e-01,2.907685131065999018e-01,2.711796378747430986e-02,-4.994964393798958374e-02,4.967486004445152009e-02,-5.309314195154374305e-02,2.126587999467581536e-01,3.901604657587516845e-01,3.193169833290922521e-01,5.177306510728240108e-01,-3.493703125728748506e-03,2.337900215704467599e-01,6.753661976906715214e-01,2.982982876155856333e-01,-1.051414130570405836e-01,-3.174446628545909976e-02,1.760004508092451458e-01,6.625281181078369885e-02,2.208970361008247840e-01,5.737864933375043386e-02
1.755670211460150232e-01,3.798531764291010471e-01,5.531499017134672291e-01,5.461168537954078639e-01,6.534488695230433741e-01,-3.740990645432257927e-02,2.490866201691239457e-01,-3.731682406142596831e-01,6.090137647357698469e-01,4.877039913902387891e-01,-2.741440527598249521e-01,1.000000000000000000e+00,-4.186014364401828280e-01,6.555741609596132946e-01,7.293766444333598109e-01,5.112386204608651008e-01,-4.463477011168325292e-01,6.729533607528850325e-01,5.979265286456426631e-01,5.814458858474519376e-01,2.974192076068092327e-01,6.356424914606170207e-01,6.528463391554967243e-01,4.420454979003122786e-01,7.405981448066480954e-01,3.960133809261430771e-01,2.786186008324185726e-01,3.826685231362834116e-01,2.009518425325465263e-01,5.938956091232955314e-01,5.653722733655744959e-01,1.665329152982614747e-01,3.436274799054524487e-01,5.697839402773120510e-01,4.789341682279201762e-01,4.145454855491138568e-01,5.139054943663291519e-01,4.589495145775719931e-01,4.752363053032366835e-01
3.695283406509816682e-01,1.358353759972207309e-01,-3.029835367133202131e-02,-3.453741753004923587e-01,-4.533049672579264611e-02,5.953205453146747095e-01,5.827855982337017821e-02,1.517293825453476346e-02,-2.209310231430387517e-01,6.860611786162952586e-02,7.451398660719206202e-01,-4.186014364401828280e-01,1.000000000000000000e+00,-1.011132689599983092e-01,-4.762452701407032252e-01,-1.122132310195826377e-01,8.473657378335838208e-01,-4.268940798028342809e-01,-4.020518122419441398e-01,-3.141144111309714382e-01,3.823312103944928042e-01,-2.213908573357144249e-02,-1.744740487571944387e-01,5.464289640713259483e-02,-1.759349043209551822e-01,-3.215772600904954256e-03,3.180759347974096429e-01,2.074395278626054995e-01,3.399420597926778309e-01,-3.216462613398581027e-02,2.759924283442677928e-01,5.412255947562953917e-01,3.931616874517507854e-01,-2.032457312749443301e-01,-6.716591447773107015e-02,1.478370477081584478e-01,-7.372153828296865337e-03,1.195817225339415174e-01,-1.668138882631684250e-01
3.439360986885217075e-01,4.491393492034746471e-01,6.714040382949298946e-01,3.552865350327354399e-01,7.172361415183875488e-01,2.019510059230942012e-01,1.127818928383265001e-01,-4.389343506061475497e-01,6.082473922284082901e-01,4.277797328826530299e-01,-8.073499074376970508e-02,6.555741609596132946e-01,-1.011132689599983092e-01,1.000000000000000000e+00,4.109958562378021596e-01,3.847611725189888365e-01,-2.464888343420312267e-01,3.874710143065765444e-01,3.604609574637004932e-01,5.547666817758241109e-01,5.837783108684467814e-01,7.628249129366213577e-01,5.787693446070760750e-01,7.436182534742981076e-01,6.676793925299299159e-01,3.339677150240288328e-01,2.808583197274511223e-01,3.867389038837940052e-01,3.316391215357780142e-01,6.264852843241646152e-01,5.639761074491078663e-01,3.979725012884669511e-01,6.829221404020680009e-01,6.926728522649060471e-01,6.333879541835139015e-01,6.398899970888969335e-01,6.404268170759050971e-01,4.761460380178432206e-01,3.238508185104144732e-01
-1.698519587390228680e-01,-3.107818336955018440e-02,1.738346044540421409e-01,3.608229604986546435e-01,3.359780196805282615e-01,-3.440115477570007685e-01,5.857525386755713104e-02,-7.776565127023332691e-02,2.287667739339830919e-01,2.553007055646966950e-01,-2.779178214009710990e-01,7.293766444333598109e-01,-4.762452701407032252e-01,4.109958562378021596e-01,1.000000000000000000e+00,2.962887644635419093e-01,-4.897197887797034577e-01,3.783308264525352960e-01,3.367753277584316640e-01,3.318508486644926037e-01,3.341438578185403768e-02,2.638713083400210935e-01,3.021149762196835287e-01,2.084988026575324283e-01,4.422618792525379039e-01,1.777853599288660713e-01,1.358788489966473306e-02,1.337975276764483690e-01,-9.587190693520174223e-02,2.948048193772894177e-01,2.264693675542804596e-01,-7.005578685126397087e-02,9.399969526907168971e-02,2.638618117739707225e-01,1.707695801347084430e-01,1.094053237398140421e-01,1.720027512855624718e-01,8.115638481182278763e-02,1.346831420186973272e-01
5.965089388404467563e-01,7.367287249744088884e-01,5.807093357014686541e-01,6.905379575010867077e-01,6.419834568852150758e-01,3.547600733877949164e-01,3.635043116603285385e-01,-3.856000181683551520e-01,6.978953299177690361e-01,9.004561785713297573e-01,2.549672431147707516e-02,5.112386204608651008e-01,-1.122132310195826377e-01,3.847611725189888365e-01,2.962887644635419093e-01,1.000000000000000000e+00,-7.789149554138660725e-02,7.159011450786751940e-01,7.936616254659081271e-01,6.666575971452101124e-01,3.460689271140049983e-01,5.261796223929195992e-01,8.433448021995435528e-01,5.897661658233395443e-02,7.144849206313953482e-01,8.388417115346371578e-01,7.679282341495371478e-01,7.654496476964340879e-01,5.554970454638956667e-01,8.287929202990628186e-01,6.438021294481687251e-01,4.638446904200245746e-01,2.447176116575448535e-01,2.283427430988548279e-01,6.859130911564448319e-01,6.243704424966070032e-01,6.774314380312576045e-01,6.869855880238248114e-01,7.965893252365707777e-01
4.843546215320169157e-01,2.159768494128096739e-01,-2.689866724769453959e-02,-2.208058740307387025e-01,-5.172577363991981425e-02,5.762739850261365815e-01,1.295350607148278710e-01,-1.545079281913037603e-02,-1.606727609209709084e-01,7.473382828738811545e-02,8.342945871982485606e-01,-4.463477011168325292e-01,8.473657378335838208e-01,-2.464888343420312267e-01,-4.897197887797034577e-01,-7.789149554138660725e-02,1.000000000000000000e+00,-3.569488315855601779e-01,-3.141757975304980688e-01,-3.287622462970363757e-01,2.823211628519369243e-01,-9.444812011306200072e-02,-1.740604824550603114e-01,-5.786822532766237176e-02,-2.353803444216870100e-01,1.293601144149156279e-01,3.677576551812975492e-01,2.534020876631979946e-01,4.583161733179704767e-01,-9.517860471416669799e-02,1.800785712611411848e-01,6.036852453717292954e-01,2.559017356715519442e-01,-2.205106648474183251e-01,-1.705564867514888783e-01,1.289255997225543793e-01,-7.819738378741028506e-02,2.104505809113087766e-01,-8.140020939687299742e-03
3.362894049352744275e-01,5.645640626854002697e-01,6.369532089724129209e-01,7.142393272281328809e-01,6.239255234412642848e-01,1.202095097259143486e-01,2.350603188095273244e-01,-3.953857310393941171e-01,7.466391656514511643e-01,6.195676209464446860e-01,-2.442304444817934017e-01,6.729533607528850325e-01,-4.268940798028342809e-01,3.874710143065765444e-01,3.783308264525352960e-01,7.159011450786751940e-01,-3.569488315855601779e-01,1.000000000000000000e+00,8.902494555289356404e-01,6.203853392642928455e-01,2.859627132379711778e-01,5.612488308542692428e-01,7.934359663913322924e-01,1.733478272739157056e-01,7.522776770734583840e-01,6.102972437813662943e-01,4.421371057255014114e-01,5.223666895812952848e-01,4.039369383126160118e-01,6.574164383163811909e-01,4.823951520390410974e-01,1.747798082147562770e-01,1.672156939178470747e-01,4.284247334924364270e-01,5.800708088994243061e-01,4.516060019072462572e-01,5.821626615136402672e-01,5.731846915392093678e-01,6.918744588141187979e-01
3.948554796066543471e-01,6.166331264802225043e-01,5.763697344510136933e-01,7.208454701012464438e-01,5.696576757829160398e-01,1.142107785728359859e-01,2.872500403417771464e-01,-3.519572161495371221e-01,7.389931820634435544e-01,7.009016839985325875e-01,-2.116487332112838016e-01,5.979265286456426631e-01,-4.020518122419441398e-01,3.604609574637004932e-01,3.367753277584316640e-01,7.936616254659081271e-01,-3.141757975304980688e-01,8.902494555289356404e-01,1.000000000000000000e+00,6.814021781276043965e-01,1.797575428295609123e-01,4.872484560194115799e-01,7.923424775000752485e-01,5.821281053889099805e-02,7.124325160797669865e-01,6.754665664807163461e-01,5.176652470147883323e-01,5.281662176849291068e-01,3.994746027297547686e-01,6.699775067413286100e-01,4.801260904654024442e-01,2.448543636799534462e-01,7.395451522258587873e-02,3.068163254012741814e-01,5.802002430826777024e-01,4.458343373018314182e-01,5.598744303962661650e-01,5.694107267145355200e-01,7.993939002830389162e-01
3.686365840521644288e-01,5.668214385844253522e-01,5.789882467380886855e-01,6.745741567195894239e-01,5.653856158968317835e-01,1.894078794153864487e-01,3.911319806694018575e-01,-3.886612660589621182e-01,6.710849917445358415e-01,6.123684725508437010e-01,-1.376938545571137762e-01,5.814458858474519376e-01,-3.141144111309714382e-01,5.547666817758241109e-01,3.318508486644926037e-01,6.666575971452101124e-01,-3.287622462970363757e-01,6.203853392642928455e-01,6.814021781276043965e-01,1.000000000000000000e+00,2.743451281557723886e-01,6.980593572395314972e-01,7.402185432750522098e-01,2.566420156784935958e-01,6.887735821832522420e-01,5.780301763966445572e-01,4.652346405293238396e-01,4.716914250685947940e-01,3.276530027158382485e-01,6.602987434199277805e-01,4.550937755317331912e-01,2.805905780759348489e-01,2.087863217919471714e-01,4.317897300468737654e-01,6.257377212644501530e-01,4.736166403761324917e-01,5.821866460886427896e-01,4.485545995846861866e-01,6.434785564192616603e-01
6.014299869935424425e-01,5.603320256128010435e-01,7.403575189168035697e-01,2.204890340085221001e-01,6.955645290661474078e-01,5.965728393728370049e-01,1.512709723311145837e-01,-4.645152108485725018e-01,5.242171599298798279e-01,4.867217712335309976e-01,2.907685131065999018e-01,2.974192076068092327e-01,3.823312103944928042e-01,5.837783108684467814e-01,3.341438578185403768e-02,3.460689271140049983e-01,2.823211628519369243e-01,2.859627132379711778e-01,1.797575428295609123e-01,2.743451281557723886e-01,1.000000000000000000e+00,7.404211490288499231e-01,4.663225983918014572e-01,5.738479696240399441e-01,5.233421724931884844e-01,3.761034310556196636e-01,4.875449668103084000e-01,5.866004320953478457e-01,5.833487365250561441e-01,6.240971087301113718e-01,6.366873586490372494e-01,5.989502646280885356e-01,8.844362113715535934e-01,5.509696094100532404e-01,4.944336116682352400e-01,7.203535264838942798e-01,5.444892674341589300e-01,6.285266060663718957e-01,2.523948495131334013e-01
5.323093294512505347e-01,6.522622182824701076e-01,8.424195912138033870e-01,5.143168214523383686e-01,8.093713991394202445e-01,4.342557674370767229e-01,3.609041982046802821e-01,-5.995322374127121101e-01,7.383662503312311554e-01,5.843097142998912030e-01,2.711796378747430986e-02,6.356424914606170207e-01,-2.213908573357144249e-02,7.628249129366213577e-01,2.638713083400210935e-01,5.261796223929195992e-01,-9.444812011306200072e-02,5.612488308542692428e-01,4.872484560194115799e-01,6.980593572395314972e-01,7.404211490288499231e-01,1.000000000000000000e+00,7.207349036405799048e-01,6.275290414827807695e-01,7.689995583160320614e-01,5.004545196812181240e-01,4.880840914218564919e-01,5.822565322415174105e-01,5.044157811468924502e-01,7.441258417899392352e-01,6.751527150502986130e-01,4.972106568670089377e-01,7.118943302423274000e-01,7.275765771280193750e-01,6.552222717352170767e-01,7.100674675196975150e-01,6.925559412462565234e-01,6.412028305277809315e-01,5.086354967739697974e-01
5.648673456682656857e-01,7.747716244352299553e-01,7.225486818253312737e-01,7.173209038043494301e-01,7.567023883043336729e-01,4.327641750251289832e-01,3.417235576813171805e-01,-4.347662376907453496e-01,8.068538565628748938e-01,8.033344476859297645e-01,-4.994964393798958374e-02,6.528463391554967243e-01,-1.744740487571944387e-01,5.787693446070760750e-01,3.021149762196835287e-01,8.433448021995435528e-01,-1.740604824550603114e-01,7.934359663913322924e-01,7.923424775000752485e-01,7.402185432750522098e-01,4.663225983918014572e-01,7.207349036405799048e-01,1.000000000000000000e+00,3.186184667918093294e-01,8.828167906052980518e-01,7.754304581230603288e-01,6.780970475100281947e-01,7.162449466429721134e-01,6.111446454526777705e-01,8.432884199223390498e-01,7.054556560749482008e-01,4.339152648638435750e-01,3.949304376448863896e-01,4.753285704895819919e-01,7.998192339793932515e-01,6.653010495421093351e-01,8.366079080846992033e-01,7.057617002476139767e-01,7.309083268519351861e-01
1.838132970429098012e-01,2.164979505628017165e-01,5.308169056362253002e-01,1.158702414211833787e-01,5.653357928508725427e-01,1.634368583078684434e-01,5.705777798563523885e-03,-3.781618819822041844e-01,3.617254987697301472e-01,1.164979811470798765e-01,4.967486004445152009e-02,4.420454979003122786e-01,5.464289640713259483e-02,7.436182534742981076e-01,2.084988026575324283e-01,5.897661658233395443e-02,-5.786822532766237176e-02,1.733478272739157056e-01,5.821281053889099805e-02,2.566420156784935958e-01,5.738479696240399441e-01,6.275290414827807695e-01,3.186184667918093294e-01,1.000000000000000000e+00,4.724622341787332869e-01,4.498755218833380004e-02,7.608053619346988317e-02,1.495989863013154064e-01,2.214962747498948059e-01,3.148288016339541029e-01,3.946668884270403965e-01,3.090838232134326402e-01,6.965265183339792721e-01,6.531250354704306593e-01,3.452532753209460736e-01,4.244798580888833328e-01,4.056599268850423767e-01,2.649160873410977834e-01,2.010029633307607033e-02
4.433182054242393311e-01,6.360783778894768536e-01,7.247560781989398349e-01,6.224058900891080715e-01,7.702094926827056653e-01,3.365347436912038970e-01,2.657099904911747745e-01,-4.146537498943013711e-01,7.473253191703354004e-01,7.147478432827716333e-01,-5.309314195154374305e-02,7.405981448066480954e-01,-1.759349043209551822e-01,6.676793925299299159e-01,4.422618792525379039e-01,7.144849206313953482e-01,-2.353803444216870100e-01,7.522776770734583840e-01,7.124325160797669865e-01,6.887735821832522420e-01,5.233421724931884844e-01,7.689995583160320614e-01,8.828167906052980518e-01,4.724622341787332869e-01,1.000000000000000000e+00,6.174553987889725981e-01,5.416212082751651335e-01,6.230139440822519692e-01,5.221755675327568458e-01,7.659742783793656029e-01,7.269033263459915295e-01,4.018357124718561213e-01,4.966116654820462717e-01,5.710415225539485773e-01,7.496423753647316612e-01,6.336936737531277952e-01,8.011134149992783504e-01,6.281517535658966978e-01,6.020050749574651361e-01
7.494208153207677636e-01,8.397345459472655982e-01,6.016811581960894717e-01,7.190411876590521167e-01,6.536953245279337743e-01,5.143025456906534787e-01,4.120568143786632054e-01,-4.469146795894965996e-01,7.112970541530240220e-01,8.127218313167933195e-01,2.126587999467581536e-01,3.960133809261430771e-01,-3.215772600904954256e-03,3.339677150240288328e-01,1.777853599288660713e-01,8.388417115346371578e-01,1.293601144149156279e-01,6.102972437813662943e-01,6.754665664807163461e-01,5.780301763966445572e-01,3.761034310556196636e-01,5.004545196812181240e-01,7.754304581230603288e-01,4.498755218833380004e-02,6.174553987889725981e-01,1.000000000000000000e+00,8.463886821848178865e-01,8.481219766904679602e-01,7.618531864431297151e-01,7.543214390119635793e-01,6.010128604522759765e-01,6.091040964475221697e-01,2.678408961838833480e-01,2.670487681978365724e-01,6.460505887361008837e-01,6.532409528537866938e-01,6.928807168279224049e-01,7.367354301667077277e-01,7.639867899822874175e-01
7.780703142630293057e-01,7.963538132880354503e-01,5.476960579390334205e-01,4.842355781612747156e-01,5.857069873780316183e-01,6.306582803398763648e-01,4.165436156719697913e-01,-4.448301977652411310e-01,5.470341257832881388e-01,8.329732300536256684e-01,3.901604657587516845e-01,2.786186008324185726e-01,3.180759347974096429e-01,2.808583197274511223e-01,1.358788489966473306e-02,7.679282341495371478e-01,3.677576551812975492e-01,4.421371057255014114e-01,5.176652470147883323e-01,4.652346405293238396e-01,4.875449668103084000e-01,4.880840914218564919e-01,6.780970475100281947e-01,7.608053619346988317e-02,5.416212082751651335e-01,8.463886821848178865e-01,1.000000000000000000e+00,8.587178667938182297e-01,7.335344376924786136e-01,7.269305396628933380e-01,7.617897894174170403e-01,7.352122156521475604e-01,3.915920801217230296e-01,1.240941042013867512e-01,5.907572060197660013e-01,6.626546739942885678e-01,6.275418403704384751e-01,7.396396699781816464e-01,6.682216427840759199e-01
7.741117845551565013e-01,7.956314767565237922e-01,6.410459008751391297e-01,6.038608205856313971e-01,6.846129488007760555e-01,6.280968472466160746e-01,4.805017785318294599e-01,-4.620492808045056354e-01,6.527610310882452360e-01,7.976521035326437081e-01,3.193169833290922521e-01,3.826685231362834116e-01,2.074395278626054995e-01,3.867389038837940052e-01,1.337975276764483690e-01,7.654496476964340879e-01,2.534020876631979946e-01,5.223666895812952848e-01,5.281662176849291068e-01,4.716914250685947940e-01,5.866004320953478457e-01,5.822565322415174105e-01,7.162449466429721134e-01,1.495989863013154064e-01,6.230139440822519692e-01,8.481219766904679602e-01,8.587178667938182297e-01,1.000000000000000000e+00,7.905889795788770824e-01,7.599027934240453197e-01,7.369112246992385318e-01,7.030184698587041980e-01,4.868358440561718070e-01,3.261153895354021448e-01,6.282911949237974802e-01,7.265102523039894677e-01,6.781466685360295621e-01,8.122812260147304064e-01,6.560939457662940955e-01
8.474249386094261371e-01,8.133955902955913864e-01,6.427068463297492817e-01,5.282731262615453227e-01,6.546105234523260652e-01,7.400372266317059022e-01,2.975631557399363025e-01,-3.980219307301143816e-01,6.554282159132385210e-01,5.975901723021275203e-01,5.177306510728240108e-01,2.009518425325465263e-01,3.399420597926778309e-01,3.316391215357780142e-01,-9.587190693520174223e-02,5.554970454638956667e-01,4.583161733179704767e-01,4.039369383126160118e-01,3.994746027297547686e-01,3.276530027158382485e-01,5.833487365250561441e-01,5.044157811468924502e-01,6.111446454526777705e-01,2.214962747498948059e-01,5.221755675327568458e-01,7.618531864431297151e-01,7.335344376924786136e-01,7.905889795788770824e-01,1.000000000000000000e+00,5.849584940419776391e-01,5.663780621161820239e-01,7.712439866102144270e-01,5.272958688484844503e-01,4.140260812798625678e-01,5.150917241186108164e-01,6.683305204668708033e-01,6.588103314640215702e-01,7.677215975018321092e-01,5.786789710424836697e-01
6.465631459893956823e-01,7.756271644362542350e-01,7.521357157764931856e-01,5.769963209953347105e-01,7.918678804822878448e-01,4.529816055336560177e-01,2.912897597419202289e-01,-5.217266950408331327e-01,7.662421845658242692e-01,8.322018280214706909e-01,-3.493703125728748506e-03,5.938956091232955314e-01,-3.216462613398581027e-02,6.264852843241646152e-01,2.948048193772894177e-01,8.287929202990628186e-01,-9.517860471416669799e-02,6.574164383163811909e-01,6.699775067413286100e-01,6.602987434199277805e-01,6.240971087301113718e-01,7.441258417899392352e-01,8.432884199223390498e-01,3.148288016339541029e-01,7.659742783793656029e-01,7.543214390119635793e-01,7.269305396628933380e-01,7.599027934240453197e-01,5.849584940419776391e-01,1.000000000000000000e+00,7.362840677048135829e-01,5.120614896150846862e-01,5.398727247236587701e-01,4.550529108772901621e-01,7.478171263212498587e-01,7.868437714827142271e-01,7.640454292896289301e-01,7.565604907770479004e-01,6.831298845717256318e-01
5.840715551631556757e-01,6.556806264424500652e-01,6.237641816480562484e-01,3.455878122648939343e-01,6.711836786309637315e-01,5.519706080836962458e-01,3.689503769091084240e-01,-4.667105786649083377e-01,5.280474032598830858e-01,7.833887215970947171e-01,2.337900215704467599e-01,5.653722733655744959e-01,2.759924283442677928e-01,5.639761074491078663e-01,2.264693675542804596e-01,6.438021294481687251e-01,1.800785712611411848e-01,4.823951520390410974e-01,4.801260904654024442e-01,4.550937755317331912e-01,6.366873586490372494e-01,6.751527150502986130e-01,7.054556560749482008e-01,3.946668884270403965e-01,7.269033263459915295e-01,6.010128604522759765e-01,7.617897894174170403e-01,7.369112246992385318e-01,5.663780621161820239e-01,7.362840677048135829e-01,1.000000000000000000e+00,6.447825722438605967e-01,6.195179544905907720e-01,3.198551726470378331e-01,6.388882308425015699e-01,6.543423744440410861e-01,6.904910082273494343e-01,6.870104620187886812e-01,5.113075835173886974e-01
8.331027603150569227e-01,7.098307536732981760e-01,5.521382248302587614e-01,2.917235781033882813e-01,5.757555038497296218e-01,6.681975539759537064e-01,3.102814914007183678e-01,-4.487897321011164453e-01,4.820622419621324872e-01,5.921641286371976953e-01,6.753661976906715214e-01,1.665329152982614747e-01,5.412255947562953917e-01,3.979725012884669511e-01,-7.005578685126397087e-02,4.638446904200245746e-01,6.036852453717292954e-01,1.747798082147562770e-01,2.448543636799534462e-01,2.805905780759348489e-01,5.989502646280885356e-01,4.972106568670089377e-01,4.339152648638435750e-01,3.090838232134326402e-01,4.018357124718561213e-01,6.091040964475221697e-01,7.352122156521475604e-01,7.030184698587041980e-01,7.712439866102144270e-01,5.120614896150846862e-01,6.447825722438605967e-01,1.000000000000000000e+00,6.004518988163325410e-01,3.028627871650950709e-01,3.920381674153226581e-01,6.593187239785250897e-01,4.908356277218825503e-01,7.001815563748732263e-01,5.249957976874941590e-01
5.271641367626441754e-01,4.796216182927034444e-01,7.061189444376885227e-01,1.506059537114812219e-01,7.121040879002675794e-01,4.965551655641823880e-01,9.425234918855510124e-02,-4.247516696577477435e-01,4.887513056953274870e-01,3.898531461682979149e-01,2.982982876155856333e-01,3.436274799054524487e-01,3.931616874517507854e-01,6.829221404020680009e-01,9.399969526907168971e-02,2.447176116575448535e-01,2.559017356715519442e-01,1.672156939178470747e-01,7.395451522258587873e-02,2.087863217919471714e-01,8.844362113715535934e-01,7.118943302423274000e-01,3.949304376448863896e-01,6.965265183339792721e-01,4.966116654820462717e-01,2.678408961838833480e-01,3.915920801217230296e-01,4.868358440561718070e-01,5.272958688484844503e-01,5.398727247236587701e-01,6.195179544905907720e-01,6.004518988163325410e-01,1.000000000000000000e+00,6.477697375445797823e-01,4.683387245750196826e-01,6.714377688199351102e-01,5.317912874185036776e-01,5.600414816832457454e-01,1.548747403690616808e-01
3.738610340834791490e-01,4.515020315827207864e-01,7.657591458350762048e-01,4.673344806922631878e-01,7.421483640783236302e-01,1.661536608770725898e-01,1.369835663140986093e-01,-4.648565618835661106e-01,7.253125504116826328e-01,2.062593080469048989e-01,-1.051414130570405836e-01,5.697839402773120510e-01,-2.032457312749443301e-01,6.926728522649060471e-01,2.638618117739707225e-01,2.283427430988548279e-01,-2.205106648474183251e-01,4.284247334924364270e-01,3.068163254012741814e-01,4.317897300468737654e-01,5.509696094100532404e-01,7.275765771280193750e-01,4.753285704895819919e-01,6.531250354704306593e-01,5.710415225539485773e-01,2.670487681978365724e-01,1.240941042013867512e-01,3.261153895354021448e-01,4.140260812798625678e-01,4.550529108772901621e-01,3.198551726470378331e-01,3.028627871650950709e-01,6.477697375445797823e-01,1.000000000000000000e+00,4.240819657312160929e-01,5.369491856160863996e-01,4.997465336562449956e-01,5.125789031506796656e-01,3.318931154915949477e-01
4.747815348053573969e-01,6.558353626448503171e-01,6.393925785853121768e-01,5.444026311344758451e-01,6.555479113839871586e-01,4.611221959450277352e-01,1.535571332923126031e-01,-3.641770883403236958e-01,6.621634432830506567e-01,6.850757430236167345e-01,-3.174446628545909976e-02,4.789341682279201762e-01,-6.716591447773107015e-02,6.333879541835139015e-01,1.707695801347084430e-01,6.859130911564448319e-01,-1.705564867514888783e-01,5.800708088994243061e-01,5.802002430826777024e-01,6.257377212644501530e-01,4.944336116682352400e-01,6.552222717352170767e-01,7.998192339793932515e-01,3.452532753209460736e-01,7.496423753647316612e-01,6.460505887361008837e-01,5.907572060197660013e-01,6.282911949237974802e-01,5.150917241186108164e-01,7.478171263212498587e-01,6.388882308425015699e-01,3.920381674153226581e-01,4.683387245750196826e-01,4.240819657312160929e-01,1.000000000000000000e+00,6.314657757677664129e-01,8.963377070750992992e-01,5.466142454957648722e-01,5.108351373173841692e-01
7.571722869341808160e-01,7.668027271507884546e-01,7.565176217877123133e-01,4.225125833875744141e-01,7.712638325891364444e-01,5.238462865213678876e-01,2.022963745598956031e-01,-5.425555861766958587e-01,7.234605620114691327e-01,6.766344817662367506e-01,1.760004508092451458e-01,4.145454855491138568e-01,1.478370477081584478e-01,6.398899970888969335e-01,1.094053237398140421e-01,6.243704424966070032e-01,1.289255997225543793e-01,4.516060019072462572e-01,4.458343373018314182e-01,4.736166403761324917e-01,7.203535264838942798e-01,7.100674675196975150e-01,6.653010495421093351e-01,4.244798580888833328e-01,6.336936737531277952e-01,6.532409528537866938e-01,6.626546739942885678e-01,7.265102523039894677e-01,6.683305204668708033e-01,7.868437714827142271e-01,6.543423744440410861e-01,6.593187239785250897e-01,6.714377688199351102e-01,5.369491856160863996e-01,6.314657757677664129e-01,1.000000000000000000e+00,6.751680029989366449e-01,7.986808925107566903e-01,6.033115954305043882e-01
5.738639034010245554e-01,7.393715975984817002e-01,6.840082971792690314e-01,5.702524495717649078e-01,7.243583214218324295e-01,5.632397965292533781e-01,1.873124453945803070e-01,-3.879703967233043560e-01,7.163615254936056553e-01,6.909122736298621836e-01,6.625281181078369885e-02,5.139054943663291519e-01,-7.372153828296865337e-03,6.404268170759050971e-01,1.720027512855624718e-01,6.774314380312576045e-01,-7.819738378741028506e-02,5.821626615136402672e-01,5.598744303962661650e-01,5.821866460886427896e-01,5.444892674341589300e-01,6.925559412462565234e-01,8.366079080846992033e-01,4.056599268850423767e-01,8.011134149992783504e-01,6.928807168279224049e-01,6.275418403704384751e-01,6.781466685360295621e-01,6.588103314640215702e-01,7.640454292896289301e-01,6.904910082273494343e-01,4.908356277218825503e-01,5.317912874185036776e-01,4.997465336562449956e-01,8.963377070750992992e-01,6.751680029989366449e-01,1.000000000000000000e+00,6.253705158883930970e-01,5.319892606849067063e-01
8.408117529566704329e-01,8.447854475238891769e-01,7.523581462741232295e-01,5.203888774998230993e-01,7.502858260712825800e-01,5.332197909679172732e-01,3.491207002977330109e-01,-5.136912482675713987e-01,7.821836213188503306e-01,7.109237251394823209e-01,2.208970361008247840e-01,4.589495145775719931e-01,1.195817225339415174e-01,4.761460380178432206e-01,8.115638481182278763e-02,6.869855880238248114e-01,2.104505809113087766e-01,5.731846915392093678e-01,5.694107267145355200e-01,4.485545995846861866e-01,6.285266060663718957e-01,6.412028305277809315e-01,7.057617002476139767e-01,2.649160873410977834e-01,6.281517535658966978e-01,7.367354301667077277e-01,7.396396699781816464e-01,8.122812260147304064e-01,7.677215975018321092e-01,7.565604907770479004e-01,6.870104620187886812e-01,7.001815563748732263e-01,5.600414816832457454e-01,5.125789031506796656e-01,5.466142454957648722e-01,7.986808925107566903e-01,6.253705158883930970e-01,1.000000000000000000e+00,7.623095000620059292e-01
6.935330741239666974e-01,7.910207203425527744e-01,6.026815267754754846e-01,6.716299405286695334e-01,5.972017568730417780e-01,3.104843330539312496e-01,3.825984826411551465e-01,-4.564213836575384264e-01,7.730381372982033650e-01,7.398355794605014912e-01,5.737864933375043386e-02,4.752363053032366835e-01,-1.668138882631684250e-01,3.238508185104144732e-01,1.346831420186973272e-01,7.965893252365707777e-01,-8.140020939687299742e-03,6.918744588141187979e-01,7.993939002830389162e-01,6.434785564192616603e-01,2.523948495131334013e-01,5.086354967739697974e-01,7.309083268519351861e-01,2.010029633307607033e-02,6.020050749574651361e-01,7.639867899822874175e-01,6.682216427840759199e-01,6.560939457662940955e-01,5.786789710424836697e-01,6.831298845717256318e-01,5.113075835173886974e-01,5.249957976874941590e-01,1.548747403690616808e-01,3.318931154915949477e-01,5.108351373173841692e-01,6.033115954305043882e-01,5.319892606849067063e-01,7.623095000620059292e-01,1.000000000000000000e+00
