1.000000000000000000e+00,8.340204660851672225e-01,7.003544162782783244e-01,-2.335412640061712009e-01,4.517380863447819639e-01,-1.129183496473671749e-01,-2.365379059148134955e-01,-7.284978291790391580e-01,5.941734152831916749e-01,3.496075743674241232e-01,1.684392149746065381e-01,2.830543936971760544e-01,-3.606032544006646523e-01,6.054005862392758397e-01,1.008946258777525390e-01,4.454799576846472653e-01,5.841063394268938141e-02,-2.340141232816129666e-02,-1.368459492761733148e-02,-3.529880204516279707e-01,1.784490017329358469e-01,1.845988616068148513e-01,6.308293248199755565e-01,6.499328890903580680e-01,2.133233385710510410e-01,4.953801809347174734e-01,4.918432731397789359e-01,3.591900530030339156e-01,6.920134345416482091e-01,7.633230667947963344e-01,3.202807989987987436e-01,3.515830300063166325e-01,4.682530762500286547e-01,3.500352444068524638e-01,2.898203097049004140e-01,3.079845096219148148e-01,6.316628070990430721e-02,5.913143220023012736e-01,5.351613369489365279e-01
8.340204660851672225e-01,1.000000000000000000e+00,5.862673470604669035e-01,-4.082535505547654764e-02,6.145011341369679414e-01,6.319429138543519731e-02,-2.739906506970217759e-01,-7.237116495342511557e-01,7.196412476338880371e-01,5.253552645268263488e-01,3.152775961482520151e-01,4.727877708071351326e-01,-1.786808338591429346e-01,7.036788074436248763e-01,3.233179355255137999e-01,5.997743836564844999e-01,1.920634495855600143e-01,2.019708360349371234e-01,1.710742801551295156e-01,-2.782918513624797474e-01,-9.229189028523957991e-03,2.923939126473625028e-02,6.603108124222107911e-01,7.153085885390108034e-01,4.312220401255646984e-01,3.250908459040972587e-01,4.331525310204997758e-01,1.684629709865466951e-01,5.849590927930435891e-01,7.805371554067213058e-01,1.588458766582544479e-01,4.441729544914474470e-01,5.661667167731551098e-01,4.991514524049478485e-01,1.567834075059186261e-01,4.866890420569861542e-01,2.473330736844647215e-01,7.331929117160600473e-01,7.287395322493077643e-01
7.003544162782783244e-01,5.862673470604669035e-01,1.000000000000000000e+00,-4.281710007156938613e-01,3.220987618364026250e-01,-2.969258842554608480e-01,-1.166233492949950434e-01,-7.492142412743616475e-01,4.869214159360042982e-01,1.364112695085088200e-01,4.676385343285572455e-02,1.075678627445150193e-01,-5.803546447382135209e-01,4.736169559814673025e-01,-1.061641397113605584e-01,2.102291380998725923e-01,-1.066185277568125200e-01,-1.959327763651944609e-01,-1.225971910005993065e-01,-5.105419620150973836e-01,4.186370165230097196e-01,3.626614278964465643e-01,4.592473519194629206e-01,4.861493041393998848e-01,1.741017596731908590e-02,6.571833752890700042e-01,6.533249013257730331e-01,6.046117740200830371e-01,6.934012258053759981e-01,6.426166536276461949e-01,5.624438835601887066e-01,3.263827987986667734e-01,3.744125678191027595e-01,1.876154306375059644e-01,4.686334279210549458e-01,8.134910574712379827e-02,8.303334643384048530e-02,3.938895415654924403e-01,3.568637352162261078e-01
-2.335412640061712009e-01,-4.082535505547654764e-02,-4.281710007156938613e-01,1.000000000000000000e+00,4.773043250015638339e-01,6.809928888305605277e-01,2.102440867765223986e-01,9.229726032873744601e-02,2.700833273037820392e-01,5.898652604391659837e-01,3.871313921859533824e-01,5.568463297730036343e-01,8.133819480572107574e-01,1.333305384020797568e-01,6.394232257531697883e-01,5.759388434034972137e-01,5.148226929891863701e-01,7.550390359278066343e-01,7.243383524618692837e-01,6.110955513726956667e-01,-7.878195401143109899e-01,-6.794160033933545062e-01,-2.084287772287289273e-02,1.154711386637263804e-01,6.321781052417917435e-01,-7.750157174614451527e-01,-5.214994474181458006e-01,-7.964251532248204368e-01,-4.850056985517446351e-01,-1.249774808842191443e-01,-8.060595990442750436e-01,1.521591499810645842e-01,1.111429578227099285e-01,5.001120603900448547e-01,-6.148508685842870580e-01,5.001693556374854355e-01,3.602336913142084596e-01,2.421971015384626058e-01,3.283750792763684423e-01
4.517380863447819639e-01,6.145011341369679414e-01,3.220987618364026250e-01,4.773043250015638339e-01,1.000000000000000000e+00,5.693414706200284892e-01,-2.928770084788984152e-01,-6.921942563490816047e-01,8.371459660359614752e-01,7.920842709044338958e-01,6.561314966845717134e-01,7.543464218186307635e-01,3.224229126835669867e-01,7.808989432743125292e-01,7.466676027626483192e-01,8.000239259387389446e-01,5.977097852938185740e-01,7.044571737242215637e-01,6.797424512678993391e-01,4.344645224798179134e-02,-5.679026273217128162e-01,-5.481895239068232950e-01,5.882626657314267149e-01,7.138047781557674831e-01,7.535082513549892225e-01,-2.593382891883532215e-01,-8.883671802120349237e-02,-3.846085151040380956e-01,1.383438641664614388e-01,4.139068556482891070e-01,-3.698060312097397051e-01,5.108363273953587802e-01,6.582764108703356154e-01,8.832922777337630649e-01,-2.445809775680218012e-01,7.403481475131886702e-01,4.015559086953209844e-01,7.701809453985100085e-01,8.483317744648004588e-01
-1.129183496473671749e-01,6.319429138543519731e-02,-2.969258842554608480e-01,6.809928888305605277e-01,5.693414706200284892e-01,1.000000000000000000e+00,-2.847129786261715645e-01,-1.533730502951896613e-01,3.921894617218162904e-01,7.256286728445155987e-01,8.236030979031193633e-01,4.446401260249417953e-01,7.623771090264115369e-01,4.291775949613266250e-01,7.653507946587826405e-01,6.110241832227520931e-01,8.948990617929453162e-01,8.844659410477681005e-01,8.684386988973664678e-01,4.332712341059411498e-01,-9.019857446295175274e-01,-8.709821265441858307e-01,4.078025615666255876e-01,3.356139024795951609e-01,7.509478289956740271e-01,-7.125793407350085040e-01,-6.837333147033597402e-01,-8.476076420401611466e-01,-2.239489463682654558e-01,-2.057360458105382262e-01,-8.243932009458864174e-01,4.918851088957336692e-01,5.286981243284374354e-01,6.325131704214325135e-01,-3.058143416391170266e-01,7.465517854213896687e-01,5.374571907691908512e-01,4.150898623414271404e-01,5.032481965359796305e-01
-2.365379059148134955e-01,-2.739906506970217759e-01,-1.166233492949950434e-01,2.102440867765223986e-01,-2.928770084788984152e-01,-2.847129786261715645e-01,1.000000000000000000e+00,4.302455233191911366e-01,-3.906445690873134868e-01,-2.351725315407524608e-01,-4.911018610928550854e-01,-2.558474291670047029e-01,-6.708387667222663088e-03,-4.430372066814865506e-01,-3.503453638990547403e-01,-1.935191475846957110e-01,-4.135294864635098988e-01,-2.343106044209496419e-01,-2.328417285092711508e-01,3.384085542972559146e-01,2.162628301144716991e-01,3.312058217619999745e-01,-5.381282602954319261e-01,-3.577610558263966678e-01,-1.995774093998019527e-01,-2.673647761573778175e-02,1.812931300700131587e-01,1.206630151355654046e-01,-1.681036713460127840e-01,-3.291486375620956278e-02,9.232101120847167885e-02,-2.191598787900060907e-01,-4.460143374914614656e-01,-4.011995164730838836e-01,-3.901412053513264588e-02,-3.447899035120219891e-01,5.101568369475674436e-02,-4.121445127972448441e-01,-4.536676469959393110e-01
-7.284978291790391580e-01,-7.237116495342511557e-01,-7.492142412743616475e-01,9.229726032873744601e-02,-6.921942563490816047e-01,-1.533730502951896613e-01,4.302455233191911366e-01,1.000000000000000000e+00,-7.848149917889902794e-01,-5.190275013810593530e-01,-4.545961805266209854e-01,-4.152114220047146143e-01,1.786268898205332634e-01,-7.423666157240093044e-01,-3.240737018567908523e-01,-5.608679253732065106e-01,-3.226572060134598185e-01,-2.545159110959773208e-01,-3.060081896237192289e-01,3.861827440566477088e-01,8.719156805648942132e-02,1.565718003158988181e-01,-7.222247857189656450e-01,-7.240918467825919747e-01,-4.143867553425134576e-01,-2.527966209048985724e-01,-2.518762887136000717e-01,-1.342626810924970604e-01,-4.811271836809800639e-01,-6.007321830379442895e-01,-1.129708168017369840e-01,-4.096038127018358233e-01,-5.862274277485602925e-01,-6.392358340767970715e-01,-1.123762217526631246e-01,-4.701799724564213467e-01,-1.405283637019145160e-01,-6.957099633295446006e-01,-7.178386950298918379e-01
5.941734152831916749e-01,7.196412476338880371e-01,4.869214159360042982e-01,2.700833273037820392e-01,8.371459660359614752e-01,3.921894617218162904e-01,-3.906445690873134868e-01,-7.848149917889902794e-01,1.000000000000000000e+00,7.547887262151825594e-01,5.770306386847817715e-01,7.083765374836190620e-01,1.227379858720186734e-01,8.050546369608322372e-01,6.073534056927590852e-01,7.789679832254871039e-01,4.622596651112876875e-01,5.628774761473607224e-01,5.614863835318296692e-01,-9.919585853131172859e-02,-3.746715469477376881e-01,-3.854606730103353751e-01,6.875316098171413426e-01,7.662339537861323491e-01,7.069398863779532416e-01,-4.581277291926470069e-02,1.380243501202935152e-01,-1.686506568068641410e-01,2.565114541913648405e-01,5.886244837417340392e-01,-1.583430298580806583e-01,4.633516045826377439e-01,6.231766249192851603e-01,8.301083972363811903e-01,-1.489130976839971587e-01,6.480416514488047675e-01,3.405900084695999142e-01,7.914536577855024735e-01,8.838135959790909268e-01
3.496075743674241232e-01,5.253552645268263488e-01,1.364112695085088200e-01,5.898652604391659837e-01,7.920842709044338958e-01,7.256286728445155987e-01,-2.351725315407524608e-01,-5.190275013810593530e-01,7.547887262151825594e-01,1.000000000000000000e+00,7.532185561427584553e-01,6.589924451779056724e-01,5.180633999805173140e-01,7.075508819324105581e-01,7.721211101917040409e-01,8.982080068345955626e-01,7.098541611875289759e-01,8.212857173867159633e-01,8.036187160845683630e-01,2.576179143348304446e-01,-6.941583580119363717e-01,-6.449802507253136197e-01,6.031215753608063501e-01,6.789904430980387984e-01,8.800939144081558752e-01,-4.278110982898008507e-01,-2.242565480465876226e-01,-5.451453726738054728e-01,5.063082879870160757e-02,3.760682571633295335e-01,-5.414253833523706705e-01,5.689491125177661424e-01,5.953113494792396931e-01,7.867154908214284426e-01,-2.566534992364413181e-01,8.195310878986502567e-01,6.085302417908265982e-01,6.758154344531139834e-01,7.686888899015021925e-01
1.684392149746065381e-01,3.152775961482520151e-01,4.676385343285572455e-02,3.871313921859533824e-01,6.561314966845717134e-01,8.236030979031193633e-01,-4.911018610928550854e-01,-4.545961805266209854e-01,5.770306386847817715e-01,7.532185561427584553e-01,1.000000000000000000e+00,4.711028016200970447e-01,4.893827274448962483e-01,6.348206598772532239e-01,7.490290659192334610e-01,6.393518019202639735e-01,9.022770048408630394e-01,7.767147019812264963e-01,7.803282450278875571e-01,1.705726843001405257e-01,-7.002771899562875157e-01,-7.415501740623520188e-01,6.451615771271389521e-01,5.933563382640447692e-01,7.094122046546127436e-01,-3.881690047814824740e-01,-4.563120399947687700e-01,-5.825354508294802169e-01,9.765021931529763166e-02,4.859653925060079122e-02,-5.689941435294145755e-01,6.702172733903247748e-01,6.976845825379835997e-01,6.689001105987473217e-01,-3.596112110591623973e-02,8.024346665249504351e-01,5.434750759082227489e-01,6.109359620633572074e-01,6.530927114673636957e-01
2.830543936971760544e-01,4.727877708071351326e-01,1.075678627445150193e-01,5.568463297730036343e-01,7.543464218186307635e-01,4.446401260249417953e-01,-2.558474291670047029e-01,-4.152114220047146143e-01,7.083765374836190620e-01,6.589924451779056724e-01,4.711028016200970447e-01,1.000000000000000000e+00,4.125065135041826037e-01,5.574443414201356584e-01,7.869274275400033325e-01,7.096080953094591193e-01,4.275723349634824033e-01,6.444229765434207335e-01,6.065382337526009637e-01,1.579273935427475406e-01,-5.056104821481202105e-01,-4.717245169866386423e-01,3.026691920073648068e-01,5.526766261651444578e-01,6.200020569728936781e-01,-2.958316040762701826e-01,-6.803395258647268462e-02,-3.931843574237108285e-01,-3.267505303830281482e-02,3.926266102157342508e-01,-4.083652236473828689e-01,3.534381074719013527e-01,3.861935269769271595e-01,7.080747600351580129e-01,-3.916799737887358135e-01,5.930413986136917615e-01,2.464758234716178387e-01,6.514325818031544424e-01,7.366305409585454100e-01
-3.606032544006646523e-01,-1.786808338591429346e-01,-5.803546447382135209e-01,8.133819480572107574e-01,3.224229126835669867e-01,7.623771090264115369e-01,-6.708387667222663088e-03,1.786268898205332634e-01,1.227379858720186734e-01,5.180633999805173140e-01,4.893827274448962483e-01,4.125065135041826037e-01,1.000000000000000000e+00,5.070959612787805798e-02,6.545396086663720636e-01,4.673847739721613825e-01,6.297640659209835512e-01,7.648660785701263398e-01,7.471646382465211289e-01,5.894386726731333237e-01,-8.402318905031218588e-01,-7.575005632280544798e-01,2.425878464496454209e-02,7.562263054851059429e-02,5.569668348139875658e-01,-8.182251200248363832e-01,-7.377978658125583511e-01,-8.959554253882634489e-01,-5.275766773368527618e-01,-2.987906730816760059e-01,-9.262221183311966088e-01,1.406327422478058087e-01,6.022771882202045818e-02,3.767504718170924805e-01,-5.612313324003963544e-01,5.136600997661353585e-01,2.660318314779712701e-01,1.969224325746042059e-01,2.456148189634578816e-01
6.054005862392758397e-01,7.036788074436248763e-01,4.736169559814673025e-01,1.333305384020797568e-01,7.808989432743125292e-01,4.291775949613266250e-01,-4.430372066814865506e-01,-7.423666157240093044e-01,8.050546369608322372e-01,7.075508819324105581e-01,6.348206598772532239e-01,5.574443414201356584e-01,5.070959612787805798e-02,1.000000000000000000e+00,5.694400739334556372e-01,6.873235404704108875e-01,5.080426659078358664e-01,5.326346144679731109e-01,5.057292244689044480e-01,-1.366748583364995051e-01,-3.506413788365697615e-01,-3.336140834108978770e-01,7.486558188489579324e-01,7.886368405515701285e-01,6.742224488361804324e-01,-3.689111158148727747e-03,1.230864356974645524e-01,-1.391299453852990198e-01,4.309918150454976615e-01,5.499444983189464287e-01,-9.782209951762278755e-02,6.352357794690426385e-01,7.785374620114889899e-01,7.379708000083231578e-01,3.128375019231371262e-02,6.390078707333928243e-01,4.623655412717129209e-01,7.039675657327630898e-01,8.054969908009472768e-01
1.008946258777525390e-01,3.233179355255137999e-01,-1.061641397113605584e-01,6.394232257531697883e-01,7.466676027626483192e-01,7.653507946587826405e-01,-3.503453638990547403e-01,-3.240737018567908523e-01,6.073534056927590852e-01,7.721211101917040409e-01,7.490290659192334610e-01,7.869274275400033325e-01,6.545396086663720636e-01,5.694400739334556372e-01,1.000000000000000000e+00,7.188455527467848549e-01,7.428070026805095871e-01,8.616634885597586058e-01,8.194286385344676793e-01,3.402433613649087363e-01,-7.733866556449918717e-01,-7.393315185836905057e-01,3.999113465529360312e-01,5.311056454263303195e-01,7.448076609365740230e-01,-5.201235772380754518e-01,-4.342702051514611417e-01,-6.798877548061204035e-01,-1.005642921414418856e-01,1.399321084636265533e-01,-6.821703385835423683e-01,5.054066380315350715e-01,5.198699950187289920e-01,7.326857830030339969e-01,-3.602194251524094004e-01,7.848218112620306552e-01,4.281157125383207585e-01,6.698358669805070109e-01,7.002422248067756705e-01
4.454799576846472653e-01,5.997743836564844999e-01,2.102291380998725923e-01,5.759388434034972137e-01,8.000239259387389446e-01,6.110241832227520931e-01,-1.935191475846957110e-01,-5.608679253732065106e-01,7.789679832254871039e-01,8.982080068345955626e-01,6.393518019202639735e-01,7.096080953094591193e-01,4.673847739721613825e-01,6.873235404704108875e-01,7.188455527467848549e-01,1.000000000000000000e+00,6.138149178811315165e-01,7.354702753587158970e-01,7.327667554763354074e-01,1.759545955463944766e-01,-6.109154024505408787e-01,-5.603295979910383195e-01,6.055617847956697997e-01,7.055359709609665408e-01,8.256186936536886734e-01,-3.331706905877781510e-01,-1.222639134973299707e-01,-4.570221779695695652e-01,9.605035320447326275e-02,4.618450604348202648e-01,-4.799997874818504595e-01,4.878019002447003261e-01,5.402105183022229973e-01,7.663884583199696010e-01,-2.799668453081095576e-01,7.794327235414302280e-01,4.718217123084494369e-01,7.188887245325537023e-01,7.828832468759587826e-01
5.841063394268938141e-02,1.920634495855600143e-01,-1.066185277568125200e-01,5.148226929891863701e-01,5.977097852938185740e-01,8.948990617929453162e-01,-4.135294864635098988e-01,-3.226572060134598185e-01,4.622596651112876875e-01,7.098541611875289759e-01,9.022770048408630394e-01,4.275723349634824033e-01,6.297640659209835512e-01,5.080426659078358664e-01,7.428070026805095871e-01,6.138149178811315165e-01,1.000000000000000000e+00,8.082784384725363314e-01,8.206223704676692821e-01,2.887974652872303816e-01,-7.975440971979147475e-01,-8.136404215394253958e-01,5.721206222656013418e-01,4.625884924051874569e-01,6.904500795790131651e-01,-5.012642599380521258e-01,-6.068635373424233759e-01,-7.115505887511498484e-01,-3.157239685016746070e-03,-1.198368227177902534e-01,-7.170399589204520252e-01,5.954858169818483260e-01,6.363429555397552839e-01,6.311819767569462059e-01,-1.226571280441548090e-01,7.987216461310082671e-01,4.872238068544678669e-01,5.580812871739004866e-01,5.742205490917274835e-01
-2.340141232816129666e-02,2.019708360349371234e-01,-1.959327763651944609e-01,7.550390359278066343e-01,7.044571737242215637e-01,8.844659410477681005e-01,-2.343106044209496419e-01,-2.545159110959773208e-01,5.628774761473607224e-01,8.212857173867159633e-01,7.767147019812264963e-01,6.444229765434207335e-01,7.648660785701263398e-01,5.326346144679731109e-01,8.616634885597586058e-01,7.354702753587158970e-01,8.082784384725363314e-01,1.000000000000000000e+00,9.166581833440106131e-01,4.242617170975332419e-01,-8.900221937631740410e-01,-8.287800419317341571e-01,3.975625435877789826e-01,4.452316983482122459e-01,8.501485277416724884e-01,-6.918386202145366815e-01,-5.398251444374490005e-01,-8.107660968448823224e-01,-2.309714514823670017e-01,9.420392182486435340e-03,-7.863717406814763056e-01,4.856475848195263567e-01,5.027006333260386484e-01,7.366995079705745963e-01,-4.176270065727478165e-01,7.746100239188963288e-01,5.476071229960750575e-01,5.400133751588768183e-01,6.425883533587983809e-01
-1.368459492761733148e-02,1.710742801551295156e-01,-1.225971910005993065e-01,7.243383524618692837e-01,6.797424512678993391e-01,8.684386988973664678e-01,-2.328417285092711508e-01,-3.060081896237192289e-01,5.614863835318296692e-01,8.036187160845683630e-01,7.803282450278875571e-01,6.065382337526009637e-01,7.471646382465211289e-01,5.057292244689044480e-01,8.194286385344676793e-01,7.327667554763354074e-01,8.206223704676692821e-01,9.166581833440106131e-01,1.000000000000000000e+00,4.023346839982978040e-01,-8.612385092729859526e-01,-8.236946888766452091e-01,4.039744543540046418e-01,4.379104578330874631e-01,7.947131434368135405e-01,-6.546436529376056246e-01,-5.446757098244117135e-01,-7.710958468602220339e-01,-2.077427788001439124e-01,-8.653671617131130853e-03,-7.789694042802450813e-01,4.853877076900368626e-01,4.716414452352274966e-01,7.131249516512655484e-01,-3.769489885753247171e-01,7.532235317208088032e-01,4.837362352334121374e-01,5.265874655821721761e-01,6.246485450568566300e-01
-3.529880204516279707e-01,-2.782918513624797474e-01,-5.105419620150973836e-01,6.110955513726956667e-01,4.344645224798179134e-02,4.332712341059411498e-01,3.384085542972559146e-01,3.861827440566477088e-01,-9.919585853131172859e-02,2.576179143348304446e-01,1.705726843001405257e-01,1.579273935427475406e-01,5.894386726731333237e-01,-1.366748583364995051e-01,3.402433613649087363e-01,1.759545955463944766e-01,2.887974652872303816e-01,4.242617170975332419e-01,4.023346839982978040e-01,1.000000000000000000e+00,-5.049162508232194480e-01,-4.208405514862393337e-01,-2.193600217745350911e-01,-1.680715331385541078e-01,2.980383266998604119e-01,-5.781751530298381292e-01,-4.507706163941999078e-01,-5.621247970734454258e-01,-4.087971209626865554e-01,-2.751053279367383642e-01,-5.752766509197230205e-01,3.922823670871702223e-02,-8.699658204319545007e-02,9.280024621599128332e-02,-3.834360965206102811e-01,2.274105237862999451e-01,2.593649223770482237e-01,-6.453891953302649809e-02,-5.781487554644237220e-02
1.784490017329358469e-01,-9.229189028523957991e-03,4.186370165230097196e-01,-7.878195401143109899e-01,-5.679026273217128162e-01,-9.019857446295175274e-01,2.162628301144716991e-01,8.719156805648942132e-02,-3.746715469477376881e-01,-6.941583580119363717e-01,-7.002771899562875157e-01,-5.056104821481202105e-01,-8.402318905031218588e-01,-3.506413788365697615e-01,-7.733866556449918717e-01,-6.109154024505408787e-01,-7.975440971979147475e-01,-8.900221937631740410e-01,-8.612385092729859526e-01,-5.049162508232194480e-01,1.000000000000000000e+00,9.049624437689539613e-01,-2.809661813106527073e-01,-2.584750854891860183e-01,-7.494128213388741022e-01,8.259495697865977260e-01,7.373844057206968561e-01,9.154139332869007939e-01,4.213385617393738403e-01,2.319420264977511970e-01,8.848501324510599231e-01,-2.782314856714298013e-01,-3.653027585241601649e-01,-6.665117400339687359e-01,5.477390816723043399e-01,-6.907536338007234100e-01,-3.746647778700724629e-01,-3.763140316548633235e-01,-4.780861972836809026e-01
1.845988616068148513e-01,2.923939126473625028e-02,3.626614278964465643e-01,-6.794160033933545062e-01,-5.481895239068232950e-01,-8.709821265441858307e-01,3.312058217619999745e-01,1.565718003158988181e-01,-3.854606730103353751e-01,-6.449802507253136197e-01,-7.415501740623520188e-01,-4.717245169866386423e-01,-7.575005632280544798e-01,-3.336140834108978770e-01,-7.393315185836905057e-01,-5.603295979910383195e-01,-8.136404215394253958e-01,-8.287800419317341571e-01,-8.236946888766452091e-01,-4.208405514862393337e-01,9.049624437689539613e-01,1.000000000000000000e+00,-3.122522454458535601e-01,-2.663022689092088835e-01,-6.788355436869755177e-01,7.691690001739377447e-01,7.642485734905654082e-01,8.600442648188476591e-01,4.212400556604108948e-01,2.737332581348421168e-01,8.344105964386914209e-01,-2.374151956276219222e-01,-3.468509207549970164e-01,-6.716872924620417296e-01,5.192762036696071393e-01,-6.588778843156293252e-01,-2.814592775258252244e-01,-3.776865574745607024e-01,-4.605306509020614669e-01
6.308293248199755565e-01,6.603108124222107911e-01,4.592473519194629206e-01,-2.084287772287289273e-02,5.882626657314267149e-01,4.078025615666255876e-01,-5.381282602954319261e-01,-7.222247857189656450e-01,6.875316098171413426e-01,6.031215753608063501e-01,6.451615771271389521e-01,3.026691920073648068e-01,2.425878464496454209e-02,7.486558188489579324e-01,3.999113465529360312e-01,6.055617847956697997e-01,5.721206222656013418e-01,3.975625435877789826e-01,4.039744543540046418e-01,-2.193600217745350911e-01,-2.809661813106527073e-01,-3.122522454458535601e-01,1.000000000000000000e+00,7.217184694857738947e-01,5.788346749129438251e-01,1.184200258406780532e-01,2.950928694646500275e-02,-1.051678144719521008e-01,5.062451514003647457e-01,4.180544619934559170e-01,-9.588570517762641521e-02,5.524064293282752169e-01,7.354571181923202916e-01,5.767808077902910613e-01,1.859899311371533137e-01,6.433489958677909293e-01,3.287002710690796747e-01,7.249677228286579567e-01,7.176961190927398926e-01
6.499328890903580680e-01,7.153085885390108034e-01,4.861493041393998848e-01,1.154711386637263804e-01,7.138047781557674831e-01,3.356139024795951609e-01,-3.577610558263966678e-01,-7.240918467825919747e-01,7.662339537861323491e-01,6.789904430980387984e-01,5.933563382640447692e-01,5.526766261651444578e-01,7.562263054851059429e-02,7.886368405515701285e-01,5.311056454263303195e-01,7.055359709609665408e-01,4.625884924051874569e-01,4.452316983482122459e-01,4.379104578330874631e-01,-1.680715331385541078e-01,-2.584750854891860183e-01,-2.663022689092088835e-01,7.217184694857738947e-01,1.000000000000000000e+00,5.774142259383824305e-01,8.874516344143433544e-02,1.320936808163007126e-01,-8.624149813015018207e-02,4.671178530679294116e-01,6.141562005130521973e-01,-9.783337873003931928e-02,5.956892855421073163e-01,6.247027716975328548e-01,6.192697418515680230e-01,9.617412630851986111e-02,6.127284440542842825e-01,3.818087300489681479e-01,7.441739824242018519e-01,7.504614438091687934e-01
2.133233385710510410e-01,4.312220401255646984e-01,1.741017596731908590e-02,6.321781052417917435e-01,7.535082513549892225e-01,7.509478289956740271e-01,-1.995774093998019527e-01,-4.143867553425134576e-01,7.069398863779532416e-01,8.800939144081558752e-01,7.094122046546127436e-01,6.200020569728936781e-01,5.569668348139875658e-01,6.742224488361804324e-01,7.448076609365740230e-01,8.256186936536886734e-01,6.904500795790131651e-01,8.501485277416724884e-01,7.947131434368135405e-01,2.980383266998604119e-01,-7.494128213388741022e-01,-6.788355436869755177e-01,5.788346749129438251e-01,5.774142259383824305e-01,1.000000000000000000e+00,-5.235950564026190523e-01,-2.744315813429664686e-01,-6.251493443203828271e-01,-6.805283739099680929e-02,2.586868847953456840e-01,-5.723687040270746262e-01,4.757281024133401814e-01,5.725874790947548254e-01,7.825889854706323812e-01,-3.611161197368800146e-01,7.781557316447089701e-01,6.012611039761976972e-01,6.086528335627044983e-01,7.455683607120355827e-01
4.953801809347174734e-01,3.250908459040972587e-01,6.571833752890700042e-01,-7.750157174614451527e-01,-2.593382891883532215e-01,-7.125793407350085040e-01,-2.673647761573778175e-02,-2.527966209048985724e-01,-4.581277291926470069e-02,-4.278110982898008507e-01,-3.881690047814824740e-01,-2.958316040762701826e-01,-8.182251200248363832e-01,-3.689111158148727747e-03,-5.201235772380754518e-01,-3.331706905877781510e-01,-5.012642599380521258e-01,-6.918386202145366815e-01,-6.546436529376056246e-01,-5.781751530298381292e-01,8.259495697865977260e-01,7.691690001739377447e-01,1.184200258406780532e-01,8.874516344143433544e-02,-5.235950564026190523e-01,1.000000000000000000e+00,7.632552176457876314e-01,8.757352571578189693e-01,7.292644472535296796e-01,4.315960060155963340e-01,8.234678386403729844e-01,3.475043952702861622e-02,1.790227415191243676e-02,-3.932667180623121150e-01,6.658031175102324672e-01,-3.628216772634532683e-01,-2.519242923494094399e-01,5.458962132694138158e-02,-1.178257837610924702e-01
4.918432731397789359e-01,4.331525310204997758e-01,6.533249013257730331e-01,-5.214994474181458006e-01,-8.883671802120349237e-02,-6.837333147033597402e-01,1.812931300700131587e-01,-2.518762887136000717e-01,1.380243501202935152e-01,-2.242565480465876226e-01,-4.563120399947687700e-01,-6.803395258647268462e-02,-7.377978658125583511e-01,1.230864356974645524e-01,-4.342702051514611417e-01,-1.222639134973299707e-01,-6.068635373424233759e-01,-5.398251444374490005e-01,-5.446757098244117135e-01,-4.507706163941999078e-01,7.373844057206968561e-01,7.642485734905654082e-01,2.950928694646500275e-02,1.320936808163007126e-01,-2.744315813429664686e-01,7.632552176457876314e-01,1.000000000000000000e+00,8.095214281971447878e-01,5.694586954732200335e-01,6.336399996856246775e-01,7.974195243608650507e-01,4.078710733233144314e-02,8.600864596061541870e-03,-2.276979966625529983e-01,4.456643523486091274e-01,-3.352137656028710277e-01,-2.237427447667856423e-02,1.911438092829922941e-02,2.352446574614055000e-02
3.591900530030339156e-01,1.684629709865466951e-01,6.046117740200830371e-01,-7.964251532248204368e-01,-3.846085151040380956e-01,-8.476076420401611466e-01,1.206630151355654046e-01,-1.342626810924970604e-01,-1.686506568068641410e-01,-5.451453726738054728e-01,-5.825354508294802169e-01,-3.931843574237108285e-01,-8.959554253882634489e-01,-1.391299453852990198e-01,-6.798877548061204035e-01,-4.570221779695695652e-01,-7.115505887511498484e-01,-8.107660968448823224e-01,-7.710958468602220339e-01,-5.621247970734454258e-01,9.154139332869007939e-01,8.600442648188476591e-01,-1.051678144719521008e-01,-8.624149813015018207e-02,-6.251493443203828271e-01,8.757352571578189693e-01,8.095214281971447878e-01,1.000000000000000000e+00,5.413876073436731939e-01,3.720836779126073246e-01,9.215624385290638321e-01,-1.616784649811919827e-01,-1.840557309752851589e-01,-4.839239606158682316e-01,5.716134658469227414e-01,-5.624858346446107715e-01,-3.046822657940950752e-01,-2.101190934590301262e-01,-2.992766130681293602e-01
6.920134345416482091e-01,5.849590927930435891e-01,6.934012258053759981e-01,-4.850056985517446351e-01,1.383438641664614388e-01,-2.239489463682654558e-01,-1.681036713460127840e-01,-4.811271836809800639e-01,2.565114541913648405e-01,5.063082879870160757e-02,9.765021931529763166e-02,-3.267505303830281482e-02,-5.275766773368527618e-01,4.309918150454976615e-01,-1.005642921414418856e-01,9.605035320447326275e-02,-3.157239685016746070e-03,-2.309714514823670017e-01,-2.077427788001439124e-01,-4.087971209626865554e-01,4.213385617393738403e-01,4.212400556604108948e-01,5.062451514003647457e-01,4.671178530679294116e-01,-6.805283739099680929e-02,7.292644472535296796e-01,5.694586954732200335e-01,5.413876073436731939e-01,1.000000000000000000e+00,5.684134371073954473e-01,4.878519784860578246e-01,5.514238887844974402e-01,4.902697383142918253e-01,-4.645614306189595893e-02,7.168270721311987836e-01,1.297186266960790590e-01,1.944089089024045869e-01,3.973184455154437633e-01,2.572511338062534181e-01
7.633230667947963344e-01,7.805371554067213058e-01,6.426166536276461949e-01,-1.249774808842191443e-01,4.139068556482891070e-01,-2.057360458105382262e-01,-3.291486375620956278e-02,-6.007321830379442895e-01,5.886244837417340392e-01,3.760682571633295335e-01,4.859653925060079122e-02,3.926266102157342508e-01,-2.987906730816760059e-01,5.499444983189464287e-01,1.399321084636265533e-01,4.618450604348202648e-01,-1.198368227177902534e-01,9.420392182486435340e-03,-8.653671617131130853e-03,-2.751053279367383642e-01,2.319420264977511970e-01,2.737332581348421168e-01,4.180544619934559170e-01,6.141562005130521973e-01,2.586868847953456840e-01,4.315960060155963340e-01,6.336399996856246775e-01,3.720836779126073246e-01,5.684134371073954473e-01,1.000000000000000000e+00,3.304326685298150101e-01,3.318922459779731216e-01,2.695360467727834775e-01,2.633941676031925638e-01,1.828283574016580371e-01,2.365373766420858503e-01,1.983461454084194664e-01,5.044511164111671331e-01,5.006594009484173213e-01
3.202807989987987436e-01,1.588458766582544479e-01,5.624438835601887066e-01,-8.060595990442750436e-01,-3.698060312097397051e-01,-8.243932009458864174e-01,9.232101120847167885e-02,-1.129708168017369840e-01,-1.583430298580806583e-01,-5.414253833523706705e-01,-5.689941435294145755e-01,-4.083652236473828689e-01,-9.262221183311966088e-01,-9.782209951762278755e-02,-6.821703385835423683e-01,-4.799997874818504595e-01,-7.170399589204520252e-01,-7.863717406814763056e-01,-7.789694042802450813e-01,-5.752766509197230205e-01,8.848501324510599231e-01,8.344105964386914209e-01,-9.588570517762641521e-02,-9.783337873003931928e-02,-5.723687040270746262e-01,8.234678386403729844e-01,7.974195243608650507e-01,9.215624385290638321e-01,4.878519784860578246e-01,3.304326685298150101e-01,1.000000000000000000e+00,-1.845245527569129296e-01,-1.458652413852755680e-01,-4.426527341587029318e-01,5.436871385339412388e-01,-5.665328478368619747e-01,-2.630874303408912707e-01,-2.398537703917143216e-01,-2.827483369736628060e-01
3.515830300063166325e-01,4.441729544914474470e-01,3.263827987986667734e-01,1.521591499810645842e-01,5.108363273953587802e-01,4.918851088957336692e-01,-2.191598787900060907e-01,-4.096038127018358233e-01,4.633516045826377439e-01,5.689491125177661424e-01,6.702172733903247748e-01,3.534381074719013527e-01,1.406327422478058087e-01,6.352357794690426385e-01,5.054066380315350715e-01,4.878019002447003261e-01,5.954858169818483260e-01,4.856475848195263567e-01,4.853877076900368626e-01,3.922823670871702223e-02,-2.782314856714298013e-01,-2.374151956276219222e-01,5.524064293282752169e-01,5.956892855421073163e-01,4.757281024133401814e-01,3.475043952702861622e-02,4.078710733233144314e-02,-1.616784649811919827e-01,5.514238887844974402e-01,3.318922459779731216e-01,-1.845245527569129296e-01,1.000000000000000000e+00,7.515957085802731363e-01,3.535356444789177210e-01,4.242036800451065570e-01,5.902380584748461168e-01,7.296313791567121676e-01,5.258462856479163561e-01,5.324461030058523781e-01
4.682530762500286547e-01,5.661667167731551098e-01,3.744125678191027595e-01,1.111429578227099285e-01,6.582764108703356154e-01,5.286981243284374354e-01,-4.460143374914614656e-01,-5.862274277485602925e-01,6.231766249192851603e-01,5.953113494792396931e-01,6.976845825379835997e-01,3.861935269769271595e-01,6.022771882202045818e-02,7.785374620114889899e-01,5.198699950187289920e-01,5.402105183022229973e-01,6.363429555397552839e-01,5.027006333260386484e-01,4.716414452352274966e-01,-8.699658204319545007e-02,-3.653027585241601649e-01,-3.468509207549970164e-01,7.354571181923202916e-01,6.247027716975328548e-01,5.725874790947548254e-01,1.790227415191243676e-02,8.600864596061541870e-03,-1.840557309752851589e-01,4.902697383142918253e-01,2.695360467727834775e-01,-1.458652413852755680e-01,7.515957085802731363e-01,1.000000000000000000e+00,6.168577838012803127e-01,2.363501748649964596e-01,6.339262912935322847e-01,5.596077637464781374e-01,6.427104811283373964e-01,6.783598691280271487e-01
3.500352444068524638e-01,4.991514524049478485e-01,1.876154306375059644e-01,5.001120603900448547e-01,8.832922777337630649e-01,6.325131704214325135e-01,-4.011995164730838836e-01,-6.392358340767970715e-01,8.301083972363811903e-01,7.867154908214284426e-01,6.689001105987473217e-01,7.080747600351580129e-01,3.767504718170924805e-01,7.379708000083231578e-01,7.326857830030339969e-01,7.663884583199696010e-01,6.311819767569462059e-01,7.366995079705745963e-01,7.131249516512655484e-01,9.280024621599128332e-02,-6.665117400339687359e-01,-6.716872924620417296e-01,5.767808077902910613e-01,6.192697418515680230e-01,7.825889854706323812e-01,-3.932667180623121150e-01,-2.276979966625529983e-01,-4.839239606158682316e-01,-4.645614306189595893e-02,2.633941676031925638e-01,-4.426527341587029318e-01,3.535356444789177210e-01,6.168577838012803127e-01,1.000000000000000000e+00,-4.074364088624478630e-01,7.075501293112159695e-01,3.147550093691541262e-01,6.866223200101294610e-01,8.128620505383231665e-01
2.898203097049004140e-01,1.567834075059186261e-01,4.686334279210549458e-01,-6.148508685842870580e-01,-2.445809775680218012e-01,-3.058143416391170266e-01,-3.901412053513264588e-02,-1.123762217526631246e-01,-1.489130976839971587e-01,-2.566534992364413181e-01,-3.596112110591623973e-02,-3.916799737887358135e-01,-5.612313324003963544e-01,3.128375019231371262e-02,-3.602194251524094004e-01,-2.799668453081095576e-01,-1.226571280441548090e-01,-4.176270065727478165e-01,-3.769489885753247171e-01,-3.834360965206102811e-01,5.477390816723043399e-01,5.192762036696071393e-01,1.859899311371533137e-01,9.617412630851986111e-02,-3.611161197368800146e-01,6.658031175102324672e-01,4.456643523486091274e-01,5.716134658469227414e-01,7.168270721311987836e-01,1.828283574016580371e-01,5.436871385339412388e-01,4.242036800451065570e-01,2.363501748649964596e-01,-4.074364088624478630e-01,1.000000000000000000e+00,-1.192928353895771620e-01,2.065760235075121132e-01,-2.901657555039309846e-02,-1.611109421951081033e-01
3.079845096219148148e-01,4.866890420569861542e-01,8.134910574712379827e-02,5.001693556374854355e-01,7.403481475131886702e-01,7.465517854213896687e-01,-3.447899035120219891e-01,-4.701799724564213467e-01,6.480416514488047675e-01,8.195310878986502567e-01,8.024346665249504351e-01,5.930413986136917615e-01,5.136600997661353585e-01,6.390078707333928243e-01,7.848218112620306552e-01,7.794327235414302280e-01,7.987216461310082671e-01,7.746100239188963288e-01,7.532235317208088032e-01,2.274105237862999451e-01,-6.907536338007234100e-01,-6.588778843156293252e-01,6.433489958677909293e-01,6.127284440542842825e-01,7.781557316447089701e-01,-3.628216772634532683e-01,-3.352137656028710277e-01,-5.624858346446107715e-01,1.297186266960790590e-01,2.365373766420858503e-01,-5.665328478368619747e-01,5.902380584748461168e-01,6.339262912935322847e-01,7.075501293112159695e-01,-1.192928353895771620e-01,1.000000000000000000e+00,5.154918728173257803e-01,7.365934998475461848e-01,7.372887512821284517e-01
6.316628070990430721e-02,2.473330736844647215e-01,8.303334643384048530e-02,3.602336913142084596e-01,4.015559086953209844e-01,5.374571907691908512e-01,5.101568369475674436e-02,-1.405283637019145160e-01,3.405900084695999142e-01,6.085302417908265982e-01,5.434750759082227489e-01,2.464758234716178387e-01,2.660318314779712701e-01,4.623655412717129209e-01,4.281157125383207585e-01,4.718217123084494369e-01,4.872238068544678669e-01,5.476071229960750575e-01,4.837362352334121374e-01,2.593649223770482237e-01,-3.746647778700724629e-01,-2.814592775258252244e-01,3.287002710690796747e-01,3.818087300489681479e-01,6.012611039761976972e-01,-2.519242923494094399e-01,-2.237427447667856423e-02,-3.046822657940950752e-01,1.944089089024045869e-01,1.983461454084194664e-01,-2.630874303408912707e-01,7.296313791567121676e-01,5.596077637464781374e-01,3.147550093691541262e-01,2.065760235075121132e-01,5.154918728173257803e-01,1.000000000000000000e+00,2.675836347689721784e-01,3.544031114173895602e-01
5.913143220023012736e-01,7.331929117160600473e-01,3.938895415654924403e-01,2.421971015384626058e-01,7.701809453985100085e-01,4.150898623414271404e-01,-4.121445127972448441e-01,-6.957099633295446006e-01,7.914536577855024735e-01,6.758154344531139834e-01,6.109359620633572074e-01,6.514325818031544424e-01,1.969224325746042059e-01,7.039675657327630898e-01,6.698358669805070109e-01,7.188887245325537023e-01,5.580812871739004866e-01,5.400133751588768183e-01,5.265874655821721761e-01,-6.453891953302649809e-02,-3.763140316548633235e-01,-3.776865574745607024e-01,7.249677228286579567e-01,7.441739824242018519e-01,6.086528335627044983e-01,5.458962132694138158e-02,1.911438092829922941e-02,-2.101190934590301262e-01,3.973184455154437633e-01,5.044511164111671331e-01,-2.398537703917143216e-01,5.258462856479163561e-01,6.427104811283373964e-01,6.866223200101294610e-01,-2.901657555039309846e-02,7.365934998475461848e-01,2.675836347689721784e-01,1.000000000000000000e+00,8.435896437728298558e-01
5.351613369489365279e-01,7.287395322493077643e-01,3.568637352162261078e-01,3.283750792763684423e-01,8.483317744648004588e-01,5.032481965359796305e-01,-4.536676469959393110e-01,-7.178386950298918379e-01,8.838135959790909268e-01,7.686888899015021925e-01,6.530927114673636957e-01,7.366305409585454100e-01,2.456148189634578816e-01,8.054969908009472768e-01,7.002422248067756705e-01,7.828832468759587826e-01,5.742205490917274835e-01,6.425883533587983809e-01,6.246485450568566300e-01,-5.781487554644237220e-02,-4.780861972836809026e-01,-4.605306509020614669e-01,7.176961190927398926e-01,7.504614438091687934e-01,7.455683607120355827e-01,-1.178257837610924702e-01,2.352446574614055000e-02,-2.992766130681293602e-01,2.572511338062534181e-01,5.006594009484173213e-01,-2.827483369736628060e-01,5.324461030058523781e-01,6.783598691280271487e-01,8.128620505383231665e-01,-1.611109421951081033e-01,7.372887512821284517e-01,3.544031114173895602e-01,8.435896437728298558e-01,1.000000000000000000e+00
