1.000000000000000000e+00,-2.583573288549059072e-02,4.948018603655529590e-01,-4.576369348948984839e-01,5.396744462769422768e-01,1.534806503487442554e-02,-2.835931934314216418e-01,-5.115610782504572684e-01,5.205954229321271276e-01,2.114608460473592355e-01,-4.644814620796021941e-03,-3.408780761528251158e-01,-4.823570779869727487e-01,3.887714036900428716e-01,-3.433312476760161935e-01,7.406120287542280467e-01,7.863349822376393405e-02,-8.491276359214498803e-02,3.988992505686030365e-01,4.363524955319136867e-01,5.616896268997025876e-01,2.093553498942570534e-01,8.735612239808072943e-02,1.119281297435301692e-01,5.005656949770496134e-01,7.977776806238150442e-01,-2.892461532928489731e-01,7.501693762689440881e-01,5.469499641478616780e-01,7.170126856055621944e-01,-8.993380154382511760e-02,1.421459544082863957e-01,3.390158507914144970e-01,5.011030117329804412e-01,2.946305886293138498e-01,4.059948892597072256e-01,3.572369386996714358e-01,2.548699657178569722e-01,-2.834221868602530003e-01
-2.583573288549059072e-02,1.000000000000000000e+00,5.258093838494495298e-01,3.229600673048920734e-01,5.794421208545840196e-01,3.556667090830464839e-01,5.524417185674391773e-01,-4.684263367867041450e-01,2.401143317706851688e-01,5.511311522535796703e-01,5.740976164537442417e-01,6.516592450877067844e-01,4.616366681791660986e-01,4.530759608786951165e-01,5.798666834808479109e-01,-1.177338364331695503e-01,3.466236818843424494e-01,5.304571448885090357e-01,-1.303841229164981186e-01,2.473594314093467417e-01,2.104777435532488028e-01,7.123146492462830714e-01,6.697527623912095107e-01,4.539124851783381542e-01,3.989275976237934840e-01,-1.535449582465516494e-01,7.235413382401845173e-01,-1.940223424213470549e-01,-4.091129851113366883e-02,1.283938507376444216e-01,8.028295245282679460e-01,6.931702178584916441e-01,5.339114750483378025e-01,2.864115764411052090e-01,6.500253879049836536e-01,4.396131336930190203e-01,5.576982263274224971e-01,-1.044751538729817436e-01,5.088622848741268800e-01
4.948018603655529590e-01,5.258093838494495298e-01,1.000000000000000000e+00,-7.211372673897843699e-02,8.337844173972951411e-01,3.558519418560488479e-01,1.636807913857657726e-01,-9.353160446378987469e-01,5.811011377716842619e-01,5.102030239893642349e-01,4.720945994520110989e-01,1.914608819907319126e-01,6.046595132898129749e-02,5.757343169783177839e-01,1.202011405163969371e-01,4.072500791512377871e-01,3.644447707446343276e-01,4.182538408654427609e-01,2.485827326214465616e-01,5.790892332741315318e-01,7.474664260863129739e-01,7.474368218864894109e-01,5.412006278798068282e-01,3.598937606877009587e-01,6.753151012203159054e-01,4.558641205312293221e-01,3.672513603667262871e-01,4.097606206729140221e-01,3.009100326654780000e-01,5.764050529379014520e-01,4.919756922192162762e-01,5.884168862576321102e-01,8.309415591999093076e-01,5.638429014973774800e-01,6.018850865962138696e-01,6.553070596233807610e-01,6.422435444297188711e-01,-8.887178047863739799e-03,1.369511032392280170e-01
-4.576369348948984839e-01,3.229600673048920734e-01,-7.211372673897843699e-02,1.000000000000000000e+00,-2.213580013579808520e-02,2.679623038119212652e-01,3.995965238280810294e-01,1.070533967932573438e-01,-7.770580390192270009e-03,8.832303584119795270e-02,3.274690874050977807e-01,5.668820377177503644e-01,6.021853826392024045e-01,1.191212000647699915e-01,4.978117284759343009e-01,-4.723076707667840934e-01,1.945098444634811574e-01,2.689022363189192966e-01,-3.562314690150570340e-01,3.954499219868289756e-02,-1.353987885191933749e-01,3.139260667464292553e-01,3.059953699034319574e-01,8.289534659038041986e-02,-8.298573960110146308e-02,-5.912236220537930853e-01,2.457355668490619205e-01,-6.305562493729450768e-01,-3.852848046750856903e-01,-2.815769352947344872e-01,2.684569557950564067e-01,9.634096582798118424e-02,-4.284284263198902265e-02,6.279006956562710462e-02,-5.120527274884031227e-02,-1.231753619923794396e-01,-1.690034206883445078e-01,2.104254361027100284e-01,6.373791694291384147e-01
5.396744462769422768e-01,5.794421208545840196e-01,8.337844173972951411e-01,-2.213580013579808520e-02,1.000000000000000000e+00,4.451770535508736693e-01,1.355178549595380533e-01,-8.284768946613151330e-01,7.109671621013227139e-01,3.947514174592850478e-01,4.347721686191521884e-01,2.456483085838529201e-01,3.325765027856748823e-02,6.445517664259420298e-01,1.624846163919764219e-01,3.161125251007731451e-01,3.505292636798387762e-01,4.046713760409627603e-01,1.860712466995632919e-01,5.481942503394666710e-01,6.234738125410654863e-01,7.292808000020127857e-01,4.997374375862954632e-01,2.858291011490332045e-01,5.618485477905139636e-01,3.723286249523978242e-01,2.589522951954135177e-01,3.476570458236750150e-01,2.447341295718281351e-01,6.037120724893364487e-01,4.820420383837976663e-01,4.988351967177491741e-01,6.864671732137952453e-01,6.550357538050932682e-01,5.441278657628146886e-01,6.082865977073904640e-01,5.298233756597799937e-01,7.303415502340310228e-02,1.831314893270041544e-01
1.534806503487442554e-02,3.556667090830464839e-01,3.558519418560488479e-01,2.679623038119212652e-01,4.451770535508736693e-01,1.000000000000000000e+00,2.269396545608714233e-01,-3.635263460120677914e-01,5.821014701986847450e-01,-3.594077230245137922e-02,6.544762651776917517e-01,3.716273550587947949e-01,2.823062326013383583e-01,5.937731676214398346e-01,3.138615832330808320e-01,-2.429607664494281005e-01,6.433459830201915253e-01,3.230989578615526825e-01,-1.558523800590154440e-01,3.097459118187159688e-01,1.922609039371715178e-01,4.944454823762957085e-01,2.556031187982861219e-01,-6.175341500632500202e-02,6.334380563971318823e-02,-7.555259693870672311e-02,1.564544052386267758e-01,-1.424231972211483233e-01,3.019330231653370722e-02,3.476247652285434087e-01,2.975960698686443973e-01,2.810077923501408392e-01,2.543072381198434595e-01,4.535479200608295014e-01,8.287409700184235339e-02,3.413476276036687684e-01,6.738165972731843811e-02,1.005622102786409011e-02,3.816638992155354515e-01
-2.835931934314216418e-01,5.524417185674391773e-01,1.636807913857657726e-01,3.995965238280810294e-01,1.355178549595380533e-01,2.269396545608714233e-01,1.000000000000000000e+00,-1.075535054286955450e-01,-2.279978101684798295e-02,3.691278657562422350e-01,3.849744966705823668e-01,4.438809744500177845e-01,4.739483284405504593e-01,2.088627697516716453e-01,4.665401520264280677e-01,-2.058770340838670387e-01,2.406237178839716051e-01,4.447126107731810829e-01,-1.146723619226762692e-01,1.225672975262854514e-01,8.318993691441223248e-02,4.679370664356610199e-01,4.665686564944729886e-01,1.876474350906911781e-01,1.879568137747140988e-01,-3.198137568078487925e-01,6.254380588377518313e-01,-3.050786528862524105e-01,-2.220988056586497283e-01,-9.503160314949980758e-02,5.790394140767273212e-01,3.925728951961476310e-01,2.483719581594723280e-01,9.696386459294951965e-02,2.599657662272105707e-01,2.586455924882195001e-01,2.194456833729462597e-01,-8.150485944847370157e-02,4.636332993360127164e-01
-5.115610782504572684e-01,-4.684263367867041450e-01,-9.353160446378987469e-01,1.070533967932573438e-01,-8.284768946613151330e-01,-3.635263460120677914e-01,-1.075535054286955450e-01,1.000000000000000000e+00,-6.016100890197519924e-01,-4.587153708602288438e-01,-4.410867098170600520e-01,-1.208392296058360960e-01,-1.023899597957390883e-02,-5.469132323442374988e-01,-5.253619296433544028e-02,-4.175072662184517447e-01,-3.607464945542213086e-01,-3.694559316954155737e-01,-2.440283214883416929e-01,-5.505886588018450434e-01,-7.540819124137121410e-01,-6.969944985451311803e-01,-4.719331838678011426e-01,-3.027883729825801562e-01,-6.375032332233433463e-01,-4.657785186458804350e-01,-3.018316064345112348e-01,-4.106842830046020243e-01,-2.997958505597160817e-01,-6.077814601429756269e-01,-4.322219743299333672e-01,-5.388412251015809451e-01,-8.143477549603687082e-01,-5.618808552189072936e-01,-5.540656655766809102e-01,-6.521869672182445399e-01,-5.983721561858607041e-01,2.382905635989650966e-02,-8.924325766266705262e-02
5.205954229321271276e-01,2.401143317706851688e-01,5.811011377716842619e-01,-7.770580390192270009e-03,7.109671621013227139e-01,5.821014701986847450e-01,-2.279978101684798295e-02,-6.016100890197519924e-01,1.000000000000000000e+00,1.045967114937665920e-01,4.057006313608723658e-01,1.061042302919208008e-01,-1.095808347201061156e-01,6.333484777042579505e-01,2.944975101397434222e-02,2.360899757770890950e-01,4.394768503493958201e-01,2.084480080866323304e-01,8.781730668951839847e-02,4.815313981656895170e-01,4.749513393899572611e-01,5.089482537772962445e-01,2.525186225001397888e-01,8.477593592856576613e-03,2.760941892324517144e-01,3.588726380530405935e-01,-7.097616962807226648e-02,3.125072672700385801e-01,3.933826366090978910e-01,6.080240321155515604e-01,1.715157232418376143e-01,2.907890081924165981e-01,3.879804778582788827e-01,8.026633667639955227e-01,2.043933431007875223e-01,4.554868055935964444e-01,2.266889164916397748e-01,1.990363985992719686e-01,1.491905883546546241e-01
2.114608460473592355e-01,5.511311522535796703e-01,5.102030239893642349e-01,8.832303584119795270e-02,3.947514174592850478e-01,-3.594077230245137922e-02,3.691278657562422350e-01,-4.587153708602288438e-01,1.045967114937665920e-01,1.000000000000000000e+00,4.771763704662209116e-01,4.151481912502858473e-01,3.095927036213535488e-01,2.673767932531531111e-01,3.686252694421907061e-01,4.896840115104493796e-01,3.699975188360777323e-01,3.298827609728817722e-01,1.465939779160865264e-01,4.125343496921778930e-01,4.165319849001686836e-01,5.931275115187858438e-01,6.850571233467414034e-01,3.664119724720167337e-01,6.836950197306358445e-01,2.046969493708618304e-01,6.513169775339249234e-01,1.636349496498731848e-01,2.490820290633518341e-01,2.545467307281769065e-01,4.974301369689137498e-01,6.973888660927434202e-01,5.073308263460745149e-01,2.911012412150162931e-01,5.555185714174034617e-01,5.369806055906657383e-01,5.673906651097709863e-01,1.318376502450057108e-01,3.586312063904757430e-01
-4.644814620796021941e-03,5.740976164537442417e-01,4.720945994520110989e-01,3.274690874050977807e-01,4.347721686191521884e-01,6.544762651776917517e-01,3.849744966705823668e-01,-4.410867098170600520e-01,4.057006313608723658e-01,4.771763704662209116e-01,1.000000000000000000e+00,6.075936916224430329e-01,4.933833582264367523e-01,5.123258905879849445e-01,5.271075049772698806e-01,-3.001035572031403656e-02,8.288526228235699733e-01,4.388212356693108052e-01,-8.815613550129711151e-02,4.458626242967796416e-01,2.978931720239682557e-01,6.750185277647113846e-01,5.710428847177637657e-01,1.972536042776536769e-01,3.365187056669485810e-01,-5.371239790269779352e-02,5.314720061249293970e-01,-1.157362499222031049e-01,1.595101994670427015e-01,2.396926396836197293e-01,5.179235429676704028e-01,6.591845395528241891e-01,4.393555549425303686e-01,4.313803407695500081e-01,3.393255851600186501e-01,4.778091552476528836e-01,3.378435491173401028e-01,6.399595859283381538e-02,5.336323110844561901e-01
-3.408780761528251158e-01,6.516592450877067844e-01,1.914608819907319126e-01,5.668820377177503644e-01,2.456483085838529201e-01,3.716273550587947949e-01,4.438809744500177845e-01,-1.208392296058360960e-01,1.061042302919208008e-01,4.151481912502858473e-01,6.075936916224430329e-01,1.000000000000000000e+00,7.430136997040859281e-01,3.243322949864577698e-01,8.354095568831697571e-01,-3.556785781156892035e-01,3.963125050384230796e-01,4.524308779674645620e-01,-2.409348525116240813e-01,2.598234947370005599e-01,-2.599447899938231443e-02,5.879858310113671438e-01,6.220101771920147904e-01,2.773696526959653630e-01,1.504010929912596439e-01,-4.466253751654633009e-01,6.023497190278715996e-01,-3.901709583609349608e-01,-1.756591071273479188e-01,-1.890977292006454369e-01,5.788496943954746232e-01,4.924733947565327896e-01,1.879041664495760544e-01,1.601979177366928131e-01,2.395031360645493990e-01,9.156311016929177815e-02,1.561017368212212764e-01,1.397730946769241422e-01,7.249577415877260789e-01
-4.823570779869727487e-01,4.616366681791660986e-01,6.046595132898129749e-02,6.021853826392024045e-01,3.325765027856748823e-02,2.823062326013383583e-01,4.739483284405504593e-01,-1.023899597957390883e-02,-1.095808347201061156e-01,3.095927036213535488e-01,4.933833582264367523e-01,7.430136997040859281e-01,1.000000000000000000e+00,1.129923485965764890e-01,7.171082828396148079e-01,-4.080940072339421798e-01,2.920436061128068306e-01,3.131470794418201309e-01,-1.990842362611844329e-01,2.043252652283811255e-01,-1.291462069508081956e-01,4.291603869404150839e-01,4.273918985314811292e-01,1.001922532645684732e-01,3.390970294946645675e-02,-5.067406827814709969e-01,5.369408689761150377e-01,-4.836794657963494060e-01,-2.924004484375927193e-01,-3.068447385784049963e-01,3.527638182291725766e-01,3.528427656366942555e-01,6.204730388410554381e-02,-3.509106427633262859e-02,8.822721969565111566e-02,5.663574440316332392e-02,1.256810166803896955e-02,6.109446558435257385e-02,6.360424309250164443e-01
3.887714036900428716e-01,4.530759608786951165e-01,5.757343169783177839e-01,1.191212000647699915e-01,6.445517664259420298e-01,5.937731676214398346e-01,2.088627697516716453e-01,-5.469132323442374988e-01,6.333484777042579505e-01,2.673767932531531111e-01,5.123258905879849445e-01,3.243322949864577698e-01,1.129923485965764890e-01,1.000000000000000000e+00,2.934046532132271734e-01,1.805379747232629672e-01,4.323321878613229363e-01,4.017739090034163074e-01,8.742702838005400601e-02,5.791875203885697987e-01,4.719657744417077305e-01,6.890434466396849755e-01,5.718932482628983349e-01,3.892904175627940888e-01,4.534491901104055755e-01,3.262340312564157574e-01,2.510428430524247467e-01,2.620649446234842306e-01,3.560989744620342567e-01,4.861765297462884439e-01,3.872802039625516390e-01,4.607099085333946631e-01,5.063353704225255214e-01,5.990107313707552228e-01,4.565649074982472411e-01,4.385614514337399239e-01,4.381086770106441541e-01,1.401796807256319999e-01,2.818880895575802681e-01
-3.433312476760161935e-01,5.798666834808479109e-01,1.202011405163969371e-01,4.978117284759343009e-01,1.624846163919764219e-01,3.138615832330808320e-01,4.665401520264280677e-01,-5.253619296433544028e-02,2.944975101397434222e-02,3.686252694421907061e-01,5.271075049772698806e-01,8.354095568831697571e-01,7.171082828396148079e-01,2.934046532132271734e-01,1.000000000000000000e+00,-3.533527567571574379e-01,3.162467580477387741e-01,2.428071535908737366e-01,-1.881719091637061303e-01,2.785251945788318473e-01,-4.653277107653538275e-02,5.193322956852767236e-01,5.577168633710726242e-01,2.592200692132063389e-01,8.422950461011025070e-02,-4.227112569564315803e-01,6.058380731601227254e-01,-3.929746053948874329e-01,-2.025881205867765822e-01,-2.065530372989789476e-01,5.633178931034096282e-01,4.384875910369550600e-01,9.332972040429507454e-02,1.064114735194574557e-01,2.331954786988766626e-01,9.065668823956819777e-02,1.294016024149427235e-01,1.458322141396396765e-01,6.966784860782725408e-01
7.406120287542280467e-01,-1.177338364331695503e-01,4.072500791512377871e-01,-4.723076707667840934e-01,3.161125251007731451e-01,-2.429607664494281005e-01,-2.058770340838670387e-01,-4.175072662184517447e-01,2.360899757770890950e-01,4.896840115104493796e-01,-3.001035572031403656e-02,-3.556785781156892035e-01,-4.080940072339421798e-01,1.805379747232629672e-01,-3.533527567571574379e-01,1.000000000000000000e+00,9.588991892935799788e-02,-9.567955149168273776e-02,4.489353527036410441e-01,3.718660817410960329e-01,5.578674514541254181e-01,1.330308966172588092e-01,1.363554025619409527e-01,1.412451612409049984e-01,5.757439450359345123e-01,7.825919242321357494e-01,-8.091473249506482557e-02,7.309051879807235697e-01,5.908551682705485142e-01,5.787758497545215652e-01,-1.566020532229331352e-01,2.457788015055991371e-01,3.624947208356017470e-01,3.409481611289885694e-01,3.139895105589270985e-01,4.509224948985915971e-01,4.197497684645674632e-01,1.662258316612642006e-01,-3.304795827684817167e-01
7.863349822376393405e-02,3.466236818843424494e-01,3.644447707446343276e-01,1.945098444634811574e-01,3.505292636798387762e-01,6.433459830201915253e-01,2.406237178839716051e-01,-3.607464945542213086e-01,4.394768503493958201e-01,3.699975188360777323e-01,8.288526228235699733e-01,3.963125050384230796e-01,2.920436061128068306e-01,4.323321878613229363e-01,3.162467580477387741e-01,9.588991892935799788e-02,1.000000000000000000e+00,2.550714940988759172e-01,-7.657287951187051467e-02,3.858877598767830874e-01,2.619789245247894915e-01,4.962341573764313951e-01,3.602413102737880291e-01,2.614848296194257141e-02,2.534600460952564638e-01,3.513941808145544521e-02,3.299879602424846126e-01,-3.351908474902347973e-02,2.621985653761090829e-01,3.323002051218940656e-01,3.024474768756900689e-01,5.307535875161836225e-01,3.229492872177603391e-01,4.531530862937652171e-01,1.899646905995098223e-01,4.651619326518272035e-01,2.195447704939884892e-01,7.293441357934433988e-02,3.659577901167335723e-01
-8.491276359214498803e-02,5.304571448885090357e-01,4.182538408654427609e-01,2.689022363189192966e-01,4.046713760409627603e-01,3.230989578615526825e-01,4.447126107731810829e-01,-3.694559316954155737e-01,2.084480080866323304e-01,3.298827609728817722e-01,4.388212356693108052e-01,4.524308779674645620e-01,3.131470794418201309e-01,4.017739090034163074e-01,2.428071535908737366e-01,-9.567955149168273776e-02,2.550714940988759172e-01,1.000000000000000000e+00,5.344686210183700187e-02,1.965800571013564257e-01,2.659313782651903102e-01,5.688450530292561425e-01,5.181772227062464431e-01,3.115305214237719111e-01,3.567390377110029043e-01,-6.631036108744474411e-02,4.666889325921800835e-01,-5.986722042010833578e-02,-1.577993776568751075e-02,8.337162441822421055e-03,5.014142537774238795e-01,4.456809944248728561e-01,4.710659081549926630e-01,2.627743552027399510e-01,3.866255292623029249e-01,3.030523052327505629e-01,4.034584389968728924e-01,-1.808095836742056040e-01,2.577596933498189635e-01
3.988992505686030365e-01,-1.303841229164981186e-01,2.485827326214465616e-01,-3.562314690150570340e-01,1.860712466995632919e-01,-1.558523800590154440e-01,-1.146723619226762692e-01,-2.440283214883416929e-01,8.781730668951839847e-02,1.465939779160865264e-01,-8.815613550129711151e-02,-2.409348525116240813e-01,-1.990842362611844329e-01,8.742702838005400601e-02,-1.881719091637061303e-01,4.489353527036410441e-01,-7.657287951187051467e-02,5.344686210183700187e-02,1.000000000000000000e+00,3.096976570580831090e-01,3.082789844453715511e-01,7.229285424579257047e-02,3.598524376416305931e-02,1.471635995935390573e-01,2.435746452015297991e-01,5.537328148003133332e-01,-2.022245684063320517e-02,5.507250711009255006e-01,3.347748258276239675e-01,2.684967552434512905e-01,-6.745343170491230333e-02,1.533639870043734810e-01,1.588574812801443192e-01,1.685293898940512791e-01,2.842648163487497270e-01,3.712537724364287639e-01,3.612160559974207930e-01,-1.318559874669956444e-01,-4.454525217264692638e-01
4.363524955319136867e-01,2.473594314093467417e-01,5.790892332741315318e-01,3.954499219868289756e-02,5.481942503394666710e-01,3.097459118187159688e-01,1.225672975262854514e-01,-5.505886588018450434e-01,4.815313981656895170e-01,4.125343496921778930e-01,4.458626242967796416e-01,2.598234947370005599e-01,2.043252652283811255e-01,5.791875203885697987e-01,2.785251945788318473e-01,3.718660817410960329e-01,3.858877598767830874e-01,1.965800571013564257e-01,3.096976570580831090e-01,1.000000000000000000e+00,5.802225994959062660e-01,6.420440795915700605e-01,4.968128965528234575e-01,2.399047601287544185e-01,5.401167225130755201e-01,4.229131694962813270e-01,2.264553856665905418e-01,4.166291255991578790e-01,3.243533671523389228e-01,4.276020829512429677e-01,2.554609793279132846e-01,4.404868016852210300e-01,4.669268456506546205e-01,5.637849330584643326e-01,3.495253212577845714e-01,4.750210485087104084e-01,3.680561992132119209e-01,3.084251178630783574e-01,2.465422628716253950e-01
5.616896268997025876e-01,2.104777435532488028e-01,7.474664260863129739e-01,-1.353987885191933749e-01,6.234738125410654863e-01,1.922609039371715178e-01,8.318993691441223248e-02,-7.540819124137121410e-01,4.749513393899572611e-01,4.165319849001686836e-01,2.978931720239682557e-01,-2.599447899938231443e-02,-1.291462069508081956e-01,4.719657744417077305e-01,-4.653277107653538275e-02,5.578674514541254181e-01,2.619789245247894915e-01,2.659313782651903102e-01,3.082789844453715511e-01,5.802225994959062660e-01,1.000000000000000000e+00,5.850365141103081035e-01,3.610352272115444627e-01,3.193610746419284774e-01,6.759658735439469934e-01,5.254981339912186966e-01,1.207381403813890253e-01,5.252425131935996028e-01,3.579544511292785391e-01,5.037758925151453182e-01,2.507390267789169624e-01,3.778564106013002077e-01,7.506916764393256614e-01,4.707012253322720996e-01,3.978798983398669775e-01,4.491045203439928968e-01,4.517876638333821471e-01,1.244238181893449063e-01,9.823284255381245500e-03
2.093553498942570534e-01,7.123146492462830714e-01,7.474368218864894109e-01,3.139260667464292553e-01,7.292808000020127857e-01,4.944454823762957085e-01,4.679370664356610199e-01,-6.969944985451311803e-01,5.089482537772962445e-01,5.931275115187858438e-01,6.750185277647113846e-01,5.879858310113671438e-01,4.291603869404150839e-01,6.890434466396849755e-01,5.193322956852767236e-01,1.330308966172588092e-01,4.962341573764313951e-01,5.688450530292561425e-01,7.229285424579257047e-02,6.420440795915700605e-01,5.850365141103081035e-01,1.000000000000000000e+00,7.601438826806016236e-01,4.345139916103669675e-01,6.277507004205820085e-01,1.137815654404382149e-01,5.732108809039839770e-01,1.067980937914732309e-01,1.329297299137741639e-01,3.463044477502656981e-01,6.607772606650421654e-01,6.635133857453294759e-01,7.139514302063807438e-01,5.638802352222990200e-01,5.592281805429005770e-01,5.339529994528866563e-01,5.286312240153467901e-01,1.706924834665896895e-01,5.436202764720430292e-01
8.735612239808072943e-02,6.697527623912095107e-01,5.412006278798068282e-01,3.059953699034319574e-01,4.997374375862954632e-01,2.556031187982861219e-01,4.665686564944729886e-01,-4.719331838678011426e-01,2.525186225001397888e-01,6.850571233467414034e-01,5.710428847177637657e-01,6.220101771920147904e-01,4.273918985314811292e-01,5.718932482628983349e-01,5.577168633710726242e-01,1.363554025619409527e-01,3.602413102737880291e-01,5.181772227062464431e-01,3.598524376416305931e-02,4.968128965528234575e-01,3.610352272115444627e-01,7.601438826806016236e-01,1.000000000000000000e+00,4.916876250793905112e-01,6.161901188802452189e-01,5.739484150039281252e-02,6.658191395930583845e-01,2.844765321845672823e-02,7.836141711313530933e-02,1.924282521019625158e-01,6.678741649134825042e-01,6.384877684206760051e-01,5.416289371141433939e-01,3.589772461340031695e-01,5.505573132676565562e-01,3.844097582408221303e-01,5.137935427806101796e-01,2.414329196037781899e-01,5.631517005899685513e-01
1.119281297435301692e-01,4.539124851783381542e-01,3.598937606877009587e-01,8.289534659038041986e-02,2.858291011490332045e-01,-6.175341500632500202e-02,1.876474350906911781e-01,-3.027883729825801562e-01,8.477593592856576613e-03,3.664119724720167337e-01,1.972536042776536769e-01,2.773696526959653630e-01,1.001922532645684732e-01,3.892904175627940888e-01,2.592200692132063389e-01,1.412451612409049984e-01,2.614848296194257141e-02,3.115305214237719111e-01,1.471635995935390573e-01,2.399047601287544185e-01,3.193610746419284774e-01,4.345139916103669675e-01,4.916876250793905112e-01,1.000000000000000000e+00,3.768469022347676334e-01,1.610198900461929095e-01,4.116116918545409398e-01,1.542822032717232339e-01,1.790954997345737543e-01,-4.099250870221580328e-02,4.555997080115156694e-01,4.764720728692870555e-01,4.722716782250168110e-01,1.046384604907511645e-01,6.408706133034292041e-01,1.318798272907326097e-01,5.839807850286766744e-01,-6.645779738416969507e-02,9.439139138650791405e-02
5.005656949770496134e-01,3.989275976237934840e-01,6.753151012203159054e-01,-8.298573960110146308e-02,5.618485477905139636e-01,6.334380563971318823e-02,1.879568137747140988e-01,-6.375032332233433463e-01,2.760941892324517144e-01,6.836950197306358445e-01,3.365187056669485810e-01,1.504010929912596439e-01,3.390970294946645675e-02,4.534491901104055755e-01,8.422950461011025070e-02,5.757439450359345123e-01,2.534600460952564638e-01,3.567390377110029043e-01,2.435746452015297991e-01,5.401167225130755201e-01,6.759658735439469934e-01,6.277507004205820085e-01,6.161901188802452189e-01,3.768469022347676334e-01,1.000000000000000000e+00,4.907669893308160280e-01,3.547328713956751645e-01,4.511119112333118464e-01,3.310783173307272342e-01,4.267314886633029047e-01,3.842664882304296925e-01,5.139394670937954546e-01,6.854116595596038142e-01,3.486366012763386091e-01,5.584137477309483177e-01,4.844226748842069274e-01,6.012504781931815590e-01,1.823610288752617881e-01,1.820362840176510955e-01
7.977776806238150442e-01,-1.535449582465516494e-01,4.558641205312293221e-01,-5.912236220537930853e-01,3.723286249523978242e-01,-7.555259693870672311e-02,-3.198137568078487925e-01,-4.657785186458804350e-01,3.588726380530405935e-01,2.046969493708618304e-01,-5.371239790269779352e-02,-4.466253751654633009e-01,-5.067406827814709969e-01,3.262340312564157574e-01,-4.227112569564315803e-01,7.825919242321357494e-01,3.513941808145544521e-02,-6.631036108744474411e-02,5.537328148003133332e-01,4.229131694962813270e-01,5.254981339912186966e-01,1.137815654404382149e-01,5.739484150039281252e-02,1.610198900461929095e-01,4.907669893308160280e-01,1.000000000000000000e+00,-1.650632153992458995e-01,8.705865296853252389e-01,6.812794875322354393e-01,6.230259714851145159e-01,-1.574584306150709490e-01,2.056457788009826981e-01,3.695437675982330972e-01,3.825796669519891391e-01,3.641431100208474825e-01,4.545303989933023314e-01,4.865097610300116449e-01,6.059656141420161762e-02,-4.677576836957813566e-01
-2.892461532928489731e-01,7.235413382401845173e-01,3.672513603667262871e-01,2.457355668490619205e-01,2.589522951954135177e-01,1.564544052386267758e-01,6.254380588377518313e-01,-3.018316064345112348e-01,-7.097616962807226648e-02,6.513169775339249234e-01,5.314720061249293970e-01,6.023497190278715996e-01,5.369408689761150377e-01,2.510428430524247467e-01,6.058380731601227254e-01,-8.091473249506482557e-02,3.299879602424846126e-01,4.666889325921800835e-01,-2.022245684063320517e-02,2.264553856665905418e-01,1.207381403813890253e-01,5.732108809039839770e-01,6.658191395930583845e-01,4.116116918545409398e-01,3.547328713956751645e-01,-1.650632153992458995e-01,1.000000000000000000e+00,-1.804858799736870911e-01,-4.469908219039946812e-02,-7.122773644061516918e-02,7.667099928004369458e-01,6.944703040323279009e-01,4.265334587092655672e-01,9.067189896480759570e-02,5.505985648583047176e-01,4.252378895306395123e-01,5.153814855697111952e-01,-1.964873840566362662e-01,4.448767269626811571e-01
7.501693762689440881e-01,-1.940223424213470549e-01,4.097606206729140221e-01,-6.305562493729450768e-01,3.476570458236750150e-01,-1.424231972211483233e-01,-3.050786528862524105e-01,-4.106842830046020243e-01,3.125072672700385801e-01,1.636349496498731848e-01,-1.157362499222031049e-01,-3.901709583609349608e-01,-4.836794657963494060e-01,2.620649446234842306e-01,-3.929746053948874329e-01,7.309051879807235697e-01,-3.351908474902347973e-02,-5.986722042010833578e-02,5.507250711009255006e-01,4.166291255991578790e-01,5.252425131935996028e-01,1.067980937914732309e-01,2.844765321845672823e-02,1.542822032717232339e-01,4.511119112333118464e-01,8.705865296853252389e-01,-1.804858799736870911e-01,1.000000000000000000e+00,6.020967666579526423e-01,5.076734530466339157e-01,-1.433282622534549633e-01,1.152424815443965633e-01,3.475519257704475229e-01,3.219394581083684925e-01,2.406467627193871472e-01,3.243959044320466334e-01,3.713413727961020760e-01,1.259717717788336744e-01,-4.472427115416928167e-01
5.469499641478616780e-01,-4.091129851113366883e-02,3.009100326654780000e-01,-3.852848046750856903e-01,2.447341295718281351e-01,3.019330231653370722e-02,-2.220988056586497283e-01,-2.997958505597160817e-01,3.933826366090978910e-01,2.490820290633518341e-01,1.595101994670427015e-01,-1.756591071273479188e-01,-2.924004484375927193e-01,3.560989744620342567e-01,-2.025881205867765822e-01,5.908551682705485142e-01,2.621985653761090829e-01,-1.577993776568751075e-02,3.347748258276239675e-01,3.243533671523389228e-01,3.579544511292785391e-01,1.329297299137741639e-01,7.836141711313530933e-02,1.790954997345737543e-01,3.310783173307272342e-01,6.812794875322354393e-01,-4.469908219039946812e-02,6.020967666579526423e-01,1.000000000000000000e+00,4.254625386401668652e-01,-1.194136594055380807e-01,4.339434799570994206e-01,2.658670411195095951e-01,4.405991307375648480e-01,3.504011093662429688e-01,4.195594734408607529e-01,4.859348919069830797e-01,-5.767230711093136036e-02,-3.284034376851727166e-01
7.170126856055621944e-01,1.283938507376444216e-01,5.764050529379014520e-01,-2.815769352947344872e-01,6.037120724893364487e-01,3.476247652285434087e-01,-9.503160314949980758e-02,-6.077814601429756269e-01,6.080240321155515604e-01,2.545467307281769065e-01,2.396926396836197293e-01,-1.890977292006454369e-01,-3.068447385784049963e-01,4.861765297462884439e-01,-2.065530372989789476e-01,5.787758497545215652e-01,3.323002051218940656e-01,8.337162441822421055e-03,2.684967552434512905e-01,4.276020829512429677e-01,5.037758925151453182e-01,3.463044477502656981e-01,1.924282521019625158e-01,-4.099250870221580328e-02,4.267314886633029047e-01,6.230259714851145159e-01,-7.122773644061516918e-02,5.076734530466339157e-01,4.254625386401668652e-01,1.000000000000000000e+00,2.953020744266039374e-02,2.783865461085665571e-01,4.091619026199203035e-01,5.723046098752543331e-01,3.015642599371393118e-01,6.515913256698788736e-01,3.462802322884415696e-01,1.491891490324424585e-01,-8.795405234292742735e-02
-8.993380154382511760e-02,8.028295245282679460e-01,4.919756922192162762e-01,2.684569557950564067e-01,4.820420383837976663e-01,2.975960698686443973e-01,5.790394140767273212e-01,-4.322219743299333672e-01,1.715157232418376143e-01,4.974301369689137498e-01,5.179235429676704028e-01,5.788496943954746232e-01,3.527638182291725766e-01,3.872802039625516390e-01,5.633178931034096282e-01,-1.566020532229331352e-01,3.024474768756900689e-01,5.014142537774238795e-01,-6.745343170491230333e-02,2.554609793279132846e-01,2.507390267789169624e-01,6.607772606650421654e-01,6.678741649134825042e-01,4.555997080115156694e-01,3.842664882304296925e-01,-1.574584306150709490e-01,7.667099928004369458e-01,-1.433282622534549633e-01,-1.194136594055380807e-01,2.953020744266039374e-02,1.000000000000000000e+00,5.910757117279843431e-01,4.652838060904865292e-01,2.657967173095910907e-01,5.459045260485265727e-01,3.532221349895689477e-01,4.642357178364565629e-01,-9.298084371491900646e-02,4.919415914557850322e-01
1.421459544082863957e-01,6.931702178584916441e-01,5.884168862576321102e-01,9.634096582798118424e-02,4.988351967177491741e-01,2.810077923501408392e-01,3.925728951961476310e-01,-5.388412251015809451e-01,2.907890081924165981e-01,6.973888660927434202e-01,6.591845395528241891e-01,4.924733947565327896e-01,3.528427656366942555e-01,4.607099085333946631e-01,4.384875910369550600e-01,2.457788015055991371e-01,5.307535875161836225e-01,4.456809944248728561e-01,1.533639870043734810e-01,4.404868016852210300e-01,3.778564106013002077e-01,6.635133857453294759e-01,6.384877684206760051e-01,4.764720728692870555e-01,5.139394670937954546e-01,2.056457788009826981e-01,6.944703040323279009e-01,1.152424815443965633e-01,4.339434799570994206e-01,2.783865461085665571e-01,5.910757117279843431e-01,1.000000000000000000e+00,6.045888985214906697e-01,4.115440339512514423e-01,7.550150467961151968e-01,6.712652821923553725e-01,7.716910913986700926e-01,-2.056983603986537734e-01,2.407400588191428992e-01
3.390158507914144970e-01,5.339114750483378025e-01,8.309415591999093076e-01,-4.284284263198902265e-02,6.864671732137952453e-01,2.543072381198434595e-01,2.483719581594723280e-01,-8.143477549603687082e-01,3.879804778582788827e-01,5.073308263460745149e-01,4.393555549425303686e-01,1.879041664495760544e-01,6.204730388410554381e-02,5.063353704225255214e-01,9.332972040429507454e-02,3.624947208356017470e-01,3.229492872177603391e-01,4.710659081549926630e-01,1.588574812801443192e-01,4.669268456506546205e-01,7.506916764393256614e-01,7.139514302063807438e-01,5.416289371141433939e-01,4.722716782250168110e-01,6.854116595596038142e-01,3.695437675982330972e-01,4.265334587092655672e-01,3.475519257704475229e-01,2.658670411195095951e-01,4.091619026199203035e-01,4.652838060904865292e-01,6.045888985214906697e-01,1.000000000000000000e+00,3.860566222708060047e-01,6.332480815206730229e-01,5.353104778015770338e-01,6.759931146867154128e-01,-8.351295075893956643e-02,9.892848649707287889e-02
5.011030117329804412e-01,2.864115764411052090e-01,5.638429014973774800e-01,6.279006956562710462e-02,6.550357538050932682e-01,4.535479200608295014e-01,9.696386459294951965e-02,-5.618808552189072936e-01,8.026633667639955227e-01,2.911012412150162931e-01,4.313803407695500081e-01,1.601979177366928131e-01,-3.509106427633262859e-02,5.990107313707552228e-01,1.064114735194574557e-01,3.409481611289885694e-01,4.531530862937652171e-01,2.627743552027399510e-01,1.685293898940512791e-01,5.637849330584643326e-01,4.707012253322720996e-01,5.638802352222990200e-01,3.589772461340031695e-01,1.046384604907511645e-01,3.486366012763386091e-01,3.825796669519891391e-01,9.067189896480759570e-02,3.219394581083684925e-01,4.405991307375648480e-01,5.723046098752543331e-01,2.657967173095910907e-01,4.115440339512514423e-01,3.860566222708060047e-01,1.000000000000000000e+00,3.094036856412804015e-01,5.456976336413676965e-01,3.282644273593356976e-01,2.145262506868760022e-01,1.790185615947590125e-01
2.946305886293138498e-01,6.500253879049836536e-01,6.018850865962138696e-01,-5.120527274884031227e-02,5.441278657628146886e-01,8.287409700184235339e-02,2.599657662272105707e-01,-5.540656655766809102e-01,2.043933431007875223e-01,5.555185714174034617e-01,3.393255851600186501e-01,2.395031360645493990e-01,8.822721969565111566e-02,4.565649074982472411e-01,2.331954786988766626e-01,3.139895105589270985e-01,1.899646905995098223e-01,3.866255292623029249e-01,2.842648163487497270e-01,3.495253212577845714e-01,3.978798983398669775e-01,5.592281805429005770e-01,5.505573132676565562e-01,6.408706133034292041e-01,5.584137477309483177e-01,3.641431100208474825e-01,5.505985648583047176e-01,2.406467627193871472e-01,3.504011093662429688e-01,3.015642599371393118e-01,5.459045260485265727e-01,7.550150467961151968e-01,6.332480815206730229e-01,3.094036856412804015e-01,1.000000000000000000e+00,6.118815728278477195e-01,8.996346004352542280e-01,-2.488132464234380226e-01,1.496707257851814625e-02
4.059948892597072256e-01,4.396131336930190203e-01,6.553070596233807610e-01,-1.231753619923794396e-01,6.082865977073904640e-01,3.413476276036687684e-01,2.586455924882195001e-01,-6.521869672182445399e-01,4.554868055935964444e-01,5.369806055906657383e-01,4.778091552476528836e-01,9.156311016929177815e-02,5.663574440316332392e-02,4.385614514337399239e-01,9.065668823956819777e-02,4.509224948985915971e-01,4.651619326518272035e-01,3.030523052327505629e-01,3.712537724364287639e-01,4.750210485087104084e-01,4.491045203439928968e-01,5.339529994528866563e-01,3.844097582408221303e-01,1.318798272907326097e-01,4.844226748842069274e-01,4.545303989933023314e-01,4.252378895306395123e-01,3.243959044320466334e-01,4.195594734408607529e-01,6.515913256698788736e-01,3.532221349895689477e-01,6.712652821923553725e-01,5.353104778015770338e-01,5.456976336413676965e-01,6.118815728278477195e-01,1.000000000000000000e+00,6.634967690678426067e-01,-1.806785782500182902e-01,2.899905979133291303e-03
3.572369386996714358e-01,5.576982263274224971e-01,6.422435444297188711e-01,-1.690034206883445078e-01,5.298233756597799937e-01,6.738165972731843811e-02,2.194456833729462597e-01,-5.983721561858607041e-01,2.266889164916397748e-01,5.673906651097709863e-01,3.378435491173401028e-01,1.561017368212212764e-01,1.256810166803896955e-02,4.381086770106441541e-01,1.294016024149427235e-01,4.197497684645674632e-01,2.195447704939884892e-01,4.034584389968728924e-01,3.612160559974207930e-01,3.680561992132119209e-01,4.517876638333821471e-01,5.286312240153467901e-01,5.137935427806101796e-01,5.839807850286766744e-01,6.012504781931815590e-01,4.865097610300116449e-01,5.153814855697111952e-01,3.713413727961020760e-01,4.859348919069830797e-01,3.462802322884415696e-01,4.642357178364565629e-01,7.716910913986700926e-01,6.759931146867154128e-01,3.282644273593356976e-01,8.996346004352542280e-01,6.634967690678426067e-01,1.000000000000000000e+00,-2.888345939530090889e-01,-9.409505910599767764e-02
2.548699657178569722e-01,-1.044751538729817436e-01,-8.887178047863739799e-03,2.104254361027100284e-01,7.303415502340310228e-02,1.005622102786409011e-02,-8.150485944847370157e-02,2.382905635989650966e-02,1.990363985992719686e-01,1.318376502450057108e-01,6.399595859283381538e-02,1.397730946769241422e-01,6.109446558435257385e-02,1.401796807256319999e-01,1.458322141396396765e-01,1.662258316612642006e-01,7.293441357934433988e-02,-1.808095836742056040e-01,-1.318559874669956444e-01,3.084251178630783574e-01,1.244238181893449063e-01,1.706924834665896895e-01,2.414329196037781899e-01,-6.645779738416969507e-02,1.823610288752617881e-01,6.059656141420161762e-02,-1.964873840566362662e-01,1.259717717788336744e-01,-5.767230711093136036e-02,1.491891490324424585e-01,-9.298084371491900646e-02,-2.056983603986537734e-01,-8.351295075893956643e-02,2.145262506868760022e-01,-2.488132464234380226e-01,-1.806785782500182902e-01,-2.888345939530090889e-01,1.000000000000000000e+00,4.909157622920840014e-01
-2.834221868602530003e-01,5.088622848741268800e-01,1.369511032392280170e-01,6.373791694291384147e-01,1.831314893270041544e-01,3.816638992155354515e-01,4.636332993360127164e-01,-8.924325766266705262e-02,1.491905883546546241e-01,3.586312063904757430e-01,5.336323110844561901e-01,7.249577415877260789e-01,6.360424309250164443e-01,2.818880895575802681e-01,6.966784860782725408e-01,-3.304795827684817167e-01,3.659577901167335723e-01,2.577596933498189635e-01,-4.454525217264692638e-01,2.465422628716253950e-01,9.823284255381245500e-03,5.436202764720430292e-01,5.631517005899685513e-01,9.439139138650791405e-02,1.820362840176510955e-01,-4.677576836957813566e-01,4.448767269626811571e-01,-4.472427115416928167e-01,-3.284034376851727166e-01,-8.795405234292742735e-02,4.919415914557850322e-01,2.407400588191428992e-01,9.892848649707287889e-02,1.790185615947590125e-01,1.496707257851814625e-02,2.899905979133291303e-03,-9.409505910599767764e-02,4.909157622920840014e-01,1.000000000000000000e+00
