1.000000000000000000e+00,6.647591257537807108e-01,6.590584863965847084e-01,2.700202022499564869e-01,7.639081756393180100e-01,1.373362749204348407e-02,8.963215134184800148e-02,-5.517662236396071451e-01,6.767876151026162024e-01,4.627983215076190704e-01,4.035099628440765862e-01,4.771811401802927843e-01,8.685860670243865378e-02,3.393873896709024840e-01,5.717504437802407580e-01,5.803508959540313317e-01,4.585039853858234871e-01,6.216201061665818095e-01,5.280940779614099467e-01,-2.849421523059821881e-01,2.567558033548081875e-01,8.727980931270158671e-02,3.467915297720531309e-01,1.992018442836339664e-01,3.775496342060182808e-01,6.437265168225055900e-01,3.614929913881135826e-01,4.676790654669421010e-01,3.313141212805694735e-01,1.563425268851239558e-01,3.595411126529547974e-01,4.430016408588675625e-01,5.425884780814447250e-01,7.185044316621282956e-01,-1.151423132930744359e-01,4.901170341236483208e-01,3.405164771306585791e-01,7.356757879952928736e-01,6.796459173749014315e-01
6.647591257537807108e-01,1.000000000000000000e+00,4.893824008887854848e-01,2.123075555007438997e-01,6.974936712194362842e-01,-1.672736803381917603e-02,1.196123475951926390e-01,-3.716179463619882495e-01,7.941888908065741770e-01,7.789374674007569777e-01,1.162268437431998591e-01,8.380415797078658580e-01,-2.061887125990785885e-01,6.722557684326206928e-01,8.231004040895475438e-01,8.402598458112960911e-01,2.339318684517620595e-01,6.131811951085742729e-01,6.222240825750282589e-01,1.825827685394516842e-01,6.180718333074249893e-01,5.547140400757502032e-01,7.160339157567209289e-01,2.523071837911625703e-01,4.400019367212285593e-01,3.487760584832180766e-01,5.385268952976063339e-01,5.795597354450621186e-01,3.977651413408930248e-01,4.864007960980917256e-01,6.000930281671200683e-01,7.876967869868239935e-01,7.558564098594243719e-01,7.215443603222528868e-01,-1.324992983603711372e-01,5.234673603859644198e-01,7.244277414211838240e-01,7.944041658356241209e-01,8.584227470975449581e-01
6.590584863965847084e-01,4.893824008887854848e-01,1.000000000000000000e+00,5.414319485861496251e-01,7.608324379605403420e-01,-6.605008611529461504e-02,2.673852836665770449e-01,-9.027946257756961357e-01,6.819050826253902908e-01,4.421914971851475529e-01,3.727715447845828534e-01,4.009669283580922228e-01,-1.317468822661490568e-01,4.531518362129489108e-01,4.823014977181988572e-01,4.608139480067421911e-01,4.348489385352107828e-01,7.949330220314823059e-01,6.711641638860382786e-01,-4.085456885466152710e-01,3.157223408677370946e-01,5.281343758023420050e-03,3.702500353928187549e-01,8.409684622772067852e-02,4.000376944732685347e-01,7.261803628739436078e-01,4.878055965856634146e-01,5.594071288098521055e-01,2.985820261894238659e-01,3.529262733012979991e-01,5.908813534832633163e-01,4.276868682148067813e-01,6.184135303358153646e-01,8.322786769324715950e-01,-2.520465153193601759e-01,7.096576253655850763e-01,2.634832349777331828e-01,4.667878242355694707e-01,5.147154434356987496e-01
2.700202022499564869e-01,2.123075555007438997e-01,5.414319485861496251e-01,1.000000000000000000e+00,4.744236481744075196e-01,-2.317081664056199197e-01,5.804617681512156402e-01,-5.072478191898328603e-01,3.754065522322446169e-01,1.518568356447923262e-01,2.259534187774987213e-01,2.318659423417178400e-01,-8.096590674149088673e-02,2.359587774240280988e-01,2.433392244497792900e-01,1.769981862715548915e-01,1.875318552549656015e-01,5.234486477220980927e-01,4.850571888069306614e-01,-2.155815290520863570e-01,7.857217899465274158e-02,1.563228559411244944e-02,1.341935492650732364e-01,6.869038714441601245e-02,1.060154055542513601e-01,5.672825422309284438e-01,5.070899181232424446e-01,6.664692376000236340e-01,1.729109958110782164e-01,2.854492397445225760e-01,2.932998253375537767e-01,2.170594653134189089e-01,3.449604303707798914e-01,5.156626615579357198e-01,-2.196568961477742277e-01,5.117143863335659182e-01,8.908286618782373933e-02,1.547996476333266813e-01,2.053063130814302417e-01
7.639081756393180100e-01,6.974936712194362842e-01,7.608324379605403420e-01,4.744236481744075196e-01,1.000000000000000000e+00,-1.055716334156614616e-01,2.090425148014179169e-01,-6.348507109128603831e-01,7.666812118533788967e-01,6.167454651209364203e-01,3.416755214120089090e-01,6.099686420052606861e-01,-7.721407941700476896e-02,4.918842220491612682e-01,6.824030808488693589e-01,6.290405895832371641e-01,3.792977929529903758e-01,8.424375766770311191e-01,7.784206710060205259e-01,-2.155376338557188354e-01,3.315995547473863936e-01,1.857447110281428004e-01,5.181598528183585239e-01,1.313707976888489615e-01,4.559500081596701837e-01,6.638343093359824199e-01,4.996345452243065033e-01,5.549386065758495912e-01,3.164147622753170630e-01,3.573234477275645249e-01,5.060303444665227302e-01,5.653701820246629373e-01,6.629367888426572764e-01,8.605673461547969083e-01,-2.607282781298514984e-01,6.411028412494328421e-01,4.398898221247125040e-01,6.630566868146489101e-01,6.781590699262496358e-01
1.373362749204348407e-02,-1.672736803381917603e-02,-6.605008611529461504e-02,-2.317081664056199197e-01,-1.055716334156614616e-01,1.000000000000000000e+00,1.425515649468676004e-02,1.290087122390883544e-02,-1.679157884258866001e-02,-5.522396455944142413e-02,-2.148409196384027942e-01,-1.373981327559518351e-01,7.453355216145338136e-02,4.211751594623569517e-02,-8.161339789187664964e-03,-1.470818532421674235e-02,-1.747826434427439679e-01,-1.021832143526442693e-01,-4.439049128625929125e-02,6.683226419792141770e-02,1.558374960020709465e-01,-9.466711862478112416e-02,8.638979298548767061e-02,1.694404435490734495e-01,3.158264078206845515e-01,2.292875309029991995e-02,-5.283977263650510570e-02,-8.187877214906141843e-02,3.232621350988999498e-01,-2.205101496237422132e-01,-2.437511408085291445e-02,7.980224149651073129e-02,3.798035429766681570e-02,-1.158951634641300493e-01,5.242457140021580253e-01,-1.096931479471175419e-01,2.170908087999980918e-01,2.658058682214177546e-03,-7.003523097816130583e-02
8.963215134184800148e-02,1.196123475951926390e-01,2.673852836665770449e-01,5.804617681512156402e-01,2.090425148014179169e-01,1.425515649468676004e-02,1.000000000000000000e+00,-3.199589714167498933e-01,2.517610806738055373e-01,1.352285611031657508e-01,2.530932578727964066e-01,1.129000889270098812e-01,-1.345670938778631975e-01,3.077943251136251446e-01,1.041568466572763835e-01,2.133494315951807163e-01,2.694774456389412154e-01,2.312823347559590514e-01,2.487446473436247252e-01,-1.307010258825514956e-02,1.060206424872507380e-01,2.286867727770584835e-01,2.277069194814095587e-01,-6.445330000967089412e-02,1.714786971637101975e-01,2.589118833731261504e-01,5.042243422347507664e-01,5.810062542665480612e-01,9.022998478147339907e-02,4.130294801717134257e-01,3.436155628326583167e-01,3.316260161960262187e-01,2.736762941647022385e-01,2.238653575483671165e-01,-2.295632888609294986e-01,4.064371430234493543e-01,4.619584689009111761e-02,5.581631158448250446e-02,5.665548758409503366e-02
-5.517662236396071451e-01,-3.716179463619882495e-01,-9.027946257756961357e-01,-5.072478191898328603e-01,-6.348507109128603831e-01,1.290087122390883544e-02,-3.199589714167498933e-01,1.000000000000000000e+00,-5.318009806024253106e-01,-3.242343561800561380e-01,-3.327493488869443516e-01,-2.600830965313396526e-01,1.363625781908648360e-01,-3.706667085054077826e-01,-3.224453593222235126e-01,-3.652418760497970762e-01,-3.667999570317916347e-01,-6.831478670126984731e-01,-5.564061534695218247e-01,4.501193057047803703e-01,-2.670868216789690774e-01,7.262316360645707305e-03,-2.943246074479162200e-01,-2.665370410505927753e-02,-3.423133355195990823e-01,-6.359057792441705770e-01,-4.179401479339297509e-01,-5.420440959860951535e-01,-2.027769722324713475e-01,-3.150313524770518292e-01,-5.186914682943014610e-01,-3.193318588522726653e-01,-5.042356467703748013e-01,-7.188996527018630678e-01,2.092807819001887837e-01,-6.652437094196843592e-01,-1.478763093888543767e-01,-3.556368670233937546e-01,-3.980345423344869293e-01
6.767876151026162024e-01,7.941888908065741770e-01,6.819050826253902908e-01,3.754065522322446169e-01,7.666812118533788967e-01,-1.679157884258866001e-02,2.517610806738055373e-01,-5.318009806024253106e-01,1.000000000000000000e+00,7.410682226027941466e-01,2.560548749146822067e-01,7.585142088759098122e-01,-1.701151408914594321e-01,6.964554055824706547e-01,8.046807391405115251e-01,7.668948637466279639e-01,3.443461679471309655e-01,7.722893472046176155e-01,7.617249679589861433e-01,8.698058735495457772e-02,5.767133825073795794e-01,4.204733249341996437e-01,7.028667338815033361e-01,1.913389086320999022e-01,5.852346700003667745e-01,6.243633904517589261e-01,6.942431273718361329e-01,6.002250749422526344e-01,4.760479200988484427e-01,5.325002818428576923e-01,6.666503253208461155e-01,7.690676697119043226e-01,8.191441004990702712e-01,8.420762120629967651e-01,-2.282866381817814094e-01,7.496890372618977283e-01,6.324207815640267016e-01,6.935768077972689349e-01,7.640023312969723701e-01
4.627983215076190704e-01,7.789374674007569777e-01,4.421914971851475529e-01,1.518568356447923262e-01,6.167454651209364203e-01,-5.522396455944142413e-02,1.352285611031657508e-01,-3.242343561800561380e-01,7.410682226027941466e-01,1.000000000000000000e+00,4.967022461961207586e-02,7.859449764451416076e-01,-3.040919343981134948e-01,7.607396096760745685e-01,7.236837310250157085e-01,8.883484309559135372e-01,1.779903083279132936e-01,6.058439322561142149e-01,6.312075280787347031e-01,2.243015716570496421e-01,5.547551420876356554e-01,5.549712960256523164e-01,7.814665496416483004e-01,1.139391376539501954e-01,5.172641508333988281e-01,2.593886160422654852e-01,5.838165599005292750e-01,4.454608028293136623e-01,2.609897063791414840e-01,6.275205116323436805e-01,7.015620937914675004e-01,7.752584469637658904e-01,7.644221228100639420e-01,6.903790231026010193e-01,-1.531166217519548678e-01,5.699269442272011377e-01,6.863915644652567316e-01,6.593941456129929213e-01,7.494959557467915090e-01
4.035099628440765862e-01,1.162268437431998591e-01,3.727715447845828534e-01,2.259534187774987213e-01,3.416755214120089090e-01,-2.148409196384027942e-01,2.530932578727964066e-01,-3.327493488869443516e-01,2.560548749146822067e-01,4.967022461961207586e-02,1.000000000000000000e+00,4.288490633144074332e-02,1.743914983343703984e-01,3.100067884075011562e-02,4.371821985504126262e-02,1.831910084017937257e-01,8.347806980463489124e-01,2.491360644915820155e-01,6.510396784161388839e-02,-3.604900309745660003e-01,-2.795560944720322794e-01,-9.126173488822621194e-02,-9.330754985888373154e-02,-8.872098592648400284e-02,1.057954620974446008e-01,3.852121444732355959e-01,1.738649524420850800e-01,2.857022308118161158e-01,-1.029184648299540789e-01,1.351899609251214773e-01,9.367613201170781057e-02,1.433450640229193551e-01,1.280828461635529492e-01,2.908855054823958342e-01,-4.119855659971721762e-01,3.587073732720200692e-01,-2.624571095008917387e-01,2.763877669599154596e-01,2.109810515780624340e-01
4.771811401802927843e-01,8.380415797078658580e-01,4.009669283580922228e-01,2.318659423417178400e-01,6.099686420052606861e-01,-1.373981327559518351e-01,1.129000889270098812e-01,-2.600830965313396526e-01,7.585142088759098122e-01,7.859449764451416076e-01,4.288490633144074332e-02,1.000000000000000000e+00,-3.203807448807504676e-01,7.174226412054474089e-01,8.942880193222203511e-01,7.895835921552758485e-01,1.959545545242735998e-01,5.450406397354439214e-01,6.079405691651635912e-01,2.831488814391924236e-01,6.448191229115858292e-01,6.566512520016607457e-01,7.746776686896535979e-01,2.369284737823982856e-01,3.956219156862347819e-01,2.570663613577232609e-01,6.186742735445884822e-01,5.656150135717320504e-01,4.241805494989160374e-01,5.392306990842744563e-01,6.535360643721520590e-01,8.491280863632342246e-01,7.906088986785445583e-01,6.766638823497188593e-01,-1.633883346675908677e-01,5.291190167687532808e-01,8.027354309405144717e-01,7.390576262912212924e-01,8.224401514804022817e-01
8.685860670243865378e-02,-2.061887125990785885e-01,-1.317468822661490568e-01,-8.096590674149088673e-02,-7.721407941700476896e-02,7.453355216145338136e-02,-1.345670938778631975e-01,1.363625781908648360e-01,-1.701151408914594321e-01,-3.040919343981134948e-01,1.743914983343703984e-01,-3.203807448807504676e-01,1.000000000000000000e+00,-3.899586008088874456e-01,-2.371418592621911126e-01,-2.645427664868441608e-01,3.335555033017716109e-02,-1.654789312614127761e-01,-1.897914911865726806e-01,-2.302950941868331936e-01,-3.514011482002431519e-01,-3.876016865418118740e-01,-3.966545314502437636e-01,1.443983641611838210e-02,-9.711637453469851300e-02,8.619543121453993040e-02,-2.377997273352201457e-01,-2.335823866688535588e-01,-1.414014021895744766e-01,-4.742368705281645447e-01,-4.376103730568813854e-01,-3.683097895750605533e-01,-3.456564610465323040e-01,-1.446576449159424627e-01,2.209700697515292744e-01,-1.344709585300913335e-01,-3.040503879630113149e-01,-6.701275974968348703e-02,-1.651253365638133963e-01
3.393873896709024840e-01,6.722557684326206928e-01,4.531518362129489108e-01,2.359587774240280988e-01,4.918842220491612682e-01,4.211751594623569517e-02,3.077943251136251446e-01,-3.706667085054077826e-01,6.964554055824706547e-01,7.607396096760745685e-01,3.100067884075011562e-02,7.174226412054474089e-01,-3.899586008088874456e-01,1.000000000000000000e+00,6.728274238871078117e-01,7.523593017034371222e-01,1.801203341704622762e-01,5.462311309153023986e-01,5.789284020503577821e-01,2.804325797942694432e-01,6.098055488456648465e-01,5.812838689411042870e-01,7.725211957688639108e-01,3.675845501818023053e-01,5.290610366101036188e-01,2.781861797075302345e-01,6.519256948200983226e-01,5.369824623342197567e-01,4.380090652091148673e-01,6.359018609157363056e-01,7.721900657185859496e-01,8.036754459463757438e-01,8.082984358342684139e-01,6.044412668504193231e-01,-4.181116249176427407e-02,5.900588339683957573e-01,7.122135427809758168e-01,4.922905283189632497e-01,6.073711689073056919e-01
5.717504437802407580e-01,8.231004040895475438e-01,4.823014977181988572e-01,2.433392244497792900e-01,6.824030808488693589e-01,-8.161339789187664964e-03,1.041568466572763835e-01,-3.224453593222235126e-01,8.046807391405115251e-01,7.236837310250157085e-01,4.371821985504126262e-02,8.942880193222203511e-01,-2.371418592621911126e-01,6.728274238871078117e-01,1.000000000000000000e+00,7.430156853048306420e-01,1.841155989553413530e-01,6.338098505245842729e-01,7.121151357237716084e-01,1.616469805540426408e-01,6.311331334571170792e-01,5.265086621352362828e-01,7.471764491238631622e-01,3.197390291939745666e-01,4.822425491636802009e-01,4.229031862478238590e-01,5.920051146158699096e-01,5.499783116197829447e-01,5.127440597779018283e-01,4.006106295612596457e-01,6.073285865202594502e-01,8.120794282762815453e-01,7.746654751967361197e-01,7.262470641993383769e-01,-1.157956786393622567e-01,5.618868138925521283e-01,7.971988610325546620e-01,7.663799355913345490e-01,8.232967703719206165e-01
5.803508959540313317e-01,8.402598458112960911e-01,4.608139480067421911e-01,1.769981862715548915e-01,6.290405895832371641e-01,-1.470818532421674235e-02,2.133494315951807163e-01,-3.652418760497970762e-01,7.668948637466279639e-01,8.883484309559135372e-01,1.831910084017937257e-01,7.895835921552758485e-01,-2.645427664868441608e-01,7.523593017034371222e-01,7.430156853048306420e-01,1.000000000000000000e+00,2.841725657374955527e-01,5.782995493342965032e-01,5.843649083166900793e-01,1.636240385202906433e-01,5.621763661302205950e-01,6.014206569511936218e-01,7.335868333602858504e-01,2.192717212442645280e-01,4.734893353496171242e-01,3.277031628267230157e-01,6.257812558227507926e-01,5.563266877343753247e-01,2.858166761317263438e-01,5.728905791016848381e-01,6.851090006319586756e-01,8.114784440616346073e-01,7.694393572077199428e-01,7.002744885073696191e-01,-1.275412962465884981e-01,5.821712677721962992e-01,6.699944733527040119e-01,7.419845724952237598e-01,7.993327447734112079e-01
4.585039853858234871e-01,2.339318684517620595e-01,4.348489385352107828e-01,1.875318552549656015e-01,3.792977929529903758e-01,-1.747826434427439679e-01,2.694774456389412154e-01,-3.667999570317916347e-01,3.443461679471309655e-01,1.779903083279132936e-01,8.347806980463489124e-01,1.959545545242735998e-01,3.335555033017716109e-02,1.801203341704622762e-01,1.841155989553413530e-01,2.841725657374955527e-01,1.000000000000000000e+00,3.006054088648083544e-01,1.359541699726497521e-01,-2.747820535496713901e-01,-1.347943457557466973e-01,2.348301032361876234e-02,5.141714717889434016e-02,-5.064633226065429206e-02,1.372861783756127163e-01,3.483579989069898741e-01,1.971779584384350525e-01,2.991767382411547604e-01,-5.694467115659536394e-02,2.145165352096413958e-01,2.739838186338813264e-01,3.025200937703111381e-01,2.389462143264110827e-01,3.502444145086781035e-01,-4.383054450028119886e-01,3.978326738210045121e-01,-1.065651970178995295e-01,3.428398938290862508e-01,3.071540138224681527e-01
6.216201061665818095e-01,6.131811951085742729e-01,7.949330220314823059e-01,5.234486477220980927e-01,8.424375766770311191e-01,-1.021832143526442693e-01,2.312823347559590514e-01,-6.831478670126984731e-01,7.722893472046176155e-01,6.058439322561142149e-01,2.491360644915820155e-01,5.450406397354439214e-01,-1.654789312614127761e-01,5.462311309153023986e-01,6.338098505245842729e-01,5.782995493342965032e-01,3.006054088648083544e-01,1.000000000000000000e+00,8.871364099021490368e-01,-1.963486663455376313e-01,3.941136712151669941e-01,1.933882263390908074e-01,5.293320273781844110e-01,1.065479378142493022e-01,4.428022044788401113e-01,6.872469073453170152e-01,5.490205197113416924e-01,5.269724394617627539e-01,3.430331043562110382e-01,4.008512513085063511e-01,5.742417943327156049e-01,5.649012412951364137e-01,6.702853478547797783e-01,8.412220938772467793e-01,-2.987787880760512937e-01,6.985310756479722327e-01,4.342362499303381029e-01,4.859520505947690361e-01,5.788499781874557604e-01
5.280940779614099467e-01,6.222240825750282589e-01,6.711641638860382786e-01,4.850571888069306614e-01,7.784206710060205259e-01,-4.439049128625929125e-02,2.487446473436247252e-01,-5.564061534695218247e-01,7.617249679589861433e-01,6.312075280787347031e-01,6.510396784161388839e-02,6.079405691651635912e-01,-1.897914911865726806e-01,5.789284020503577821e-01,7.121151357237716084e-01,5.843649083166900793e-01,1.359541699726497521e-01,8.871364099021490368e-01,1.000000000000000000e+00,-6.357425699156418752e-02,4.816888035681203828e-01,2.892096385973346173e-01,6.001386746689731932e-01,1.499254491983574022e-01,4.580941377969521278e-01,6.256467870540037834e-01,6.155040450782458539e-01,4.850770255152186961e-01,3.885693610298539546e-01,3.663989988692321065e-01,5.769292715585673248e-01,6.061659113164018509e-01,6.850064117304600630e-01,7.981941927046732888e-01,-2.174397796608985578e-01,6.495777557265081104e-01,5.421033499441891834e-01,4.774311348089634310e-01,5.640193565233463380e-01
-2.849421523059821881e-01,1.825827685394516842e-01,-4.085456885466152710e-01,-2.155815290520863570e-01,-2.155376338557188354e-01,6.683226419792141770e-02,-1.307010258825514956e-02,4.501193057047803703e-01,8.698058735495457772e-02,2.243015716570496421e-01,-3.604900309745660003e-01,2.831488814391924236e-01,-2.302950941868331936e-01,2.804325797942694432e-01,1.616469805540426408e-01,1.636240385202906433e-01,-2.747820535496713901e-01,-1.963486663455376313e-01,-6.357425699156418752e-02,1.000000000000000000e+00,3.188911864372564464e-01,5.842561659720785228e-01,3.385809285083958287e-01,-1.240966433118267584e-02,4.631476687952282290e-02,-3.468501547031578869e-01,2.093081878227349701e-01,-3.393807448319679110e-03,1.827090492742528827e-01,3.222730068538154913e-01,1.616361597413795426e-01,3.112967644187906724e-01,1.924309132226199315e-01,-1.511440517037387354e-01,1.158535866367837869e-01,-2.843087196142420059e-02,3.902037140360230527e-01,-5.113576405566955946e-02,3.480326275581385742e-02
2.567558033548081875e-01,6.180718333074249893e-01,3.157223408677370946e-01,7.857217899465274158e-02,3.315995547473863936e-01,1.558374960020709465e-01,1.060206424872507380e-01,-2.670868216789690774e-01,5.767133825073795794e-01,5.547551420876356554e-01,-2.795560944720322794e-01,6.448191229115858292e-01,-3.514011482002431519e-01,6.098055488456648465e-01,6.311331334571170792e-01,5.621763661302205950e-01,-1.347943457557466973e-01,3.941136712151669941e-01,4.816888035681203828e-01,3.188911864372564464e-01,1.000000000000000000e+00,5.417129512149131410e-01,6.293740092742753367e-01,3.089779266345022979e-01,2.735567037641812860e-01,1.322952341527060816e-01,4.990077473263678232e-01,3.899559468209459756e-01,4.899870305770305245e-01,3.279456223777978963e-01,5.568512194102974711e-01,6.725995789296443927e-01,6.458311454167036114e-01,4.428675248674698861e-01,7.544370424347257575e-02,3.943698834228026029e-01,7.493019868739647649e-01,3.964270863748296514e-01,4.917053091367757922e-01
8.727980931270158671e-02,5.547140400757502032e-01,5.281343758023420050e-03,1.563228559411244944e-02,1.857447110281428004e-01,-9.466711862478112416e-02,2.286867727770584835e-01,7.262316360645707305e-03,4.204733249341996437e-01,5.549712960256523164e-01,-9.126173488822621194e-02,6.566512520016607457e-01,-3.876016865418118740e-01,5.812838689411042870e-01,5.265086621352362828e-01,6.014206569511936218e-01,2.348301032361876234e-02,1.933882263390908074e-01,2.892096385973346173e-01,5.842561659720785228e-01,5.417129512149131410e-01,1.000000000000000000e+00,5.864850366601183085e-01,2.739006024955439184e-02,1.285539732849229622e-01,-7.258304496020520635e-02,5.488707166299957585e-01,4.389356084624066456e-01,2.159525819775321431e-01,5.274463351316672766e-01,5.029112504318100640e-01,6.741431328216391794e-01,5.674186467179440641e-01,2.872168348463186582e-01,-1.044754855346784056e-01,3.317356959637637881e-01,5.936934119025483181e-01,3.312930632358866423e-01,4.433034653677015435e-01
3.467915297720531309e-01,7.160339157567209289e-01,3.702500353928187549e-01,1.341935492650732364e-01,5.181598528183585239e-01,8.638979298548767061e-02,2.277069194814095587e-01,-2.943246074479162200e-01,7.028667338815033361e-01,7.814665496416483004e-01,-9.330754985888373154e-02,7.746776686896535979e-01,-3.966545314502437636e-01,7.725211957688639108e-01,7.471764491238631622e-01,7.335868333602858504e-01,5.141714717889434016e-02,5.293320273781844110e-01,6.001386746689731932e-01,3.385809285083958287e-01,6.293740092742753367e-01,5.864850366601183085e-01,1.000000000000000000e+00,1.262345476691764112e-01,6.873067615299843780e-01,2.062950992369090575e-01,5.703746808314839045e-01,4.707141553983466564e-01,4.722415176319243457e-01,6.202689105743494080e-01,6.999867678151596717e-01,8.251776096268428340e-01,7.874854451354633689e-01,5.697256341851467676e-01,-8.149002975032300367e-02,5.676958117885704258e-01,7.846285265238004403e-01,5.953921820941695531e-01,7.038938017886537946e-01
1.992018442836339664e-01,2.523071837911625703e-01,8.409684622772067852e-02,6.869038714441601245e-02,1.313707976888489615e-01,1.694404435490734495e-01,-6.445330000967089412e-02,-2.665370410505927753e-02,1.913389086320999022e-01,1.139391376539501954e-01,-8.872098592648400284e-02,2.369284737823982856e-01,1.443983641611838210e-02,3.675845501818023053e-01,3.197390291939745666e-01,2.192717212442645280e-01,-5.064633226065429206e-02,1.065479378142493022e-01,1.499254491983574022e-01,-1.240966433118267584e-02,3.089779266345022979e-01,2.739006024955439184e-02,1.262345476691764112e-01,1.000000000000000000e+00,8.724510939789183184e-02,2.026532099769610407e-01,1.628737882074397791e-01,2.247232853686860765e-01,3.986046557396294432e-01,-1.730866456640425821e-01,5.741400907423413469e-02,2.255536274597095825e-01,2.148609370395107576e-01,1.251610076839576036e-01,4.461363485088012948e-01,4.837244252258530303e-02,4.042172646122924040e-01,2.551585974732503703e-01,2.168830951127780904e-01
3.775496342060182808e-01,4.400019367212285593e-01,4.000376944732685347e-01,1.060154055542513601e-01,4.559500081596701837e-01,3.158264078206845515e-01,1.714786971637101975e-01,-3.423133355195990823e-01,5.852346700003667745e-01,5.172641508333988281e-01,1.057954620974446008e-01,3.956219156862347819e-01,-9.711637453469851300e-02,5.290610366101036188e-01,4.822425491636802009e-01,4.734893353496171242e-01,1.372861783756127163e-01,4.428022044788401113e-01,4.580941377969521278e-01,4.631476687952282290e-02,2.735567037641812860e-01,1.285539732849229622e-01,6.873067615299843780e-01,8.724510939789183184e-02,1.000000000000000000e+00,3.746390761347911935e-01,3.339881573901588574e-01,2.775499049457678113e-01,4.429009588894512461e-01,3.706898168347526612e-01,4.506604243883044481e-01,5.076794180882369112e-01,5.432420111532149098e-01,4.639713965710181576e-01,2.090148451127992607e-03,5.505944925603034612e-01,4.589086192231882633e-01,4.751059553702524640e-01,5.296771182091932761e-01
6.437265168225055900e-01,3.487760584832180766e-01,7.261803628739436078e-01,5.672825422309284438e-01,6.638343093359824199e-01,2.292875309029991995e-02,2.589118833731261504e-01,-6.359057792441705770e-01,6.243633904517589261e-01,2.593886160422654852e-01,3.852121444732355959e-01,2.570663613577232609e-01,8.619543121453993040e-02,2.781861797075302345e-01,4.229031862478238590e-01,3.277031628267230157e-01,3.483579989069898741e-01,6.872469073453170152e-01,6.256467870540037834e-01,-3.468501547031578869e-01,1.322952341527060816e-01,-7.258304496020520635e-02,2.062950992369090575e-01,2.026532099769610407e-01,3.746390761347911935e-01,1.000000000000000000e+00,5.493614033711327060e-01,5.341549422682293491e-01,3.666339655360771332e-01,7.987275646538465057e-02,3.070376833140134876e-01,2.800017627348326821e-01,4.978302427329421853e-01,7.035815939363290195e-01,-1.241634009412470735e-01,6.324997183245483212e-01,1.828163704924385957e-01,3.832688068317003927e-01,3.830318685302097625e-01
3.614929913881135826e-01,5.385268952976063339e-01,4.878055965856634146e-01,5.070899181232424446e-01,4.996345452243065033e-01,-5.283977263650510570e-02,5.042243422347507664e-01,-4.179401479339297509e-01,6.942431273718361329e-01,5.838165599005292750e-01,1.738649524420850800e-01,6.186742735445884822e-01,-2.377997273352201457e-01,6.519256948200983226e-01,5.920051146158699096e-01,6.257812558227507926e-01,1.971779584384350525e-01,5.490205197113416924e-01,6.155040450782458539e-01,2.093081878227349701e-01,4.990077473263678232e-01,5.488707166299957585e-01,5.703746808314839045e-01,1.628737882074397791e-01,3.339881573901588574e-01,5.493614033711327060e-01,1.000000000000000000e+00,6.966084474945367644e-01,4.071743469577812080e-01,4.910873149360238665e-01,6.399164724619367250e-01,6.940437585910377294e-01,7.706383374292367083e-01,6.533380611719510345e-01,-1.100285542633828162e-01,6.814928563894736557e-01,5.535015880349407613e-01,4.059690070452220967e-01,4.753250216203355749e-01
4.676790654669421010e-01,5.795597354450621186e-01,5.594071288098521055e-01,6.664692376000236340e-01,5.549386065758495912e-01,-8.187877214906141843e-02,5.810062542665480612e-01,-5.420440959860951535e-01,6.002250749422526344e-01,4.454608028293136623e-01,2.857022308118161158e-01,5.656150135717320504e-01,-2.335823866688535588e-01,5.369824623342197567e-01,5.499783116197829447e-01,5.563266877343753247e-01,2.991767382411547604e-01,5.269724394617627539e-01,4.850770255152186961e-01,-3.393807448319679110e-03,3.899559468209459756e-01,4.389356084624066456e-01,4.707141553983466564e-01,2.247232853686860765e-01,2.775499049457678113e-01,5.341549422682293491e-01,6.966084474945367644e-01,1.000000000000000000e+00,4.031821306198987709e-01,4.825682542900424088e-01,5.367812594278726923e-01,6.018508994544818913e-01,6.707535422065483699e-01,6.177399076745765383e-01,-1.167858189664465057e-01,6.306864400954613759e-01,4.574373452137425189e-01,5.133365046575132373e-01,5.546706805692623865e-01
3.313141212805694735e-01,3.977651413408930248e-01,2.985820261894238659e-01,1.729109958110782164e-01,3.164147622753170630e-01,3.232621350988999498e-01,9.022998478147339907e-02,-2.027769722324713475e-01,4.760479200988484427e-01,2.609897063791414840e-01,-1.029184648299540789e-01,4.241805494989160374e-01,-1.414014021895744766e-01,4.380090652091148673e-01,5.127440597779018283e-01,2.858166761317263438e-01,-5.694467115659536394e-02,3.430331043562110382e-01,3.885693610298539546e-01,1.827090492742528827e-01,4.899870305770305245e-01,2.159525819775321431e-01,4.722415176319243457e-01,3.986046557396294432e-01,4.429009588894512461e-01,3.666339655360771332e-01,4.071743469577812080e-01,4.031821306198987709e-01,1.000000000000000000e+00,1.506074794085840995e-01,3.220885019333821209e-01,4.996440291881218410e-01,5.499058335713470358e-01,3.294213828094653684e-01,2.526084857035977849e-01,2.950604777244434374e-01,6.434609037575649282e-01,3.109019851087731490e-01,3.328688304712708046e-01
1.563425268851239558e-01,4.864007960980917256e-01,3.529262733012979991e-01,2.854492397445225760e-01,3.573234477275645249e-01,-2.205101496237422132e-01,4.130294801717134257e-01,-3.150313524770518292e-01,5.325002818428576923e-01,6.275205116323436805e-01,1.351899609251214773e-01,5.392306990842744563e-01,-4.742368705281645447e-01,6.359018609157363056e-01,4.006106295612596457e-01,5.728905791016848381e-01,2.145165352096413958e-01,4.008512513085063511e-01,3.663989988692321065e-01,3.222730068538154913e-01,3.279456223777978963e-01,5.274463351316672766e-01,6.202689105743494080e-01,-1.730866456640425821e-01,3.706898168347526612e-01,7.987275646538465057e-02,4.910873149360238665e-01,4.825682542900424088e-01,1.506074794085840995e-01,1.000000000000000000e+00,6.848695028772494586e-01,6.035850410922045661e-01,5.662261025842196815e-01,4.458568701217797692e-01,-3.805388687936518965e-01,5.155406215714650742e-01,3.507237036441095968e-01,3.238386083544343430e-01,4.445519115306037494e-01
3.595411126529547974e-01,6.000930281671200683e-01,5.908813534832633163e-01,2.932998253375537767e-01,5.060303444665227302e-01,-2.437511408085291445e-02,3.436155628326583167e-01,-5.186914682943014610e-01,6.666503253208461155e-01,7.015620937914675004e-01,9.367613201170781057e-02,6.535360643721520590e-01,-4.376103730568813854e-01,7.721900657185859496e-01,6.073285865202594502e-01,6.851090006319586756e-01,2.739838186338813264e-01,5.742417943327156049e-01,5.769292715585673248e-01,1.616361597413795426e-01,5.568512194102974711e-01,5.029112504318100640e-01,6.999867678151596717e-01,5.741400907423413469e-02,4.506604243883044481e-01,3.070376833140134876e-01,6.399164724619367250e-01,5.367812594278726923e-01,3.220885019333821209e-01,6.848695028772494586e-01,1.000000000000000000e+00,7.459575492328480717e-01,7.594764783191279012e-01,6.501581517358550055e-01,-2.000989493940382447e-01,5.947457409754670632e-01,5.770722572822084562e-01,4.527287326284671898e-01,5.672557134140304713e-01
4.430016408588675625e-01,7.876967869868239935e-01,4.276868682148067813e-01,2.170594653134189089e-01,5.653701820246629373e-01,7.980224149651073129e-02,3.316260161960262187e-01,-3.193318588522726653e-01,7.690676697119043226e-01,7.752584469637658904e-01,1.433450640229193551e-01,8.491280863632342246e-01,-3.683097895750605533e-01,8.036754459463757438e-01,8.120794282762815453e-01,8.114784440616346073e-01,3.025200937703111381e-01,5.649012412951364137e-01,6.061659113164018509e-01,3.112967644187906724e-01,6.725995789296443927e-01,6.741431328216391794e-01,8.251776096268428340e-01,2.255536274597095825e-01,5.076794180882369112e-01,2.800017627348326821e-01,6.940437585910377294e-01,6.018508994544818913e-01,4.996440291881218410e-01,6.035850410922045661e-01,7.459575492328480717e-01,1.000000000000000000e+00,8.334178986516198595e-01,6.295837294662729455e-01,-1.323239409973263614e-01,5.946980680722404600e-01,7.944447484925010183e-01,6.515827699949077179e-01,7.315755212868506607e-01
5.425884780814447250e-01,7.558564098594243719e-01,6.184135303358153646e-01,3.449604303707798914e-01,6.629367888426572764e-01,3.798035429766681570e-02,2.736762941647022385e-01,-5.042356467703748013e-01,8.191441004990702712e-01,7.644221228100639420e-01,1.280828461635529492e-01,7.906088986785445583e-01,-3.456564610465323040e-01,8.082984358342684139e-01,7.746654751967361197e-01,7.694393572077199428e-01,2.389462143264110827e-01,6.702853478547797783e-01,6.850064117304600630e-01,1.924309132226199315e-01,6.458311454167036114e-01,5.674186467179440641e-01,7.874854451354633689e-01,2.148609370395107576e-01,5.432420111532149098e-01,4.978302427329421853e-01,7.706383374292367083e-01,6.707535422065483699e-01,5.499058335713470358e-01,5.662261025842196815e-01,7.594764783191279012e-01,8.334178986516198595e-01,1.000000000000000000e+00,7.669554434686901567e-01,-5.388586552426726656e-02,7.040261944742131073e-01,7.639328354234449225e-01,6.225518964434495484e-01,7.093008692771668455e-01
7.185044316621282956e-01,7.215443603222528868e-01,8.322786769324715950e-01,5.156626615579357198e-01,8.605673461547969083e-01,-1.158951634641300493e-01,2.238653575483671165e-01,-7.188996527018630678e-01,8.420762120629967651e-01,6.903790231026010193e-01,2.908855054823958342e-01,6.766638823497188593e-01,-1.446576449159424627e-01,6.044412668504193231e-01,7.262470641993383769e-01,7.002744885073696191e-01,3.502444145086781035e-01,8.412220938772467793e-01,7.981941927046732888e-01,-1.511440517037387354e-01,4.428675248674698861e-01,2.872168348463186582e-01,5.697256341851467676e-01,1.251610076839576036e-01,4.639713965710181576e-01,7.035815939363290195e-01,6.533380611719510345e-01,6.177399076745765383e-01,3.294213828094653684e-01,4.458568701217797692e-01,6.501581517358550055e-01,6.295837294662729455e-01,7.669554434686901567e-01,1.000000000000000000e+00,-2.438445119545949169e-01,7.584766562028728565e-01,5.007436127372902890e-01,6.621703315244588106e-01,7.190951067531985430e-01
-1.151423132930744359e-01,-1.324992983603711372e-01,-2.520465153193601759e-01,-2.196568961477742277e-01,-2.607282781298514984e-01,5.242457140021580253e-01,-2.295632888609294986e-01,2.092807819001887837e-01,-2.282866381817814094e-01,-1.531166217519548678e-01,-4.119855659971721762e-01,-1.633883346675908677e-01,2.209700697515292744e-01,-4.181116249176427407e-02,-1.157956786393622567e-01,-1.275412962465884981e-01,-4.383054450028119886e-01,-2.987787880760512937e-01,-2.174397796608985578e-01,1.158535866367837869e-01,7.544370424347257575e-02,-1.044754855346784056e-01,-8.149002975032300367e-02,4.461363485088012948e-01,2.090148451127992607e-03,-1.241634009412470735e-01,-1.100285542633828162e-01,-1.167858189664465057e-01,2.526084857035977849e-01,-3.805388687936518965e-01,-2.000989493940382447e-01,-1.323239409973263614e-01,-5.388586552426726656e-02,-2.438445119545949169e-01,1.000000000000000000e+00,-2.617617527046364745e-01,2.293833267029078693e-01,-5.843536752902728226e-02,-1.606537201995511532e-01
4.901170341236483208e-01,5.234673603859644198e-01,7.096576253655850763e-01,5.117143863335659182e-01,6.411028412494328421e-01,-1.096931479471175419e-01,4.064371430234493543e-01,-6.652437094196843592e-01,7.496890372618977283e-01,5.699269442272011377e-01,3.587073732720200692e-01,5.291190167687532808e-01,-1.344709585300913335e-01,5.900588339683957573e-01,5.618868138925521283e-01,5.821712677721962992e-01,3.978326738210045121e-01,6.985310756479722327e-01,6.495777557265081104e-01,-2.843087196142420059e-02,3.943698834228026029e-01,3.317356959637637881e-01,5.676958117885704258e-01,4.837244252258530303e-02,5.505944925603034612e-01,6.324997183245483212e-01,6.814928563894736557e-01,6.306864400954613759e-01,2.950604777244434374e-01,5.155406215714650742e-01,5.947457409754670632e-01,5.946980680722404600e-01,7.040261944742131073e-01,7.584766562028728565e-01,-2.617617527046364745e-01,1.000000000000000000e+00,3.820443065670245941e-01,4.689394298480228374e-01,5.593766869389629193e-01
3.405164771306585791e-01,7.244277414211838240e-01,2.634832349777331828e-01,8.908286618782373933e-02,4.398898221247125040e-01,2.170908087999980918e-01,4.619584689009111761e-02,-1.478763093888543767e-01,6.324207815640267016e-01,6.863915644652567316e-01,-2.624571095008917387e-01,8.027354309405144717e-01,-3.040503879630113149e-01,7.122135427809758168e-01,7.971988610325546620e-01,6.699944733527040119e-01,-1.065651970178995295e-01,4.342362499303381029e-01,5.421033499441891834e-01,3.902037140360230527e-01,7.493019868739647649e-01,5.936934119025483181e-01,7.846285265238004403e-01,4.042172646122924040e-01,4.589086192231882633e-01,1.828163704924385957e-01,5.535015880349407613e-01,4.574373452137425189e-01,6.434609037575649282e-01,3.507237036441095968e-01,5.770722572822084562e-01,7.944447484925010183e-01,7.639328354234449225e-01,5.007436127372902890e-01,2.293833267029078693e-01,3.820443065670245941e-01,1.000000000000000000e+00,5.851298969099834046e-01,6.524005026859793777e-01
7.356757879952928736e-01,7.944041658356241209e-01,4.667878242355694707e-01,1.547996476333266813e-01,6.630566868146489101e-01,2.658058682214177546e-03,5.581631158448250446e-02,-3.556368670233937546e-01,6.935768077972689349e-01,6.593941456129929213e-01,2.763877669599154596e-01,7.390576262912212924e-01,-6.701275974968348703e-02,4.922905283189632497e-01,7.663799355913345490e-01,7.419845724952237598e-01,3.428398938290862508e-01,4.859520505947690361e-01,4.774311348089634310e-01,-5.113576405566955946e-02,3.964270863748296514e-01,3.312930632358866423e-01,5.953921820941695531e-01,2.551585974732503703e-01,4.751059553702524640e-01,3.832688068317003927e-01,4.059690070452220967e-01,5.133365046575132373e-01,3.109019851087731490e-01,3.238386083544343430e-01,4.527287326284671898e-01,6.515827699949077179e-01,6.225518964434495484e-01,6.621703315244588106e-01,-5.843536752902728226e-02,4.689394298480228374e-01,5.851298969099834046e-01,1.000000000000000000e+00,8.983541103911978354e-01
6.796459173749014315e-01,8.584227470975449581e-01,5.147154434356987496e-01,2.053063130814302417e-01,6.781590699262496358e-01,-7.003523097816130583e-02,5.665548758409503366e-02,-3.980345423344869293e-01,7.640023312969723701e-01,7.494959557467915090e-01,2.109810515780624340e-01,8.224401514804022817e-01,-1.651253365638133963e-01,6.073711689073056919e-01,8.232967703719206165e-01,7.993327447734112079e-01,3.071540138224681527e-01,5.788499781874557604e-01,5.640193565233463380e-01,3.480326275581385742e-02,4.917053091367757922e-01,4.433034653677015435e-01,7.038938017886537946e-01,2.168830951127780904e-01,5.296771182091932761e-01,3.830318685302097625e-01,4.753250216203355749e-01,5.546706805692623865e-01,3.328688304712708046e-01,4.445519115306037494e-01,5.672557134140304713e-01,7.315755212868506607e-01,7.093008692771668455e-01,7.190951067531985430e-01,-1.606537201995511532e-01,5.593766869389629193e-01,6.524005026859793777e-01,8.983541103911978354e-01,1.000000000000000000e+00
