1.000000000000000000e+00,4.299939062928614941e-01,4.296969124756834790e-01,1.515688557885845056e-01,2.829757877538990885e-01,7.133186890153367377e-02,-1.458311855119168166e-01,-3.818794561037845980e-01,6.164052868616792802e-01,3.029692671173687124e-01,3.310979910453437092e-01,1.793959683072201272e-01,1.809146990081952552e-02,5.829208863822932241e-01,-3.150983642687322228e-01,7.354160646298393278e-01,1.924767261001421037e-01,-4.180755784347459786e-02,2.435700850760570135e-01,1.439638397061069608e-01,2.347174123275572177e-01,1.800845858953931816e-02,2.390908458231908174e-01,2.497769177621484982e-01,6.737605047938632907e-01,-5.196517554078208118e-02,-8.642296254290636470e-02,2.387454142323685025e-01,6.869915250662794737e-01,5.048017974636065386e-01,2.141100458945055518e-01,4.964724524971689812e-01,3.784922446769251048e-01,3.496253897806043121e-01,1.234315741129924648e-01,6.050111277536666110e-01,5.160424623629988883e-01,-2.130913587107975682e-01,5.047960530197210804e-01
4.299939062928614941e-01,1.000000000000000000e+00,3.380772452508183368e-01,-1.498448785380195325e-01,4.344213085325747126e-01,1.441919472637117339e-01,-2.280755328399896864e-01,-3.174161910005647846e-01,5.447201798847919330e-01,5.074120796526208066e-01,3.935180724698231214e-01,1.819075977198539029e-01,-2.733702291851327626e-01,5.396722838007587120e-01,-3.289559426350381621e-02,3.424606419097941390e-01,-1.901863384658494804e-01,4.900743550219174849e-02,2.261969299410624690e-01,-1.150938220523801438e-02,4.108004553734609376e-01,1.151590830779490593e-01,2.639806062633024419e-01,4.537249483442700737e-01,1.814750415023173580e-01,3.686945188517880001e-01,3.771559613565269031e-01,3.683228038535438231e-01,3.871348402033386593e-01,5.452957548855202896e-01,3.524311920809448107e-01,5.657976687145298555e-01,4.236646358307569193e-01,3.843287374255242583e-01,3.508602762671112485e-01,3.351577724288569149e-01,3.016062675491885114e-01,1.193284535296002535e-01,3.039106763958974722e-01
4.296969124756834790e-01,3.380772452508183368e-01,1.000000000000000000e+00,-4.965211852370236822e-02,6.092401805953147065e-01,-9.239387249205562036e-02,2.171795163873962153e-01,-8.606025129064150958e-01,5.844353816222215281e-01,2.082609207727206813e-01,1.809300087136994084e-01,3.331503609315030201e-01,-3.785322375344927770e-01,5.770905680420481687e-01,6.268435136303306121e-02,5.188774876511362821e-01,4.371531108827012013e-02,1.758074991619979210e-01,4.425875328981778156e-01,-2.455423364988254531e-01,3.619117474038685556e-01,3.347462054765577844e-02,5.836481139031551857e-01,3.162172093425166808e-01,1.693293014634457971e-01,2.718165139372761829e-01,1.320395591393577484e-01,4.385874722578368967e-01,3.069859048358242193e-01,5.381876731417786219e-01,6.394524382586401767e-01,3.705757942080235012e-01,5.310089230830770113e-01,5.795623984831024256e-01,4.418758819173483898e-01,3.309929877135298626e-01,8.550089069436783706e-02,1.971306247962726077e-01,4.283898632218590130e-01
1.515688557885845056e-01,-1.498448785380195325e-01,-4.965211852370236822e-02,1.000000000000000000e+00,-9.518214585796300198e-02,3.888007368310297807e-02,4.360081940467527145e-02,1.894007503798043335e-01,4.187904300546049785e-02,-4.445819643714740005e-02,6.724496943280330874e-02,2.203540683684302448e-01,2.529346524039993716e-01,8.224501677359215279e-02,-2.631529175307302237e-01,2.318353624882338038e-01,2.149867769275138063e-01,2.360236475940347134e-01,1.777839776493964907e-01,-2.195382315508230195e-02,-3.047412948988435510e-01,1.151351006744733840e-01,-1.238967587454990193e-01,-1.397628694153745521e-01,1.242483073828505730e-01,-2.741039626809503305e-01,-2.214367674846783873e-01,-2.895617042293118226e-01,5.550824540539076729e-02,-3.272917781315388963e-02,-1.995471174444885254e-01,8.899988246704743089e-02,-2.622044450349347855e-01,-8.377134545830232371e-02,1.047091456605895032e-01,3.258806837754751884e-01,1.127485452821257866e-01,-2.550352797020404849e-01,2.389111932493572510e-01
2.829757877538990885e-01,4.344213085325747126e-01,6.092401805953147065e-01,-9.518214585796300198e-02,1.000000000000000000e+00,1.693349748652347303e-02,1.611436319595508371e-01,-5.247419235635701895e-01,6.457185621748189330e-01,4.140882570057027312e-01,2.861683313377588744e-01,3.214746581251723412e-01,-4.261830362386507809e-01,5.905030812965026410e-01,1.827441015116787748e-01,4.159446345607752393e-01,-2.296054965567761175e-01,3.031853835864781188e-01,5.791903477159096036e-01,-2.479042439220474625e-01,1.458539426862488775e-01,3.545229421447716744e-02,5.647376706042028793e-01,2.351236276941728875e-01,-3.407870148071773242e-02,5.843841441353493371e-01,4.117389331654532914e-01,5.832149901970794525e-01,3.184393438242507091e-01,5.817178478391722418e-01,5.996391957891685776e-01,4.184680727948205670e-01,3.411137004981899534e-01,6.416639905528265242e-01,4.828374773734674386e-01,2.475111928427875807e-01,-2.689308953287078679e-03,3.570365718007662559e-01,4.092312644022103041e-01
7.133186890153367377e-02,1.441919472637117339e-01,-9.239387249205562036e-02,3.888007368310297807e-02,1.693349748652347303e-02,1.000000000000000000e+00,-2.441432989759887429e-01,1.374051302694744014e-01,4.401780405485541378e-05,3.538515652265389888e-01,4.212442394627949338e-01,-4.790118762061570390e-01,-2.246754548307176858e-01,2.270649664384787048e-01,-5.578184981218061722e-01,-9.789173865802433538e-02,-1.791078202687515775e-01,-3.063819823587525248e-01,1.185100162058086021e-01,1.772593331042282561e-01,1.343762609096480626e-02,4.003984569415947048e-02,-1.913849096568839281e-01,2.324327793527451724e-01,3.055796246627386359e-01,-1.514506700521793814e-01,3.753843908176334732e-01,-5.156970098281223741e-03,2.692500066412413240e-01,-1.171726770733262091e-01,-4.027013717292084421e-04,5.113977314930751028e-02,5.979106753762570420e-02,-2.151036772582148593e-01,4.202899781864731510e-02,-2.329627271899056135e-02,4.916529354697191101e-01,-4.711356064493912865e-01,-3.493624797606557086e-01
-1.458311855119168166e-01,-2.280755328399896864e-01,2.171795163873962153e-01,4.360081940467527145e-02,1.611436319595508371e-01,-2.441432989759887429e-01,1.000000000000000000e+00,-1.600337998172855769e-01,1.004335164013721443e-01,-2.044730024199338247e-01,-1.497895887487248612e-01,1.657341206054323557e-01,-2.205390544416034257e-02,-6.262537283424787771e-02,3.149308968603756753e-01,1.036519664041450454e-02,-1.168618200920266970e-01,7.114627595351313838e-02,2.197996734535118124e-01,-3.480642381960212250e-01,-2.220572077066127470e-01,-1.246202160618307409e-01,3.726978010710773059e-01,1.834024436676903735e-02,-2.178028194717519794e-01,9.339330950820760868e-02,-1.117462594471598306e-03,3.174100177910704063e-02,-2.126471950501426789e-01,1.403879693387879990e-01,1.148796352704631180e-01,-8.295573966294385315e-02,-1.055663272544981462e-01,2.426614438209937219e-01,1.853678059719321980e-01,-2.729043668251125015e-02,-2.730633163378417549e-01,2.792100952956780291e-01,5.450976700858951168e-02
-3.818794561037845980e-01,-3.174161910005647846e-01,-8.606025129064150958e-01,1.894007503798043335e-01,-5.247419235635701895e-01,1.374051302694744014e-01,-1.600337998172855769e-01,1.000000000000000000e+00,-4.786834091674375680e-01,-1.549313912899203394e-01,-1.193226942468528784e-01,-2.932012201601820744e-01,3.361210953227190545e-01,-4.767880920387882471e-01,-9.817213435667802857e-02,-4.650975957928073501e-01,-4.325205390455060667e-02,-1.013302167793684178e-01,-3.578230099596583225e-01,1.796289280097526642e-01,-4.225984249845962659e-01,-4.616901344160950077e-02,-5.483964445875580962e-01,-2.843430510756108087e-01,-1.333307485404111037e-01,-2.278323028695235508e-01,-9.494065191795628134e-02,-3.689431878519736085e-01,-2.401154289880421955e-01,-4.858783418566541279e-01,-5.678821617332593386e-01,-3.023252547290122827e-01,-5.316996888582647962e-01,-5.069801162589809840e-01,-3.329449909694527365e-01,-2.597619655232788483e-01,-4.226169640182144555e-02,-1.954617199779163095e-01,-3.758769359299774515e-01
6.164052868616792802e-01,5.447201798847919330e-01,5.844353816222215281e-01,4.187904300546049785e-02,6.457185621748189330e-01,4.401780405485541378e-05,1.004335164013721443e-01,-4.786834091674375680e-01,1.000000000000000000e+00,5.062210160242920365e-01,2.861184710956332089e-01,3.872614387942145964e-01,-2.736176446829961528e-01,6.322215638080379563e-01,9.110678412867748155e-02,6.600955316143218843e-01,-3.540453972219961831e-02,2.205574885481111080e-01,5.472510199059650304e-01,-1.535968275036163344e-01,2.099747447956848978e-01,7.571937685944213348e-02,5.537969155365212170e-01,3.039899358009742203e-01,2.958777916664745988e-01,4.543860651423454189e-01,3.485459666020353509e-01,5.398471616453291988e-01,4.994149670311191502e-01,7.578967309533415353e-01,5.732288831188333544e-01,4.777309364445487261e-01,4.346753990496278752e-01,7.448187592975944460e-01,3.740184872980532593e-01,4.446164471758126679e-01,1.600346881075745964e-01,2.776965733941500480e-01,5.984040461132528188e-01
3.029692671173687124e-01,5.074120796526208066e-01,2.082609207727206813e-01,-4.445819643714740005e-02,4.140882570057027312e-01,3.538515652265389888e-01,-2.044730024199338247e-01,-1.549313912899203394e-01,5.062210160242920365e-01,1.000000000000000000e+00,3.462546011471137608e-01,-8.973683170859467206e-02,-2.899802311439230174e-01,4.519547640115286757e-01,-4.600564300110798061e-02,3.378573816774415595e-01,-1.815496617150413328e-01,9.298733833746224142e-02,3.926580057840383109e-01,1.067268015283749094e-01,3.432335277201478130e-01,1.882884880194748700e-01,1.194445977458015312e-01,3.124454462053692372e-01,2.210367840687879892e-01,4.085749079279573648e-01,5.882250825792159077e-01,4.467223169692771667e-01,3.660832558499706457e-01,4.786362555936155561e-01,2.992862254220328144e-01,1.622493813033178134e-01,2.117970687500467797e-01,2.402464898032433682e-01,1.541011739164252214e-01,2.204961686700181722e-01,1.584946315083460011e-01,1.227055967057932850e-01,7.459450620257711273e-02
3.310979910453437092e-01,3.935180724698231214e-01,1.809300087136994084e-01,6.724496943280330874e-02,2.861683313377588744e-01,4.212442394627949338e-01,-1.497895887487248612e-01,-1.193226942468528784e-01,2.861184710956332089e-01,3.462546011471137608e-01,1.000000000000000000e+00,7.637833716228055285e-03,-1.458969553698523380e-01,5.339190421477111315e-01,-3.492087028526810744e-01,2.679224643234585646e-01,-1.272509639079585642e-01,3.141551290471494839e-02,2.234519702795231821e-01,7.927876580152906638e-02,3.858424360297500050e-02,6.544226484429374602e-02,1.079382023295807763e-01,3.836597612663750767e-01,2.160494685689016425e-01,3.569036599040686236e-02,2.359392200053245792e-01,2.020181713660988976e-01,5.247558875407265511e-01,2.411726311338850404e-01,1.578836448896924205e-01,5.517771498285272136e-01,1.998614387305277240e-01,1.013433092579935496e-01,2.028069969601591638e-01,4.138078096530276584e-01,4.613544997293164140e-01,-2.834648261572200734e-01,2.178103105540547813e-02
1.793959683072201272e-01,1.819075977198539029e-01,3.331503609315030201e-01,2.203540683684302448e-01,3.214746581251723412e-01,-4.790118762061570390e-01,1.657341206054323557e-01,-2.932012201601820744e-01,3.872614387942145964e-01,-8.973683170859467206e-02,7.637833716228055285e-03,1.000000000000000000e+00,7.747863804166829627e-02,2.206492352808429591e-01,4.197814025962778306e-01,3.713147085094166133e-01,2.771481476011631861e-01,5.613925215038475525e-01,3.031635428991142911e-01,-2.437814880760832414e-01,-1.139178280260006726e-01,2.695437041412176646e-02,3.928228020075671401e-01,-1.324054420432738133e-01,-2.638141885357354055e-01,2.756587138332987630e-01,-7.295494739432632769e-02,5.259412310536867169e-02,-5.333295481309494740e-02,3.901102837701502790e-01,2.293241648054381021e-01,2.700317464873493445e-01,1.011786175276430250e-01,5.753967462626899954e-01,3.721046703661684552e-01,3.705658740790623851e-01,-3.782582911982508844e-01,3.960949331352622838e-01,6.714067189989240125e-01
1.809146990081952552e-02,-2.733702291851327626e-01,-3.785322375344927770e-01,2.529346524039993716e-01,-4.261830362386507809e-01,-2.246754548307176858e-01,-2.205390544416034257e-02,3.361210953227190545e-01,-2.736176446829961528e-01,-2.899802311439230174e-01,-1.458969553698523380e-01,7.747863804166829627e-02,1.000000000000000000e+00,-3.561348309451298211e-01,-5.813484049700208545e-02,-2.439213094499913996e-04,2.108124614976372990e-01,1.366607635668103289e-02,-1.724137425188154993e-01,2.503716479015971608e-01,-2.321207259791866206e-01,8.963348194017846382e-02,-2.990288229815504795e-01,-2.829067887953484739e-01,7.325439759023104347e-02,-3.968478050357441833e-01,-4.132451762402623574e-01,-4.665523593964373550e-01,-1.580422434984966318e-01,-1.924193623423647581e-01,-6.118622233289757739e-01,-1.027473319050328376e-01,-3.788845976697473028e-01,-2.917280675973011328e-01,-3.476983058201481014e-01,1.253390705499614899e-01,-3.856865587771064752e-02,-1.553361185066897965e-01,1.032500458901043777e-01
5.829208863822932241e-01,5.396722838007587120e-01,5.770905680420481687e-01,8.224501677359215279e-02,5.905030812965026410e-01,2.270649664384787048e-01,-6.262537283424787771e-02,-4.767880920387882471e-01,6.322215638080379563e-01,4.519547640115286757e-01,5.339190421477111315e-01,2.206492352808429591e-01,-3.561348309451298211e-01,1.000000000000000000e+00,-2.402929685723767528e-01,5.817684249567145471e-01,-3.271759737565588938e-02,1.677064198830043040e-01,4.328027009933045344e-01,-6.569496774783227522e-02,2.178728672381441134e-01,-1.770556116982785824e-02,3.926578536906073502e-01,5.449729107414112983e-01,3.984209517166708014e-01,2.175114071259700577e-01,2.503777698697344234e-01,3.857358006572251807e-01,6.103422727378194912e-01,5.722436204495739975e-01,4.762511743394208241e-01,5.728360975615306439e-01,5.581336393644662497e-01,4.548149348973424821e-01,5.282663466434937005e-01,5.659035691382440225e-01,4.322403311516885838e-01,-7.427202251143434630e-02,3.755355643304824076e-01
-3.150983642687322228e-01,-3.289559426350381621e-02,6.268435136303306121e-02,-2.631529175307302237e-01,1.827441015116787748e-01,-5.578184981218061722e-01,3.149308968603756753e-01,-9.817213435667802857e-02,9.110678412867748155e-02,-4.600564300110798061e-02,-3.492087028526810744e-01,4.197814025962778306e-01,-5.813484049700208545e-02,-2.402929685723767528e-01,1.000000000000000000e+00,-1.168550919226807594e-01,-3.428927457794427036e-02,3.863502225906346732e-01,7.340673143138994050e-02,-2.874688483595562727e-01,-1.471028360046375619e-02,-3.167033100427962822e-02,3.567970375356900870e-01,-2.798683741389822455e-01,-5.362888512090909776e-01,5.656535997310483399e-01,1.012398128104934208e-01,3.095471505480647534e-01,-3.638688617833380490e-01,2.583843331910544161e-01,1.833374709621218013e-01,-1.776516317615326468e-01,-1.273996603599860111e-01,4.148443593536750296e-01,6.601675246247837303e-02,-2.558757614131320635e-01,-7.252268316743502030e-01,7.908853902341893560e-01,1.668776931893397042e-01
7.354160646298393278e-01,3.424606419097941390e-01,5.188774876511362821e-01,2.318353624882338038e-01,4.159446345607752393e-01,-9.789173865802433538e-02,1.036519664041450454e-02,-4.650975957928073501e-01,6.600955316143218843e-01,3.378573816774415595e-01,2.679224643234585646e-01,3.713147085094166133e-01,-2.439213094499913996e-04,5.817684249567145471e-01,-1.168550919226807594e-01,1.000000000000000000e+00,1.728198944588238417e-01,2.296950968664958626e-01,4.229566311128003520e-01,6.753480884642798499e-02,1.513577886685930907e-01,1.013836441991227966e-01,4.501024710822416619e-01,2.244611158547234475e-01,4.396396950904955525e-01,1.076061771443236059e-01,-3.002131087462824380e-02,2.299364154393943871e-01,5.159386292124950035e-01,6.035290767669626577e-01,2.482800675556375014e-01,4.567253031251139461e-01,3.768195438942779640e-01,5.034623750806673792e-01,2.007407021544815595e-01,6.203608320968567735e-01,2.790153207670485469e-01,4.106996297423894104e-02,6.393240007686855630e-01
1.924767261001421037e-01,-1.901863384658494804e-01,4.371531108827012013e-02,2.149867769275138063e-01,-2.296054965567761175e-01,-1.791078202687515775e-01,-1.168618200920266970e-01,-4.325205390455060667e-02,-3.540453972219961831e-02,-1.815496617150413328e-01,-1.272509639079585642e-01,2.771481476011631861e-01,2.108124614976372990e-01,-3.271759737565588938e-02,-3.428927457794427036e-02,1.728198944588238417e-01,1.000000000000000000e+00,1.008798557063602941e-01,-9.762092241254530234e-02,7.815448619909652617e-02,-2.645833889022465232e-02,-7.278031189751053842e-02,-1.781688956644033317e-01,-2.357615314138724605e-01,1.553796093760928809e-01,-2.660078971571991358e-01,-3.722506738454238739e-01,-2.364836032698867108e-01,-1.125984965728665521e-01,-7.195060222034592445e-02,-1.845049814253618137e-01,-1.712406951493507523e-01,-3.852108302563940490e-02,-2.363758235155860154e-03,-3.294604902843571020e-02,2.100370807074465607e-01,-8.437467316543460771e-02,-6.223853045153834862e-02,2.145041422693879929e-01
-4.180755784347459786e-02,4.900743550219174849e-02,1.758074991619979210e-01,2.360236475940347134e-01,3.031853835864781188e-01,-3.063819823587525248e-01,7.114627595351313838e-02,-1.013302167793684178e-01,2.205574885481111080e-01,9.298733833746224142e-02,3.141551290471494839e-02,5.613925215038475525e-01,1.366607635668103289e-02,1.677064198830043040e-01,3.863502225906346732e-01,2.296950968664958626e-01,1.008798557063602941e-01,1.000000000000000000e+00,3.634383146321141789e-01,-2.026380173507676685e-01,-1.175754968624719982e-01,-3.276047584315906064e-02,2.363372846055406817e-01,-1.674356119937050746e-01,-2.888689783796253852e-01,3.705077353211685964e-01,-1.515032581150926524e-02,1.871796238668369528e-01,-1.351878239014047724e-02,2.296859817138783011e-01,9.269617240775568368e-02,1.782391983664840251e-01,-2.981947863220109352e-02,2.873316249152219060e-01,3.146694056289432995e-01,1.821404315652302985e-01,-3.178209232710031973e-01,4.605284999211607944e-01,4.173107564281740012e-01
2.435700850760570135e-01,2.261969299410624690e-01,4.425875328981778156e-01,1.777839776493964907e-01,5.791903477159096036e-01,1.185100162058086021e-01,2.197996734535118124e-01,-3.578230099596583225e-01,5.472510199059650304e-01,3.926580057840383109e-01,2.234519702795231821e-01,3.031635428991142911e-01,-1.724137425188154993e-01,4.328027009933045344e-01,7.340673143138994050e-02,4.229566311128003520e-01,-9.762092241254530234e-02,3.634383146321141789e-01,1.000000000000000000e+00,-7.932550815882553896e-02,5.788332808574545713e-02,1.914159061451105037e-01,3.576348974851185636e-01,1.583365608002204328e-01,-1.936814659846783013e-02,3.327261523930471476e-01,4.057265883770880821e-01,3.051186516855908248e-01,1.839079554742842626e-01,4.900956801374207195e-01,3.867574441165313459e-01,2.155585963125837556e-01,1.570891192697731753e-01,4.710317533151940350e-01,3.413620591713580898e-01,2.269556944137522958e-01,-3.381700392069467848e-02,1.853881177913306866e-01,3.551896398499183038e-01
1.439638397061069608e-01,-1.150938220523801438e-02,-2.455423364988254531e-01,-2.195382315508230195e-02,-2.479042439220474625e-01,1.772593331042282561e-01,-3.480642381960212250e-01,1.796289280097526642e-01,-1.535968275036163344e-01,1.067268015283749094e-01,7.927876580152906638e-02,-2.437814880760832414e-01,2.503716479015971608e-01,-6.569496774783227522e-02,-2.874688483595562727e-01,6.753480884642798499e-02,7.815448619909652617e-02,-2.026380173507676685e-01,-7.932550815882553896e-02,1.000000000000000000e+00,1.311308654215475877e-01,5.054346580330117966e-01,-3.696802944556005222e-01,-5.829734165184609351e-02,3.063406338009037611e-01,-2.974409495362870248e-01,-8.562895570864254013e-02,-1.214484399244502855e-01,1.434416630475004173e-01,-2.053902240117302103e-01,-2.094586049675450645e-01,-8.059307543567573173e-02,3.582501128037361704e-02,-2.796338992060904971e-01,-3.842214091712717883e-01,4.049017115691251611e-02,2.658047397121319766e-01,-3.316890814373067986e-01,-6.779111508773730255e-02
2.347174123275572177e-01,4.108004553734609376e-01,3.619117474038685556e-01,-3.047412948988435510e-01,1.458539426862488775e-01,1.343762609096480626e-02,-2.220572077066127470e-01,-4.225984249845962659e-01,2.099747447956848978e-01,3.432335277201478130e-01,3.858424360297500050e-02,-1.139178280260006726e-01,-2.321207259791866206e-01,2.178728672381441134e-01,-1.471028360046375619e-02,1.513577886685930907e-01,-2.645833889022465232e-02,-1.175754968624719982e-01,5.788332808574545713e-02,1.311308654215475877e-01,1.000000000000000000e+00,2.474967160646515119e-01,3.562424446938475958e-02,3.135587298394254541e-01,1.618468632148098163e-01,2.238155095726195032e-01,2.050803594868675361e-01,3.614376243491284613e-01,1.949956027849079898e-01,2.944340226226297985e-01,3.055951201594438449e-01,9.714254772529729021e-02,2.955805687374076229e-01,9.515763744412410186e-02,4.647240891108380539e-02,4.569736542962209852e-02,1.352108678075790993e-01,7.782009852834065322e-02,4.983600440601729936e-02
1.800845858953931816e-02,1.151590830779490593e-01,3.347462054765577844e-02,1.151351006744733840e-01,3.545229421447716744e-02,4.003984569415947048e-02,-1.246202160618307409e-01,-4.616901344160950077e-02,7.571937685944213348e-02,1.882884880194748700e-01,6.544226484429374602e-02,2.695437041412176646e-02,8.963348194017846382e-02,-1.770556116982785824e-02,-3.167033100427962822e-02,1.013836441991227966e-01,-7.278031189751053842e-02,-3.276047584315906064e-02,1.914159061451105037e-01,5.054346580330117966e-01,2.474967160646515119e-01,1.000000000000000000e+00,-7.875484579502597948e-02,-9.439405269362613482e-03,-5.215532083381454326e-02,4.347942077043055048e-02,1.792643598562728702e-01,5.210779697874813599e-02,-7.603584381785188917e-02,4.609405327058369722e-02,1.495100814402999245e-01,-1.473044331575406457e-02,-8.666111543033667985e-02,3.652186080623403414e-02,-1.354350273558827811e-01,8.610885616044042234e-02,-4.503132556015326110e-02,1.134605803025933064e-02,7.721196243897388012e-02
2.390908458231908174e-01,2.639806062633024419e-01,5.836481139031551857e-01,-1.238967587454990193e-01,5.647376706042028793e-01,-1.913849096568839281e-01,3.726978010710773059e-01,-5.483964445875580962e-01,5.537969155365212170e-01,1.194445977458015312e-01,1.079382023295807763e-01,3.928228020075671401e-01,-2.990288229815504795e-01,3.926578536906073502e-01,3.567970375356900870e-01,4.501024710822416619e-01,-1.781688956644033317e-01,2.363372846055406817e-01,3.576348974851185636e-01,-3.696802944556005222e-01,3.562424446938475958e-02,-7.875484579502597948e-02,1.000000000000000000e+00,2.911557606402992437e-01,-7.339615826437752288e-02,5.299587213993253165e-01,2.631286787592690413e-01,4.315470777314056594e-01,1.624088788980879716e-01,5.921163269234694937e-01,5.021136263978338565e-01,3.105235374375800439e-01,3.417368731541040039e-01,7.018103761784301176e-01,4.339905561685430402e-01,2.132254103363295794e-01,-1.413880850396936062e-01,4.887651059251394980e-01,4.485042908494994984e-01
2.497769177621484982e-01,4.537249483442700737e-01,3.162172093425166808e-01,-1.397628694153745521e-01,2.351236276941728875e-01,2.324327793527451724e-01,1.834024436676903735e-02,-2.843430510756108087e-01,3.039899358009742203e-01,3.124454462053692372e-01,3.836597612663750767e-01,-1.324054420432738133e-01,-2.829067887953484739e-01,5.449729107414112983e-01,-2.798683741389822455e-01,2.244611158547234475e-01,-2.357615314138724605e-01,-1.674356119937050746e-01,1.583365608002204328e-01,-5.829734165184609351e-02,3.135587298394254541e-01,-9.439405269362613482e-03,2.911557606402992437e-01,1.000000000000000000e+00,2.708420693986404726e-01,7.636378865272731853e-02,3.451195365459469033e-01,1.551527779041599886e-01,2.707197007834091229e-01,3.206378342598714681e-01,2.502097083093185459e-01,2.630394482899974795e-01,5.116734035334734587e-01,1.307610920378530495e-01,3.143646815261702532e-01,2.934668169715740627e-01,4.007830479594509110e-01,-1.020420885373971714e-01,2.375495795051124626e-02
6.737605047938632907e-01,1.814750415023173580e-01,1.693293014634457971e-01,1.242483073828505730e-01,-3.407870148071773242e-02,3.055796246627386359e-01,-2.178028194717519794e-01,-1.333307485404111037e-01,2.958777916664745988e-01,2.210367840687879892e-01,2.160494685689016425e-01,-2.638141885357354055e-01,7.325439759023104347e-02,3.984209517166708014e-01,-5.362888512090909776e-01,4.396396950904955525e-01,1.553796093760928809e-01,-2.888689783796253852e-01,-1.936814659846783013e-02,3.063406338009037611e-01,1.618468632148098163e-01,-5.215532083381454326e-02,-7.339615826437752288e-02,2.708420693986404726e-01,1.000000000000000000e+00,-3.504148087570326808e-01,-1.941524330363890438e-01,4.438213909952427871e-02,6.155069440341054410e-01,1.404929229489587650e-01,-2.583950458156357086e-02,2.356146956433038397e-01,3.550572433839486730e-01,-4.119982582816882066e-02,-1.243099546272458389e-01,3.847663242875153378e-01,6.961861821432286934e-01,-4.386710880427532877e-01,1.718070701015280977e-01
-5.196517554078208118e-02,3.686945188517880001e-01,2.718165139372761829e-01,-2.741039626809503305e-01,5.843841441353493371e-01,-1.514506700521793814e-01,9.339330950820760868e-02,-2.278323028695235508e-01,4.543860651423454189e-01,4.085749079279573648e-01,3.569036599040686236e-02,2.756587138332987630e-01,-3.968478050357441833e-01,2.175114071259700577e-01,5.656535997310483399e-01,1.076061771443236059e-01,-2.660078971571991358e-01,3.705077353211685964e-01,3.327261523930471476e-01,-2.974409495362870248e-01,2.238155095726195032e-01,4.347942077043055048e-02,5.299587213993253165e-01,7.636378865272731853e-02,-3.504148087570326808e-01,1.000000000000000000e+00,5.703574847947620041e-01,6.716586922829970163e-01,4.459904628899505341e-02,5.218516572683461474e-01,5.112036726414075360e-01,1.552684748620780653e-01,1.105968058703689222e-01,5.787169401303910998e-01,3.889213080227417185e-01,-6.348405617262543876e-02,-3.684226573512418557e-01,6.941274964862798047e-01,2.256128841077581493e-01
-8.642296254290636470e-02,3.771559613565269031e-01,1.320395591393577484e-01,-2.214367674846783873e-01,4.117389331654532914e-01,3.753843908176334732e-01,-1.117462594471598306e-03,-9.494065191795628134e-02,3.485459666020353509e-01,5.882250825792159077e-01,2.359392200053245792e-01,-7.295494739432632769e-02,-4.132451762402623574e-01,2.503777698697344234e-01,1.012398128104934208e-01,-3.002131087462824380e-02,-3.722506738454238739e-01,-1.515032581150926524e-02,4.057265883770880821e-01,-8.562895570864254013e-02,2.050803594868675361e-01,1.792643598562728702e-01,2.631286787592690413e-01,3.451195365459469033e-01,-1.941524330363890438e-01,5.703574847947620041e-01,1.000000000000000000e+00,3.751596359890546073e-01,6.457456444027061086e-03,3.291966861105908859e-01,4.299698123141373340e-01,-3.296707977116700768e-03,1.517531608219902239e-01,2.988271775766343508e-01,2.945874708999279279e-01,-1.082897886831568762e-01,-1.032486685429548912e-01,2.411982604190688884e-01,-1.014783549813730451e-01
2.387454142323685025e-01,3.683228038535438231e-01,4.385874722578368967e-01,-2.895617042293118226e-01,5.832149901970794525e-01,-5.156970098281223741e-03,3.174100177910704063e-02,-3.689431878519736085e-01,5.398471616453291988e-01,4.467223169692771667e-01,2.020181713660988976e-01,5.259412310536867169e-02,-4.665523593964373550e-01,3.857358006572251807e-01,3.095471505480647534e-01,2.299364154393943871e-01,-2.364836032698867108e-01,1.871796238668369528e-01,3.051186516855908248e-01,-1.214484399244502855e-01,3.614376243491284613e-01,5.210779697874813599e-02,4.315470777314056594e-01,1.551527779041599886e-01,4.438213909952427871e-02,6.716586922829970163e-01,3.751596359890546073e-01,1.000000000000000000e+00,4.132189380300886894e-01,4.932129765536542587e-01,6.307853424143572418e-01,3.210510874790817315e-01,3.169088418076168590e-01,5.437378831186424621e-01,2.616251525248218801e-01,-2.784226607496459276e-03,1.383813184002554916e-02,4.008020549913026698e-01,1.434677702593667170e-01
6.869915250662794737e-01,3.871348402033386593e-01,3.069859048358242193e-01,5.550824540539076729e-02,3.184393438242507091e-01,2.692500066412413240e-01,-2.126471950501426789e-01,-2.401154289880421955e-01,4.994149670311191502e-01,3.660832558499706457e-01,5.247558875407265511e-01,-5.333295481309494740e-02,-1.580422434984966318e-01,6.103422727378194912e-01,-3.638688617833380490e-01,5.159386292124950035e-01,-1.125984965728665521e-01,-1.351878239014047724e-02,1.839079554742842626e-01,1.434416630475004173e-01,1.949956027849079898e-01,-7.603584381785188917e-02,1.624088788980879716e-01,2.707197007834091229e-01,6.155069440341054410e-01,4.459904628899505341e-02,6.457456444027061086e-03,4.132189380300886894e-01,1.000000000000000000e+00,3.917736599313119128e-01,2.409962396670717044e-01,6.252251322843420667e-01,3.807993373276211679e-01,2.136478814979213825e-01,1.257529288835868841e-01,4.399016206063917633e-01,6.481249375189961359e-01,-2.956283791051972365e-01,2.592076583048652516e-01
5.048017974636065386e-01,5.452957548855202896e-01,5.381876731417786219e-01,-3.272917781315388963e-02,5.817178478391722418e-01,-1.171726770733262091e-01,1.403879693387879990e-01,-4.858783418566541279e-01,7.578967309533415353e-01,4.786362555936155561e-01,2.411726311338850404e-01,3.901102837701502790e-01,-1.924193623423647581e-01,5.722436204495739975e-01,2.583843331910544161e-01,6.035290767669626577e-01,-7.195060222034592445e-02,2.296859817138783011e-01,4.900956801374207195e-01,-2.053902240117302103e-01,2.944340226226297985e-01,4.609405327058369722e-02,5.921163269234694937e-01,3.206378342598714681e-01,1.404929229489587650e-01,5.218516572683461474e-01,3.291966861105908859e-01,4.932129765536542587e-01,3.917736599313119128e-01,1.000000000000000000e+00,4.500650330041304770e-01,4.183399434056396249e-01,3.273939936556379271e-01,6.817442836015707996e-01,3.510738577581791198e-01,3.943965312154641967e-01,4.610767538756138325e-04,3.958375053465652549e-01,5.089564904795350619e-01
2.141100458945055518e-01,3.524311920809448107e-01,6.394524382586401767e-01,-1.995471174444885254e-01,5.996391957891685776e-01,-4.027013717292084421e-04,1.148796352704631180e-01,-5.678821617332593386e-01,5.732288831188333544e-01,2.992862254220328144e-01,1.578836448896924205e-01,2.293241648054381021e-01,-6.118622233289757739e-01,4.762511743394208241e-01,1.833374709621218013e-01,2.482800675556375014e-01,-1.845049814253618137e-01,9.269617240775568368e-02,3.867574441165313459e-01,-2.094586049675450645e-01,3.055951201594438449e-01,1.495100814402999245e-01,5.021136263978338565e-01,2.502097083093185459e-01,-2.583950458156357086e-02,5.112036726414075360e-01,4.299698123141373340e-01,6.307853424143572418e-01,2.409962396670717044e-01,4.500650330041304770e-01,1.000000000000000000e+00,2.723828934699736304e-01,4.965371018717401053e-01,6.140749707178463357e-01,4.186659777491994472e-01,8.060921326010898891e-02,-5.874323475497082725e-02,3.004497473600019619e-01,2.500954571437552509e-01
4.964724524971689812e-01,5.657976687145298555e-01,3.705757942080235012e-01,8.899988246704743089e-02,4.184680727948205670e-01,5.113977314930751028e-02,-8.295573966294385315e-02,-3.023252547290122827e-01,4.777309364445487261e-01,1.622493813033178134e-01,5.517771498285272136e-01,2.700317464873493445e-01,-1.027473319050328376e-01,5.728360975615306439e-01,-1.776516317615326468e-01,4.567253031251139461e-01,-1.712406951493507523e-01,1.782391983664840251e-01,2.155585963125837556e-01,-8.059307543567573173e-02,9.714254772529729021e-02,-1.473044331575406457e-02,3.105235374375800439e-01,2.630394482899974795e-01,2.356146956433038397e-01,1.552684748620780653e-01,-3.296707977116700768e-03,3.210510874790817315e-01,6.252251322843420667e-01,4.183399434056396249e-01,2.723828934699736304e-01,1.000000000000000000e+00,3.354081152175480973e-01,3.632001584456723275e-01,3.541977971593667784e-01,4.744875671625329305e-01,4.783820041732944062e-01,-1.311392297446171695e-01,3.793756925172239169e-01
3.784922446769251048e-01,4.236646358307569193e-01,5.310089230830770113e-01,-2.622044450349347855e-01,3.411137004981899534e-01,5.979106753762570420e-02,-1.055663272544981462e-01,-5.316996888582647962e-01,4.346753990496278752e-01,2.117970687500467797e-01,1.998614387305277240e-01,1.011786175276430250e-01,-3.788845976697473028e-01,5.581336393644662497e-01,-1.273996603599860111e-01,3.768195438942779640e-01,-3.852108302563940490e-02,-2.981947863220109352e-02,1.570891192697731753e-01,3.582501128037361704e-02,2.955805687374076229e-01,-8.666111543033667985e-02,3.417368731541040039e-01,5.116734035334734587e-01,3.550572433839486730e-01,1.105968058703689222e-01,1.517531608219902239e-01,3.169088418076168590e-01,3.807993373276211679e-01,3.273939936556379271e-01,4.965371018717401053e-01,3.354081152175480973e-01,1.000000000000000000e+00,3.696529747028345358e-01,2.916824203684589278e-01,1.309591537356661894e-01,3.113205818547966075e-01,-9.399215302505786740e-03,2.629051596455453943e-01
3.496253897806043121e-01,3.843287374255242583e-01,5.795623984831024256e-01,-8.377134545830232371e-02,6.416639905528265242e-01,-2.151036772582148593e-01,2.426614438209937219e-01,-5.069801162589809840e-01,7.448187592975944460e-01,2.402464898032433682e-01,1.013433092579935496e-01,5.753967462626899954e-01,-2.917280675973011328e-01,4.548149348973424821e-01,4.148443593536750296e-01,5.034623750806673792e-01,-2.363758235155860154e-03,2.873316249152219060e-01,4.710317533151940350e-01,-2.796338992060904971e-01,9.515763744412410186e-02,3.652186080623403414e-02,7.018103761784301176e-01,1.307610920378530495e-01,-4.119982582816882066e-02,5.787169401303910998e-01,2.988271775766343508e-01,5.437378831186424621e-01,2.136478814979213825e-01,6.817442836015707996e-01,6.140749707178463357e-01,3.632001584456723275e-01,3.696529747028345358e-01,1.000000000000000000e+00,4.299908329722588740e-01,2.629149982515386341e-01,-1.761836971133315388e-01,5.063705679440918539e-01,5.851000923434056533e-01
1.234315741129924648e-01,3.508602762671112485e-01,4.418758819173483898e-01,1.047091456605895032e-01,4.828374773734674386e-01,4.202899781864731510e-02,1.853678059719321980e-01,-3.329449909694527365e-01,3.740184872980532593e-01,1.541011739164252214e-01,2.028069969601591638e-01,3.721046703661684552e-01,-3.476983058201481014e-01,5.282663466434937005e-01,6.601675246247837303e-02,2.007407021544815595e-01,-3.294604902843571020e-02,3.146694056289432995e-01,3.413620591713580898e-01,-3.842214091712717883e-01,4.647240891108380539e-02,-1.354350273558827811e-01,4.339905561685430402e-01,3.143646815261702532e-01,-1.243099546272458389e-01,3.889213080227417185e-01,2.945874708999279279e-01,2.616251525248218801e-01,1.257529288835868841e-01,3.510738577581791198e-01,4.186659777491994472e-01,3.541977971593667784e-01,2.916824203684589278e-01,4.299908329722588740e-01,1.000000000000000000e+00,2.629907891944588405e-01,-1.774598017874097836e-02,1.903401526493040674e-01,3.079426172177499588e-01
6.050111277536666110e-01,3.351577724288569149e-01,3.309929877135298626e-01,3.258806837754751884e-01,2.475111928427875807e-01,-2.329627271899056135e-02,-2.729043668251125015e-02,-2.597619655232788483e-01,4.446164471758126679e-01,2.204961686700181722e-01,4.138078096530276584e-01,3.705658740790623851e-01,1.253390705499614899e-01,5.659035691382440225e-01,-2.558757614131320635e-01,6.203608320968567735e-01,2.100370807074465607e-01,1.821404315652302985e-01,2.269556944137522958e-01,4.049017115691251611e-02,4.569736542962209852e-02,8.610885616044042234e-02,2.132254103363295794e-01,2.934668169715740627e-01,3.847663242875153378e-01,-6.348405617262543876e-02,-1.082897886831568762e-01,-2.784226607496459276e-03,4.399016206063917633e-01,3.943965312154641967e-01,8.060921326010898891e-02,4.744875671625329305e-01,1.309591537356661894e-01,2.629149982515386341e-01,2.629907891944588405e-01,1.000000000000000000e+00,3.465937435199024641e-01,-1.237207111835108286e-01,5.475765725654543337e-01
5.160424623629988883e-01,3.016062675491885114e-01,8.550089069436783706e-02,1.127485452821257866e-01,-2.689308953287078679e-03,4.916529354697191101e-01,-2.730633163378417549e-01,-4.226169640182144555e-02,1.600346881075745964e-01,1.584946315083460011e-01,4.613544997293164140e-01,-3.782582911982508844e-01,-3.856865587771064752e-02,4.322403311516885838e-01,-7.252268316743502030e-01,2.790153207670485469e-01,-8.437467316543460771e-02,-3.178209232710031973e-01,-3.381700392069467848e-02,2.658047397121319766e-01,1.352108678075790993e-01,-4.503132556015326110e-02,-1.413880850396936062e-01,4.007830479594509110e-01,6.961861821432286934e-01,-3.684226573512418557e-01,-1.032486685429548912e-01,1.383813184002554916e-02,6.481249375189961359e-01,4.610767538756138325e-04,-5.874323475497082725e-02,4.783820041732944062e-01,3.113205818547966075e-01,-1.761836971133315388e-01,-1.774598017874097836e-02,3.465937435199024641e-01,1.000000000000000000e+00,-6.297691037546553350e-01,-2.636588754475608157e-02
-2.130913587107975682e-01,1.193284535296002535e-01,1.971306247962726077e-01,-2.550352797020404849e-01,3.570365718007662559e-01,-4.711356064493912865e-01,2.792100952956780291e-01,-1.954617199779163095e-01,2.776965733941500480e-01,1.227055967057932850e-01,-2.834648261572200734e-01,3.960949331352622838e-01,-1.553361185066897965e-01,-7.427202251143434630e-02,7.908853902341893560e-01,4.106996297423894104e-02,-6.223853045153834862e-02,4.605284999211607944e-01,1.853881177913306866e-01,-3.316890814373067986e-01,7.782009852834065322e-02,1.134605803025933064e-02,4.887651059251394980e-01,-1.020420885373971714e-01,-4.386710880427532877e-01,6.941274964862798047e-01,2.411982604190688884e-01,4.008020549913026698e-01,-2.956283791051972365e-01,3.958375053465652549e-01,3.004497473600019619e-01,-1.311392297446171695e-01,-9.399215302505786740e-03,5.063705679440918539e-01,1.903401526493040674e-01,-1.237207111835108286e-01,-6.297691037546553350e-01,1.000000000000000000e+00,3.030785624363487862e-01
5.047960530197210804e-01,3.039106763958974722e-01,4.283898632218590130e-01,2.389111932493572510e-01,4.092312644022103041e-01,-3.493624797606557086e-01,5.450976700858951168e-02,-3.758769359299774515e-01,5.984040461132528188e-01,7.459450620257711273e-02,2.178103105540547813e-02,6.714067189989240125e-01,1.032500458901043777e-01,3.755355643304824076e-01,1.668776931893397042e-01,6.393240007686855630e-01,2.145041422693879929e-01,4.173107564281740012e-01,3.551896398499183038e-01,-6.779111508773730255e-02,4.983600440601729936e-02,7.721196243897388012e-02,4.485042908494994984e-01,2.375495795051124626e-02,1.718070701015280977e-01,2.256128841077581493e-01,-1.014783549813730451e-01,1.434677702593667170e-01,2.592076583048652516e-01,5.089564904795350619e-01,2.500954571437552509e-01,3.793756925172239169e-01,2.629051596455453943e-01,5.851000923434056533e-01,3.079426172177499588e-01,5.475765725654543337e-01,-2.636588754475608157e-02,3.030785624363487862e-01,1.000000000000000000e+00
