1.000000000000000000e+00,-1.368514348828766269e-01,1.661372648891363546e-01,5.472879688953049548e-01,5.978293765811547589e-01,-3.866173828085011088e-01,1.652571789133644165e-01,-2.006476942723144918e-01,6.761820947859947806e-01,2.328745913939261614e-01,-3.415580805949788301e-01,2.152490061183323922e-01,2.256384638908898177e-01,-2.881310397028153947e-01,3.636596473781970595e-01,6.061668996248225083e-01,-3.656989259376543511e-01,6.137399849675042596e-01,7.093712374774587825e-01,-2.003873589503145092e-01,-1.712894383498622108e-01,-1.286423220253765098e-01,3.186575578983597001e-01,4.325153825392828028e-02,6.142685467986741532e-02,-1.047704380723478296e-01,-3.896206399979064705e-01,1.420873755541526562e-01,-1.958498054144376666e-01,8.052921522463821757e-01,-3.027311786645973113e-01,-4.348168728035807784e-01,-2.739967405655545085e-01,5.958611875880762687e-01,-4.126562102121268949e-01,4.969019832228824818e-01,-4.081555962821066252e-01,6.348151966728512452e-01,4.975066591970882524e-01
-1.368514348828766269e-01,1.000000000000000000e+00,7.127377394368277219e-01,-7.677823638820677754e-01,6.192233390164510881e-02,7.749176678602452961e-01,-1.842884058216148757e-01,-7.012624370421985942e-01,-5.941968893356347481e-01,8.288236133524559124e-01,7.458417284630636246e-01,-6.977350828333949151e-01,-6.831477388676888696e-01,8.666793991458046076e-01,-7.731977076826406226e-01,5.586016077090003584e-01,7.494296203987592664e-01,-7.261991895230254235e-01,-4.809282758168427763e-01,3.238544139328521365e-01,5.934720872357619470e-01,3.088232947583113841e-01,6.726182823131655608e-01,7.601629499931570333e-01,8.262740299591723181e-01,7.604669024436735425e-01,8.740032276049070070e-01,6.189386002518376673e-01,8.106735510104117193e-01,4.102236444892768535e-02,8.109999219801989900e-01,8.525879817624112400e-01,7.359605717435723227e-01,-6.796550854377093609e-01,7.777077613390200872e-01,6.541460030565101613e-01,8.258476712568869615e-01,-7.191349332196547151e-01,-4.623580590559742687e-01
1.661372648891363546e-01,7.127377394368277219e-01,1.000000000000000000e+00,-4.818356407402251684e-01,3.179781745279917082e-01,5.807597669682929009e-01,-1.178849242578068890e-01,-9.718217189831762637e-01,-3.114180566103343928e-01,8.310174051935024231e-01,6.043451363905582019e-01,-5.920621337954935504e-01,-7.199131153601506794e-01,7.119831733496595483e-01,-6.484467661981928588e-01,7.175537539198643122e-01,6.000875089697137454e-01,-4.393557256665567845e-01,-1.546030105901457230e-01,1.452463119678677472e-01,6.554050984749328901e-01,3.170822984590614957e-01,7.201995703751788991e-01,7.520731160167325458e-01,7.574340393204359589e-01,7.448651541459861969e-01,6.674491114471866604e-01,7.752949652807427094e-01,6.633351616893821134e-01,2.812457859297334828e-01,7.608958222147013117e-01,6.030080662360619570e-01,6.808965340827026758e-01,-3.963557588202434312e-01,6.038126559044629804e-01,6.508960343698370066e-01,6.119766327399887018e-01,-4.717854720463466323e-01,-3.598713495286570696e-01
5.472879688953049548e-01,-7.677823638820677754e-01,-4.818356407402251684e-01,1.000000000000000000e+00,3.103481276954372370e-01,-9.098562675121305565e-01,2.335760506478200549e-01,4.567185160769698382e-01,8.873682946868141075e-01,-5.499724800842232808e-01,-8.801859671262718399e-01,7.611289142732114987e-01,7.221852913485578007e-01,-8.894158772046937278e-01,8.179292913736372350e-01,-1.661975796520759330e-01,-9.018217345118366701e-01,9.492118826053728142e-01,8.202410496833358877e-01,-4.232959501329440766e-01,-7.079319764788861713e-01,-4.610776202048451067e-01,-4.567884817705725742e-01,-6.912692372173333544e-01,-7.093405366919576238e-01,-7.942793463459700831e-01,-9.208833012604197288e-01,-5.847451168176692748e-01,-8.482013891481278156e-01,3.999482878455498658e-01,-8.627061606411081662e-01,-9.363413012283617887e-01,-8.367628759712819608e-01,9.109417400370247719e-01,-9.232509224578343554e-01,-1.790385265146637039e-01,-9.229242313836019118e-01,9.189239985013943901e-01,8.065718320360473204e-01
5.978293765811547589e-01,6.192233390164510881e-02,3.179781745279917082e-01,3.103481276954372370e-01,1.000000000000000000e+00,-2.211364007063143233e-01,1.110166972053571038e-01,-3.554543089820472179e-01,4.861378207166991983e-01,3.548009603558359704e-01,-1.656013628533173077e-01,1.125300139748678097e-01,2.494917720700637678e-02,-9.572818558683010570e-02,-4.445294926365379179e-02,5.568402213291508973e-01,-1.956589197123252966e-01,3.766298796372358204e-01,6.461434305726224681e-01,-3.440886235732647513e-01,-1.995344375629628797e-01,-2.812876173966285531e-01,3.152617155165568508e-01,6.951312618313587599e-02,1.269774286434950383e-01,-3.910946773392602605e-02,-1.449870892130870337e-01,1.599615956061219424e-01,-9.961458452721408396e-02,7.057152158206603243e-01,-8.387298492060563104e-02,-2.080043677199979735e-01,-1.831647629310195480e-01,4.427330232418573153e-01,-2.271758121897809735e-01,4.448431364441423064e-01,-2.179112978161823200e-01,3.224081865156903648e-01,3.787518149761425201e-01
-3.866173828085011088e-01,7.749176678602452961e-01,5.807597669682929009e-01,-9.098562675121305565e-01,-2.211364007063143233e-01,1.000000000000000000e+00,-1.016636665577102805e-01,-5.570396550458193152e-01,-8.690803629880233805e-01,6.289088406428618994e-01,9.398790608353532194e-01,-8.235180961340857753e-01,-7.103378664854053115e-01,9.345614382853127955e-01,-8.247550775056267103e-01,3.031910167739785833e-01,9.664654526914744359e-01,-8.942967036989141194e-01,-7.572825216967505879e-01,5.239747285806892751e-01,8.397483264211186293e-01,6.249259081809920291e-01,6.145071096648754283e-01,8.066322508286405402e-01,8.330513060438469175e-01,8.893069855112188948e-01,9.284392875640110621e-01,7.221787171273769124e-01,9.350162224889474460e-01,-2.924873810425395182e-01,8.821349627684408334e-01,9.442237546321856634e-01,9.255975458353957741e-01,-8.949991229890302824e-01,9.635244068122832406e-01,2.613963679159503339e-01,9.554699951091120136e-01,-8.842777564492493303e-01,-8.449896558945193537e-01
1.652571789133644165e-01,-1.842884058216148757e-01,-1.178849242578068890e-01,2.335760506478200549e-01,1.110166972053571038e-01,-1.016636665577102805e-01,1.000000000000000000e+00,1.144270259580991433e-01,1.688407861642582941e-01,-8.966608018203185704e-02,-5.591529642796930211e-02,2.160527520399909696e-01,2.301113695507005785e-01,-2.008009459844189160e-01,2.931489345010027114e-01,6.181079968473150027e-02,-1.032135146936996872e-01,2.463456564984172203e-01,2.812955695702743508e-01,7.347416871344605860e-02,-6.304737525217662952e-02,2.607953174743632418e-01,-4.849493998415548013e-02,-4.791096266717432411e-02,-1.046866116166993155e-01,-1.913261561058377802e-01,-2.258147089110912054e-01,-6.997346302029484877e-02,-1.659679649701758797e-01,1.713886262074857947e-01,-1.738397834089241423e-01,-2.079788844352007116e-01,-8.059013558627457774e-02,2.454105037895275288e-01,-1.864427271387924800e-01,9.797625799220853471e-03,-2.085863946354015730e-01,2.637549473845079429e-01,1.714001950432531840e-01
-2.006476942723144918e-01,-7.012624370421985942e-01,-9.718217189831762637e-01,4.567185160769698382e-01,-3.554543089820472179e-01,-5.570396550458193152e-01,1.144270259580991433e-01,1.000000000000000000e+00,2.719260084430735747e-01,-8.327373437374061549e-01,-5.812305544447183836e-01,5.731540203722853555e-01,7.043653486600992553e-01,-6.926938191653864152e-01,6.278938629747204958e-01,-7.347673898342871324e-01,-5.765076501511311458e-01,4.086349435162095478e-01,1.132298424277048687e-01,-1.114414555964902132e-01,-6.291342807833130157e-01,-2.847834164709875382e-01,-7.252923525982417630e-01,-7.476618186406848166e-01,-7.519393785696623089e-01,-7.286991707842999100e-01,-6.458221255813593187e-01,-7.694447686645953244e-01,-6.501127691800230313e-01,-3.118474682726403158e-01,-7.443179165266777808e-01,-5.781239628558116905e-01,-6.523918509910975327e-01,3.613045898658711619e-01,-5.780701026177442747e-01,-6.649909013697826721e-01,-5.875421838478056547e-01,4.374238323418233598e-01,3.260730127445646276e-01
6.761820947859947806e-01,-5.941968893356347481e-01,-3.114180566103343928e-01,8.873682946868141075e-01,4.861378207166991983e-01,-8.690803629880233805e-01,1.688407861642582941e-01,2.719260084430735747e-01,1.000000000000000000e+00,-3.216826079222235291e-01,-8.099402079955888567e-01,7.365575644119682908e-01,5.560793539929161922e-01,-7.923538975325419287e-01,7.458907344238222548e-01,8.307096543212647011e-02,-8.507429328493586462e-01,9.277960809323396729e-01,9.218110029993316079e-01,-5.526263499796324474e-01,-7.099422524347348551e-01,-5.664028326178058848e-01,-2.560544116813190385e-01,-5.251579988259927889e-01,-5.523879186630470395e-01,-6.972512354650838295e-01,-8.266158076159380030e-01,-4.443422088053409214e-01,-7.645304663888232710e-01,5.991614031566678822e-01,-7.243668771482076885e-01,-8.674003319540881662e-01,-8.029591351502716190e-01,9.473371530889070913e-01,-8.830897498571673720e-01,7.376102065569981048e-02,-8.720416442364430365e-01,9.232435507734012559e-01,8.929807212884351975e-01
2.328745913939261614e-01,8.288236133524559124e-01,8.310174051935024231e-01,-5.499724800842232808e-01,3.548009603558359704e-01,6.289088406428618994e-01,-8.966608018203185704e-02,-8.327373437374061549e-01,-3.216826079222235291e-01,1.000000000000000000e+00,6.371107536777449454e-01,-6.085457444315183206e-01,-6.703797204076279437e-01,7.635081480567603718e-01,-6.553608223086394569e-01,8.407590044987365285e-01,6.323143762091659736e-01,-4.696734061642121039e-01,-1.699897674083835353e-01,2.319892748991141118e-01,5.708959784762942524e-01,2.528866315401073206e-01,8.219644001825200386e-01,8.209049424872298939e-01,8.565106850856240017e-01,7.582268406053417342e-01,7.112364885894200128e-01,7.585370200103763727e-01,7.330204922220816544e-01,4.082773185629554602e-01,7.364032429118851919e-01,6.612241811901000688e-01,6.534134310671064760e-01,-4.285932817391870930e-01,6.341564924056449781e-01,7.846193149072341333e-01,6.574959013796064511e-01,-4.689878878364053816e-01,-3.315819823653550769e-01
-3.415580805949788301e-01,7.458417284630636246e-01,6.043451363905582019e-01,-8.801859671262718399e-01,-1.656013628533173077e-01,9.398790608353532194e-01,-5.591529642796930211e-02,-5.812305544447183836e-01,-8.099402079955888567e-01,6.371107536777449454e-01,1.000000000000000000e+00,-7.404937864725512631e-01,-7.478565925043280105e-01,8.959562369770923684e-01,-8.313438361425737888e-01,3.543616649710437660e-01,9.496314182071404764e-01,-8.514583551915809734e-01,-6.756278063478821094e-01,4.533667386813235445e-01,8.593942507501223238e-01,6.594155262280744223e-01,6.057633424164661218e-01,7.744491535186781572e-01,7.989136860673227147e-01,8.835988009062842874e-01,8.857388028924721990e-01,7.556460656981384139e-01,8.849149772662290303e-01,-1.997396920222898609e-01,8.981797295004102510e-01,8.992091334474188180e-01,9.291914245282777429e-01,-8.286266370487406219e-01,9.262045752966823198e-01,2.793085111425101519e-01,8.988752374783345322e-01,-8.304844673671215594e-01,-8.031033127968347785e-01
2.152490061183323922e-01,-6.977350828333949151e-01,-5.920621337954935504e-01,7.611289142732114987e-01,1.125300139748678097e-01,-8.235180961340857753e-01,2.160527520399909696e-01,5.731540203722853555e-01,7.365575644119682908e-01,-6.085457444315183206e-01,-7.404937864725512631e-01,1.000000000000000000e+00,5.905027189587088721e-01,-8.340870640488822207e-01,7.470072704586514512e-01,-3.154282242373767642e-01,-8.068702689897465641e-01,7.765202039511257537e-01,6.424838118177702562e-01,-4.913613619156024237e-01,-7.354974098738358279e-01,-4.929172340452687706e-01,-5.706037600231328444e-01,-7.289339293923383645e-01,-7.841215640446398405e-01,-8.495325193846684497e-01,-8.356443642245258152e-01,-7.077832880172266750e-01,-8.573238661455646614e-01,2.160424169852147303e-01,-7.291203734324748220e-01,-8.316206582694382066e-01,-8.056513222076050473e-01,8.097798073323274615e-01,-8.442985721569602475e-01,-2.675953291608293427e-01,-8.532917046004422357e-01,7.467830193383403481e-01,7.727040296845928413e-01
2.256384638908898177e-01,-6.831477388676888696e-01,-7.199131153601506794e-01,7.221852913485578007e-01,2.494917720700637678e-02,-7.103378664854053115e-01,2.301113695507005785e-01,7.043653486600992553e-01,5.560793539929161922e-01,-6.703797204076279437e-01,-7.478565925043280105e-01,5.905027189587088721e-01,1.000000000000000000e+00,-7.724793931183348006e-01,7.173299771968892902e-01,-4.369478024842360919e-01,-7.355531043407478320e-01,6.746296872605008765e-01,4.342414141218699508e-01,-1.634530884192381128e-01,-6.632155085627365887e-01,-3.062537690362406861e-01,-5.589852640792496441e-01,-6.989886033517962449e-01,-6.762145455454513510e-01,-7.455138943832974041e-01,-7.658922800044976054e-01,-6.581617822243029936e-01,-6.901515700976279533e-01,4.853236856871769034e-02,-8.863618157868019543e-01,-7.299644221915195796e-01,-7.158182559353003516e-01,6.029221260008320593e-01,-7.417491697097278180e-01,-3.848205903914881931e-01,-7.240681307985125104e-01,6.794122665596334931e-01,5.602841524093176151e-01
-2.881310397028153947e-01,8.666793991458046076e-01,7.119831733496595483e-01,-8.894158772046937278e-01,-9.572818558683010570e-02,9.345614382853127955e-01,-2.008009459844189160e-01,-6.926938191653864152e-01,-7.923538975325419287e-01,7.635081480567603718e-01,8.959562369770923684e-01,-8.340870640488822207e-01,-7.724793931183348006e-01,1.000000000000000000e+00,-8.603525390394077821e-01,4.464646548137011783e-01,9.266082427303629077e-01,-8.648673691603784297e-01,-6.811038361483853221e-01,4.580922442331200051e-01,7.951267209835219951e-01,4.867102771326795585e-01,6.760891447488802664e-01,8.492068176436230464e-01,8.808502840461636119e-01,9.094741439408100536e-01,9.556173803704591796e-01,7.619898603343747689e-01,9.427211242493771515e-01,-1.589959498979552632e-01,9.197093256013875173e-01,9.489422365480447707e-01,9.007594775686939004e-01,-8.514211144768646378e-01,9.460881854485446718e-01,4.290592823255011679e-01,9.548816577849851273e-01,-8.605866303543169282e-01,-7.561720482671474564e-01
3.636596473781970595e-01,-7.731977076826406226e-01,-6.484467661981928588e-01,8.179292913736372350e-01,-4.445294926365379179e-02,-8.247550775056267103e-01,2.931489345010027114e-01,6.278938629747204958e-01,7.458907344238222548e-01,-6.553608223086394569e-01,-8.313438361425737888e-01,7.470072704586514512e-01,7.173299771968892902e-01,-8.603525390394077821e-01,1.000000000000000000e+00,-3.291360249725182041e-01,-8.340958167453783600e-01,8.162266344732554968e-01,6.081517738933915895e-01,-2.888162859629237467e-01,-7.032260715883019708e-01,-4.015624938876959926e-01,-5.115836190849358811e-01,-6.343172063101896185e-01,-7.109814490253131281e-01,-8.214948992500611391e-01,-8.774541671659209507e-01,-6.660505158557048500e-01,-7.965265019258485069e-01,1.461465048728028682e-01,-8.409968980709158215e-01,-8.614125481152288266e-01,-8.090783190097876609e-01,7.947644393552451003e-01,-8.586781961462074397e-01,-2.928059333770129391e-01,-8.486630290963642631e-01,8.355463576597781383e-01,7.038944627274721366e-01
6.061668996248225083e-01,5.586016077090003584e-01,7.175537539198643122e-01,-1.661975796520759330e-01,5.568402213291508973e-01,3.031910167739785833e-01,6.181079968473150027e-02,-7.347673898342871324e-01,8.307096543212647011e-02,8.407590044987365285e-01,3.543616649710437660e-01,-3.154282242373767642e-01,-4.369478024842360919e-01,4.464646548137011783e-01,-3.291360249725182041e-01,1.000000000000000000e+00,3.242993209980806202e-01,-6.495503719634806994e-02,2.163184888835126551e-01,3.350043976712951954e-02,3.635271207853847386e-01,1.404960919928424368e-01,7.980474619023258942e-01,6.527473399670608023e-01,6.754016227122772165e-01,5.202081322998102220e-01,3.486516720041979989e-01,6.620298698890340061e-01,4.539342475078382844e-01,7.199823761879643458e-01,4.443806571412881601e-01,2.913193208024512093e-01,3.738348142209979019e-01,-2.637923954643888250e-02,2.879149857458035422e-01,8.453624587909912558e-01,3.009899232749960740e-01,-4.906982529499763490e-02,-9.274937431357790224e-03
-3.656989259376543511e-01,7.494296203987592664e-01,6.000875089697137454e-01,-9.018217345118366701e-01,-1.956589197123252966e-01,9.664654526914744359e-01,-1.032135146936996872e-01,-5.765076501511311458e-01,-8.507429328493586462e-01,6.323143762091659736e-01,9.496314182071404764e-01,-8.068702689897465641e-01,-7.355531043407478320e-01,9.266082427303629077e-01,-8.340958167453783600e-01,3.242993209980806202e-01,1.000000000000000000e+00,-8.837066944414042613e-01,-7.357987718247994691e-01,4.824655301240592942e-01,8.566849120662530792e-01,6.329458966874769166e-01,6.232851156285129646e-01,8.056370309589903078e-01,8.250882989838544956e-01,9.051590004694073377e-01,9.166936293769486488e-01,7.514478848980028491e-01,9.260532658494738945e-01,-2.599978142363681410e-01,8.936268871605437258e-01,9.288607004205254869e-01,9.345353097951660803e-01,-8.797193658459823151e-01,9.609384476416554799e-01,2.477000536067194281e-01,9.411695383179792262e-01,-8.686570209356492267e-01,-8.512091092947203785e-01
6.137399849675042596e-01,-7.261991895230254235e-01,-4.393557256665567845e-01,9.492118826053728142e-01,3.766298796372358204e-01,-8.942967036989141194e-01,2.463456564984172203e-01,4.086349435162095478e-01,9.277960809323396729e-01,-4.696734061642121039e-01,-8.514583551915809734e-01,7.765202039511257537e-01,6.746296872605008765e-01,-8.648673691603784297e-01,8.162266344732554968e-01,-6.495503719634806994e-02,-8.837066944414042613e-01,1.000000000000000000e+00,8.802360768581272144e-01,-4.664578029818830518e-01,-7.014705754200359911e-01,-4.707530951449435674e-01,-3.766347814268386496e-01,-6.232316932021418898e-01,-6.507368982750192377e-01,-7.650616658006705872e-01,-9.057938833610671425e-01,-5.196333936718225965e-01,-8.199030356711006773e-01,4.795535391871356135e-01,-8.249308702212712063e-01,-9.286404118319631085e-01,-8.246086586152504561e-01,9.408035443421632893e-01,-9.162002769403516655e-01,-9.427950006627544566e-02,-9.155858050067199327e-01,9.385103694409562269e-01,8.433532798023898325e-01
7.093712374774587825e-01,-4.809282758168427763e-01,-1.546030105901457230e-01,8.202410496833358877e-01,6.461434305726224681e-01,-7.572825216967505879e-01,2.812955695702743508e-01,1.132298424277048687e-01,9.218110029993316079e-01,-1.699897674083835353e-01,-6.756278063478821094e-01,6.424838118177702562e-01,4.342414141218699508e-01,-6.811038361483853221e-01,6.081517738933915895e-01,2.163184888835126551e-01,-7.357987718247994691e-01,8.802360768581272144e-01,1.000000000000000000e+00,-5.419093669376665590e-01,-5.953377830331502141e-01,-4.490830914709070809e-01,-1.359809215921364833e-01,-4.109808721803444032e-01,-4.262263626188012022e-01,-5.846860459032140467e-01,-7.238922720720382120e-01,-3.086201152935275083e-01,-6.632473641387454100e-01,6.842514676208601987e-01,-5.984898439270327497e-01,-7.741536205867680653e-01,-6.786843869132698215e-01,9.033473391756186022e-01,-7.840320341048006014e-01,1.695777492180225443e-01,-7.822670072145629927e-01,8.465229578995844273e-01,8.316620779222783089e-01
-2.003873589503145092e-01,3.238544139328521365e-01,1.452463119678677472e-01,-4.232959501329440766e-01,-3.440886235732647513e-01,5.239747285806892751e-01,7.347416871344605860e-02,-1.114414555964902132e-01,-5.526263499796324474e-01,2.319892748991141118e-01,4.533667386813235445e-01,-4.913613619156024237e-01,-1.634530884192381128e-01,4.580922442331200051e-01,-2.888162859629237467e-01,3.350043976712951954e-02,4.824655301240592942e-01,-4.664578029818830518e-01,-5.419093669376665590e-01,1.000000000000000000e+00,5.334941694761922149e-01,5.670602310215359099e-01,2.481154974643247357e-01,3.957668076354426967e-01,4.354796525898083082e-01,4.487975152245930466e-01,4.354790647162661288e-01,3.382093315683646906e-01,5.016786918137954299e-01,-2.543670467984203709e-01,3.126682677677184441e-01,4.834932201844526212e-01,5.303061508497378673e-01,-5.238104768331329764e-01,5.002971256772934527e-01,4.204992596286732248e-02,5.091468379086645513e-01,-4.537470864255782610e-01,-5.507216517963706703e-01
-1.712894383498622108e-01,5.934720872357619470e-01,6.554050984749328901e-01,-7.079319764788861713e-01,-1.995344375629628797e-01,8.397483264211186293e-01,-6.304737525217662952e-02,-6.291342807833130157e-01,-7.099422524347348551e-01,5.708959784762942524e-01,8.593942507501223238e-01,-7.354974098738358279e-01,-6.632155085627365887e-01,7.951267209835219951e-01,-7.032260715883019708e-01,3.635271207853847386e-01,8.566849120662530792e-01,-7.014705754200359911e-01,-5.953377830331502141e-01,5.334941694761922149e-01,1.000000000000000000e+00,7.866108650718401929e-01,5.864149835355297880e-01,7.333095717991413576e-01,7.503697094248136246e-01,8.794741343290182201e-01,7.597221421618869375e-01,8.067841640701876038e-01,8.141674972413043276e-01,-1.533389831097050071e-01,7.992700195063319191e-01,7.625055737422596902e-01,9.278456931268225238e-01,-7.331628277685322548e-01,8.384696915665561523e-01,2.347855156524396303e-01,7.962237272034128344e-01,-7.007331101629880044e-01,-7.965267992649640583e-01
-1.286423220253765098e-01,3.088232947583113841e-01,3.170822984590614957e-01,-4.610776202048451067e-01,-2.812876173966285531e-01,6.249259081809920291e-01,2.607953174743632418e-01,-2.847834164709875382e-01,-5.664028326178058848e-01,2.528866315401073206e-01,6.594155262280744223e-01,-4.929172340452687706e-01,-3.062537690362406861e-01,4.867102771326795585e-01,-4.015624938876959926e-01,1.404960919928424368e-01,6.329458966874769166e-01,-4.707530951449435674e-01,-4.490830914709070809e-01,5.670602310215359099e-01,7.866108650718401929e-01,1.000000000000000000e+00,3.539791414965914873e-01,4.819452209726015623e-01,4.848095754411440583e-01,5.940347455607889460e-01,4.620490204689535751e-01,5.581871770757399487e-01,5.452818682932375483e-01,-2.009653345999804497e-01,4.689627947276754916e-01,4.982092963368880967e-01,7.352446850701798153e-01,-5.279557655598069443e-01,5.804665819542532690e-01,1.095299373056722245e-02,5.239119033622329225e-01,-4.685844351533644536e-01,-6.435142454693200120e-01
3.186575578983597001e-01,6.726182823131655608e-01,7.201995703751788991e-01,-4.567884817705725742e-01,3.152617155165568508e-01,6.145071096648754283e-01,-4.849493998415548013e-02,-7.252923525982417630e-01,-2.560544116813190385e-01,8.219644001825200386e-01,6.057633424164661218e-01,-5.706037600231328444e-01,-5.589852640792496441e-01,6.760891447488802664e-01,-5.115836190849358811e-01,7.980474619023258942e-01,6.232851156285129646e-01,-3.766347814268386496e-01,-1.359809215921364833e-01,2.481154974643247357e-01,5.864149835355297880e-01,3.539791414965914873e-01,1.000000000000000000e+00,8.712968120572205377e-01,8.756845423119454797e-01,7.285405570080905058e-01,5.945879069062814937e-01,7.556769496665968200e-01,7.172978834352208288e-01,3.842816338201215931e-01,6.436126152059681305e-01,5.736343451523616688e-01,6.263045849298775059e-01,-3.598789520669135600e-01,5.824820861569890429e-01,6.901352223578937073e-01,5.926761338946319180e-01,-3.656176716484745848e-01,-3.446562984807952645e-01
4.325153825392828028e-02,7.601629499931570333e-01,7.520731160167325458e-01,-6.912692372173333544e-01,6.951312618313587599e-02,8.066322508286405402e-01,-4.791096266717432411e-02,-7.476618186406848166e-01,-5.251579988259927889e-01,8.209049424872298939e-01,7.744491535186781572e-01,-7.289339293923383645e-01,-6.989886033517962449e-01,8.492068176436230464e-01,-6.343172063101896185e-01,6.527473399670608023e-01,8.056370309589903078e-01,-6.232316932021418898e-01,-4.109808721803444032e-01,3.957668076354426967e-01,7.333095717991413576e-01,4.819452209726015623e-01,8.712968120572205377e-01,1.000000000000000000e+00,9.341990468464663744e-01,8.596245356651021075e-01,7.902117281869799337e-01,8.179097538424621172e-01,8.788954037830196686e-01,9.245315168015243168e-02,8.157398698695994543e-01,7.737458500725020727e-01,8.027106819664521220e-01,-6.048538475801209513e-01,7.896325737066813844e-01,5.732959403666888498e-01,7.966833541605167213e-01,-6.042556405318557644e-01,-5.758738092654477336e-01
6.142685467986741532e-02,8.262740299591723181e-01,7.574340393204359589e-01,-7.093405366919576238e-01,1.269774286434950383e-01,8.330513060438469175e-01,-1.046866116166993155e-01,-7.519393785696623089e-01,-5.523879186630470395e-01,8.565106850856240017e-01,7.989136860673227147e-01,-7.841215640446398405e-01,-6.762145455454513510e-01,8.808502840461636119e-01,-7.109814490253131281e-01,6.754016227122772165e-01,8.250882989838544956e-01,-6.507368982750192377e-01,-4.262263626188012022e-01,4.354796525898083082e-01,7.503697094248136246e-01,4.848095754411440583e-01,8.756845423119454797e-01,9.341990468464663744e-01,1.000000000000000000e+00,8.911321486043737305e-01,8.296081209246938259e-01,8.390003809558853609e-01,9.098509094246731710e-01,1.205445758713872551e-01,8.118068524769588290e-01,8.137944937389230970e-01,8.224010949798337133e-01,-6.425872554653413449e-01,8.153758491462927971e-01,6.149998882021868729e-01,8.310884089905062888e-01,-6.353121270742545512e-01,-5.920831928127633370e-01
-1.047704380723478296e-01,7.604669024436735425e-01,7.448651541459861969e-01,-7.942793463459700831e-01,-3.910946773392602605e-02,8.893069855112188948e-01,-1.913261561058377802e-01,-7.286991707842999100e-01,-6.972512354650838295e-01,7.582268406053417342e-01,8.835988009062842874e-01,-8.495325193846684497e-01,-7.455138943832974041e-01,9.094741439408100536e-01,-8.214948992500611391e-01,5.202081322998102220e-01,9.051590004694073377e-01,-7.650616658006705872e-01,-5.846860459032140467e-01,4.487975152245930466e-01,8.794741343290182201e-01,5.940347455607889460e-01,7.285405570080905058e-01,8.596245356651021075e-01,8.911321486043737305e-01,1.000000000000000000e+00,8.799598357202897958e-01,8.827827612003869007e-01,9.254683819342303108e-01,-4.343908804537640472e-02,8.778865313286176031e-01,8.639050564173595959e-01,9.217471390696744260e-01,-7.793491487486458036e-01,9.043342976273434086e-01,4.084579889455108304e-01,8.863950915886604776e-01,-7.394814351490425208e-01,-7.640269052109700532e-01
-3.896206399979064705e-01,8.740032276049070070e-01,6.674491114471866604e-01,-9.208833012604197288e-01,-1.449870892130870337e-01,9.284392875640110621e-01,-2.258147089110912054e-01,-6.458221255813593187e-01,-8.266158076159380030e-01,7.112364885894200128e-01,8.857388028924721990e-01,-8.356443642245258152e-01,-7.658922800044976054e-01,9.556173803704591796e-01,-8.774541671659209507e-01,3.486516720041979989e-01,9.166936293769486488e-01,-9.057938833610671425e-01,-7.238922720720382120e-01,4.354790647162661288e-01,7.597221421618869375e-01,4.620490204689535751e-01,5.945879069062814937e-01,7.902117281869799337e-01,8.296081209246938259e-01,8.799598357202897958e-01,1.000000000000000000e+00,6.966209173014079603e-01,9.141905999514070569e-01,-2.427826645082477863e-01,9.122524531484390575e-01,9.652711912292979424e-01,8.819956003115920762e-01,-8.856680039610496102e-01,9.458278048172432673e-01,3.629202330321267267e-01,9.595143484296189129e-01,-9.009171957552306598e-01,-7.593430513833977491e-01
1.420873755541526562e-01,6.189386002518376673e-01,7.752949652807427094e-01,-5.847451168176692748e-01,1.599615956061219424e-01,7.221787171273769124e-01,-6.997346302029484877e-02,-7.694447686645953244e-01,-4.443422088053409214e-01,7.585370200103763727e-01,7.556460656981384139e-01,-7.077832880172266750e-01,-6.581617822243029936e-01,7.619898603343747689e-01,-6.660505158557048500e-01,6.620298698890340061e-01,7.514478848980028491e-01,-5.196333936718225965e-01,-3.086201152935275083e-01,3.382093315683646906e-01,8.067841640701876038e-01,5.581871770757399487e-01,7.556769496665968200e-01,8.179097538424621172e-01,8.390003809558853609e-01,8.827827612003869007e-01,6.966209173014079603e-01,1.000000000000000000e+00,7.928045382435793265e-01,2.009241459997138102e-01,7.613310986092765020e-01,6.641201560055377540e-01,8.087536281766989354e-01,-5.307661807687555910e-01,7.270193221516593196e-01,4.915484611712426233e-01,6.987037113124954235e-01,-5.006620079246704158e-01,-5.821655580742536307e-01
-1.958498054144376666e-01,8.106735510104117193e-01,6.633351616893821134e-01,-8.482013891481278156e-01,-9.961458452721408396e-02,9.350162224889474460e-01,-1.659679649701758797e-01,-6.501127691800230313e-01,-7.645304663888232710e-01,7.330204922220816544e-01,8.849149772662290303e-01,-8.573238661455646614e-01,-6.901515700976279533e-01,9.427211242493771515e-01,-7.965265019258485069e-01,4.539342475078382844e-01,9.260532658494738945e-01,-8.199030356711006773e-01,-6.632473641387454100e-01,5.016786918137954299e-01,8.141674972413043276e-01,5.452818682932375483e-01,7.172978834352208288e-01,8.788954037830196686e-01,9.098509094246731710e-01,9.254683819342303108e-01,9.141905999514070569e-01,7.928045382435793265e-01,1.000000000000000000e+00,-1.497306935664669825e-01,8.624333005417539333e-01,9.162716472915202193e-01,8.967350083492023893e-01,-8.285562362224638822e-01,9.311382923616079443e-01,4.051661071200033382e-01,9.380977142514811407e-01,-7.969749979725619937e-01,-7.674618420980805489e-01
8.052921522463821757e-01,4.102236444892768535e-02,2.812457859297334828e-01,3.999482878455498658e-01,7.057152158206603243e-01,-2.924873810425395182e-01,1.713886262074857947e-01,-3.118474682726403158e-01,5.991614031566678822e-01,4.082773185629554602e-01,-1.997396920222898609e-01,2.160424169852147303e-01,4.853236856871769034e-02,-1.589959498979552632e-01,1.461465048728028682e-01,7.199823761879643458e-01,-2.599978142363681410e-01,4.795535391871356135e-01,6.842514676208601987e-01,-2.543670467984203709e-01,-1.533389831097050071e-01,-2.009653345999804497e-01,3.842816338201215931e-01,9.245315168015243168e-02,1.205445758713872551e-01,-4.343908804537640472e-02,-2.427826645082477863e-01,2.009241459997138102e-01,-1.497306935664669825e-01,1.000000000000000000e+00,-1.282318395674196532e-01,-2.948793888487385995e-01,-1.959497659996819741e-01,5.053202224638579931e-01,-3.061904453892859701e-01,6.300285766547119026e-01,-3.069772020691934888e-01,4.821896785998459056e-01,4.856126837275539510e-01
-3.027311786645973113e-01,8.109999219801989900e-01,7.608958222147013117e-01,-8.627061606411081662e-01,-8.387298492060563104e-02,8.821349627684408334e-01,-1.738397834089241423e-01,-7.443179165266777808e-01,-7.243668771482076885e-01,7.364032429118851919e-01,8.981797295004102510e-01,-7.291203734324748220e-01,-8.863618157868019543e-01,9.197093256013875173e-01,-8.409968980709158215e-01,4.443806571412881601e-01,8.936268871605437258e-01,-8.249308702212712063e-01,-5.984898439270327497e-01,3.126682677677184441e-01,7.992700195063319191e-01,4.689627947276754916e-01,6.436126152059681305e-01,8.157398698695994543e-01,8.118068524769588290e-01,8.778865313286176031e-01,9.122524531484390575e-01,7.613310986092765020e-01,8.624333005417539333e-01,-1.282318395674196532e-01,1.000000000000000000e+00,8.930838344794871375e-01,8.837524630578733609e-01,-7.769070183946604757e-01,8.987709817273776824e-01,4.047364990230414850e-01,8.873292458579582487e-01,-8.228394312149148737e-01,-7.064365224022954859e-01
-4.348168728035807784e-01,8.525879817624112400e-01,6.030080662360619570e-01,-9.363413012283617887e-01,-2.080043677199979735e-01,9.442237546321856634e-01,-2.079788844352007116e-01,-5.781239628558116905e-01,-8.674003319540881662e-01,6.612241811901000688e-01,8.992091334474188180e-01,-8.316206582694382066e-01,-7.299644221915195796e-01,9.489422365480447707e-01,-8.614125481152288266e-01,2.913193208024512093e-01,9.288607004205254869e-01,-9.286404118319631085e-01,-7.741536205867680653e-01,4.834932201844526212e-01,7.625055737422596902e-01,4.982092963368880967e-01,5.736343451523616688e-01,7.737458500725020727e-01,8.137944937389230970e-01,8.639050564173595959e-01,9.652711912292979424e-01,6.641201560055377540e-01,9.162716472915202193e-01,-2.948793888487385995e-01,8.930838344794871375e-01,1.000000000000000000e+00,8.871774247002746083e-01,-9.141909909523324718e-01,9.540709834410907586e-01,3.131192956078813205e-01,9.660584271728518413e-01,-9.181697556891003087e-01,-7.917704101366503933e-01
-2.739967405655545085e-01,7.359605717435723227e-01,6.808965340827026758e-01,-8.367628759712819608e-01,-1.831647629310195480e-01,9.255975458353957741e-01,-8.059013558627457774e-02,-6.523918509910975327e-01,-8.029591351502716190e-01,6.534134310671064760e-01,9.291914245282777429e-01,-8.056513222076050473e-01,-7.158182559353003516e-01,9.007594775686939004e-01,-8.090783190097876609e-01,3.738348142209979019e-01,9.345353097951660803e-01,-8.246086586152504561e-01,-6.786843869132698215e-01,5.303061508497378673e-01,9.278456931268225238e-01,7.352446850701798153e-01,6.263045849298775059e-01,8.027106819664521220e-01,8.224010949798337133e-01,9.217471390696744260e-01,8.819956003115920762e-01,8.087536281766989354e-01,8.967350083492023893e-01,-1.959497659996819741e-01,8.837524630578733609e-01,8.871774247002746083e-01,1.000000000000000000e+00,-8.336788902255314326e-01,9.276508490264744333e-01,2.880449283367191859e-01,9.026800621692698812e-01,-8.203412519244329681e-01,-8.273128553430534327e-01
5.958611875880762687e-01,-6.796550854377093609e-01,-3.963557588202434312e-01,9.109417400370247719e-01,4.427330232418573153e-01,-8.949991229890302824e-01,2.454105037895275288e-01,3.613045898658711619e-01,9.473371530889070913e-01,-4.285932817391870930e-01,-8.286266370487406219e-01,8.097798073323274615e-01,6.029221260008320593e-01,-8.514211144768646378e-01,7.947644393552451003e-01,-2.637923954643888250e-02,-8.797193658459823151e-01,9.408035443421632893e-01,9.033473391756186022e-01,-5.238104768331329764e-01,-7.331628277685322548e-01,-5.279557655598069443e-01,-3.598789520669135600e-01,-6.048538475801209513e-01,-6.425872554653413449e-01,-7.793491487486458036e-01,-8.856680039610496102e-01,-5.307661807687555910e-01,-8.285562362224638822e-01,5.053202224638579931e-01,-7.769070183946604757e-01,-9.141909909523324718e-01,-8.336788902255314326e-01,1.000000000000000000e+00,-9.184306728768751871e-01,-4.485979733559779248e-02,-9.155798645539561242e-01,9.255452234960561686e-01,8.731738825378969615e-01
-4.126562102121268949e-01,7.777077613390200872e-01,6.038126559044629804e-01,-9.232509224578343554e-01,-2.271758121897809735e-01,9.635244068122832406e-01,-1.864427271387924800e-01,-5.780701026177442747e-01,-8.830897498571673720e-01,6.341564924056449781e-01,9.262045752966823198e-01,-8.442985721569602475e-01,-7.417491697097278180e-01,9.460881854485446718e-01,-8.586781961462074397e-01,2.879149857458035422e-01,9.609384476416554799e-01,-9.162002769403516655e-01,-7.840320341048006014e-01,5.002971256772934527e-01,8.384696915665561523e-01,5.804665819542532690e-01,5.824820861569890429e-01,7.896325737066813844e-01,8.153758491462927971e-01,9.043342976273434086e-01,9.458278048172432673e-01,7.270193221516593196e-01,9.311382923616079443e-01,-3.061904453892859701e-01,8.987709817273776824e-01,9.540709834410907586e-01,9.276508490264744333e-01,-9.184306728768751871e-01,1.000000000000000000e+00,2.436711568677206452e-01,9.653782188622277438e-01,-9.078594281536039867e-01,-8.643202392554828473e-01
4.969019832228824818e-01,6.541460030565101613e-01,6.508960343698370066e-01,-1.790385265146637039e-01,4.448431364441423064e-01,2.613963679159503339e-01,9.797625799220853471e-03,-6.649909013697826721e-01,7.376102065569981048e-02,7.846193149072341333e-01,2.793085111425101519e-01,-2.675953291608293427e-01,-3.848205903914881931e-01,4.290592823255011679e-01,-2.928059333770129391e-01,8.453624587909912558e-01,2.477000536067194281e-01,-9.427950006627544566e-02,1.695777492180225443e-01,4.204992596286732248e-02,2.347855156524396303e-01,1.095299373056722245e-02,6.901352223578937073e-01,5.732959403666888498e-01,6.149998882021868729e-01,4.084579889455108304e-01,3.629202330321267267e-01,4.915484611712426233e-01,4.051661071200033382e-01,6.300285766547119026e-01,4.047364990230414850e-01,3.131192956078813205e-01,2.880449283367191859e-01,-4.485979733559779248e-02,2.436711568677206452e-01,1.000000000000000000e+00,2.962096048379012081e-01,-8.656865424011496446e-02,1.157187855935987164e-01
-4.081555962821066252e-01,8.258476712568869615e-01,6.119766327399887018e-01,-9.229242313836019118e-01,-2.179112978161823200e-01,9.554699951091120136e-01,-2.085863946354015730e-01,-5.875421838478056547e-01,-8.720416442364430365e-01,6.574959013796064511e-01,8.988752374783345322e-01,-8.532917046004422357e-01,-7.240681307985125104e-01,9.548816577849851273e-01,-8.486630290963642631e-01,3.009899232749960740e-01,9.411695383179792262e-01,-9.155858050067199327e-01,-7.822670072145629927e-01,5.091468379086645513e-01,7.962237272034128344e-01,5.239119033622329225e-01,5.926761338946319180e-01,7.966833541605167213e-01,8.310884089905062888e-01,8.863950915886604776e-01,9.595143484296189129e-01,6.987037113124954235e-01,9.380977142514811407e-01,-3.069772020691934888e-01,8.873292458579582487e-01,9.660584271728518413e-01,9.026800621692698812e-01,-9.155798645539561242e-01,9.653782188622277438e-01,2.962096048379012081e-01,1.000000000000000000e+00,-9.080223551537798254e-01,-8.207938306048400134e-01
6.348151966728512452e-01,-7.191349332196547151e-01,-4.717854720463466323e-01,9.189239985013943901e-01,3.224081865156903648e-01,-8.842777564492493303e-01,2.637549473845079429e-01,4.374238323418233598e-01,9.232435507734012559e-01,-4.689878878364053816e-01,-8.304844673671215594e-01,7.467830193383403481e-01,6.794122665596334931e-01,-8.605866303543169282e-01,8.355463576597781383e-01,-4.906982529499763490e-02,-8.686570209356492267e-01,9.385103694409562269e-01,8.465229578995844273e-01,-4.537470864255782610e-01,-7.007331101629880044e-01,-4.685844351533644536e-01,-3.656176716484745848e-01,-6.042556405318557644e-01,-6.353121270742545512e-01,-7.394814351490425208e-01,-9.009171957552306598e-01,-5.006620079246704158e-01,-7.969749979725619937e-01,4.821896785998459056e-01,-8.228394312149148737e-01,-9.181697556891003087e-01,-8.203412519244329681e-01,9.255452234960561686e-01,-9.078594281536039867e-01,-8.656865424011496446e-02,-9.080223551537798254e-01,1.000000000000000000e+00,8.403580053868107136e-01
4.975066591970882524e-01,-4.623580590559742687e-01,-3.598713495286570696e-01,8.065718320360473204e-01,3.787518149761425201e-01,-8.449896558945193537e-01,1.714001950432531840e-01,3.260730127445646276e-01,8.929807212884351975e-01,-3.315819823653550769e-01,-8.031033127968347785e-01,7.727040296845928413e-01,5.602841524093176151e-01,-7.561720482671474564e-01,7.038944627274721366e-01,-9.274937431357790224e-03,-8.512091092947203785e-01,8.433532798023898325e-01,8.316620779222783089e-01,-5.507216517963706703e-01,-7.965267992649640583e-01,-6.435142454693200120e-01,-3.446562984807952645e-01,-5.758738092654477336e-01,-5.920831928127633370e-01,-7.640269052109700532e-01,-7.593430513833977491e-01,-5.821655580742536307e-01,-7.674618420980805489e-01,4.856126837275539510e-01,-7.064365224022954859e-01,-7.917704101366503933e-01,-8.273128553430534327e-01,8.731738825378969615e-01,-8.643202392554828473e-01,1.157187855935987164e-01,-8.207938306048400134e-01,8.403580053868107136e-01,1.000000000000000000e+00
