1.000000000000000000e+00,7.409818976334454632e-01,4.905224343792066177e-01,-6.500187306298274570e-02,7.127290802070577191e-01,2.334790622039040475e-01,-1.784313302426989989e-01,-5.986187493060263209e-01,7.585605420625004536e-01,5.805706156342507196e-01,2.506535037579626750e-03,-9.200578738311274152e-02,-1.677103951976045282e-01,3.705845654300203296e-01,1.523829998664107399e-01,6.514221642075067598e-01,3.452198161704500001e-01,1.823550831873166078e-01,2.274958321189378060e-02,-2.949570180964017352e-01,1.968964775588617211e-01,-3.621480558292870522e-01,2.780696021891956304e-01,1.572312326286579298e-01,2.307448667422775379e-01,3.832086579691837969e-01,1.187775939702218342e-01,3.246325732565593092e-01,3.208505347829533894e-01,6.495534750273581626e-01,1.668898032200818171e-01,2.341519072505127419e-01,1.815070211042220105e-01,3.343214887521045453e-01,1.741550204162959636e-01,4.024995701852883689e-01,1.659021380648227073e-01,7.135657720488104427e-01,5.892090896200947725e-01
7.409818976334454632e-01,1.000000000000000000e+00,6.185537371361569114e-01,-1.419153073011975852e-01,5.711846377039687672e-01,3.935450664627074269e-01,-2.382151218750274552e-02,-5.809181101523972490e-01,6.226326645185268349e-01,6.613797598275804601e-01,5.721526959984046118e-02,-8.024277531809774489e-02,-4.244407646127910105e-01,6.352997254540531102e-01,-1.649591963884785295e-01,7.171829490827796860e-01,3.481122096778339059e-01,3.229645998605295415e-02,8.294693908984606887e-03,-5.314518763690913028e-01,4.812520257976843352e-01,-4.990791406173782918e-01,4.790429007726876298e-01,4.212724180726420964e-01,4.986446544564314132e-01,6.057168902271673483e-01,4.547731276226124608e-01,5.586871786726989031e-01,5.665144909128160267e-01,6.351019983551675629e-01,5.195720413826886430e-01,5.836407918107817672e-01,5.241985215008071464e-01,-5.425830821496246958e-02,5.224293751371341665e-01,5.830755862220549264e-03,5.646533204776944537e-01,5.175526802555623362e-01,3.293291074452266431e-01
4.905224343792066177e-01,6.185537371361569114e-01,1.000000000000000000e+00,-9.436912373270736620e-02,6.699449369696085510e-01,3.761763563021265910e-01,2.297429534578332710e-01,-8.660561312362825559e-01,5.434350012837853017e-01,7.361581183220016200e-01,-1.679934980592425464e-01,-9.074820795149043939e-02,-6.438021761371673923e-01,7.997419783748086486e-01,-1.214216258283981192e-01,7.059227985568399255e-01,5.154689744675976515e-01,1.448589102037901311e-01,2.277970743969913170e-01,-5.422499759546040021e-01,7.668595478694795187e-01,-5.527027362192584725e-01,5.249511440882367319e-01,5.040877066605451429e-01,5.369883659949263865e-01,8.336206870015913095e-01,6.333599932378791708e-01,8.626339951275971973e-01,7.030975292907485352e-01,4.908420394555000343e-01,7.441682199104654449e-01,7.087689984693114065e-01,7.684980757969753773e-01,1.386976329626533368e-03,6.817380822858546408e-01,-2.911912257548280314e-01,7.104949634062507346e-01,5.237287974513449296e-01,1.725731366498771957e-01
-6.500187306298274570e-02,-1.419153073011975852e-01,-9.436912373270736620e-02,1.000000000000000000e+00,-2.952762308810604266e-02,-6.286775123643977281e-01,1.588241931695720810e-01,2.297955795100946608e-01,-5.018716856213034649e-02,-1.642154151749163349e-01,-1.076616982165691239e-01,6.402484344710357433e-01,-8.723254145840764195e-02,-2.199877541351473731e-01,5.950208105947287773e-01,-1.811010250462140592e-01,-1.757900300664511639e-01,6.220683531458883753e-01,7.307565471756255482e-01,5.562923718692721620e-01,-1.463585740769596799e-01,5.749044566205358670e-02,-5.944166704714984872e-01,-5.540994230860692982e-01,-5.622845555045228316e-01,-2.258661693585074792e-01,5.392756410328140154e-02,4.665571899207196505e-02,-4.459282014332718314e-01,-2.071902607085563397e-01,-9.224853514174095881e-02,-3.265993350712322330e-01,-1.600106558407672630e-01,2.546658344912942074e-01,-3.892029031907898728e-01,8.465109281392139973e-02,-1.351406184842567360e-01,-2.603729806227189081e-01,1.234391330861628749e-01
7.127290802070577191e-01,5.711846377039687672e-01,6.699449369696085510e-01,-2.952762308810604266e-02,1.000000000000000000e+00,3.093612049414948828e-01,-7.306736271992579634e-02,-8.182993545250895062e-01,7.636882659040469257e-01,6.389870035118396796e-01,-5.541798743016414230e-02,-1.854585928218195900e-01,-1.993885781925364142e-01,4.128362085397198067e-01,9.306986033184176665e-02,6.901392385661461182e-01,4.143407764792865211e-01,1.892522193334723046e-01,9.130578817998516450e-02,-3.226680526599760013e-01,2.938481318268865716e-01,-3.174247027445086244e-01,3.609526467316074294e-01,2.520497350187340113e-01,3.196220806797060443e-01,3.944994165415110499e-01,9.057530358124517289e-02,4.177454844005818457e-01,3.540922646113208727e-01,6.637246389072047892e-01,2.313232082794315081e-01,2.802870742485874533e-01,2.422581177748164005e-01,4.844898472750827634e-01,2.586943603666791436e-01,2.766387620901381572e-01,2.182022483984243921e-01,6.484864048878254961e-01,4.570323775461628824e-01
2.334790622039040475e-01,3.935450664627074269e-01,3.761763563021265910e-01,-6.286775123643977281e-01,3.093612049414948828e-01,1.000000000000000000e+00,5.688514613081587651e-02,-4.672513749223783930e-01,2.718347757045743718e-01,5.169768680989109688e-01,5.594432030139179224e-02,-7.281972687595597016e-01,1.796063166576064574e-02,5.132798312222739412e-01,-6.053635315678652651e-01,4.929256019667374589e-01,4.809288685477526304e-01,-3.393206496947013262e-01,-4.302609573880467608e-01,-6.005866959085005563e-01,3.266833446963486876e-01,-1.048991346432708999e-01,9.054911296322336600e-01,8.712783738636928899e-01,8.767117200189794568e-01,4.377314648776571282e-01,7.447700671834625585e-02,2.114462096402805469e-01,7.322005907610825703e-01,5.302921753146592199e-01,2.461005267628599558e-01,5.558410388056683749e-01,4.374491199066586899e-01,-2.374374479593311660e-01,6.926362104324392810e-01,-1.482748016815642056e-01,4.305817427574872291e-01,2.946580624401857751e-01,-1.320545306999218460e-01
-1.784313302426989989e-01,-2.382151218750274552e-02,2.297429534578332710e-01,1.588241931695720810e-01,-7.306736271992579634e-02,5.688514613081587651e-02,1.000000000000000000e+00,-8.005956507614950257e-02,-1.874634685328088468e-01,4.062417310113203978e-02,-1.714613940539283232e-01,-1.715359955049428342e-01,-2.645153977874925011e-01,3.000768334379659286e-01,-3.217010990425200889e-01,-2.464913511843371680e-02,1.492227990603686716e-01,-1.434023963225199705e-01,1.676586665169312873e-01,-1.343108581511394950e-01,3.081817506902305714e-01,-2.541975046685179263e-01,1.311413152472100940e-01,2.000894965492092670e-01,1.242792081601580834e-01,2.456177726166288988e-01,2.456191701469027655e-01,3.072065460405264958e-01,2.816231556561651916e-01,-6.746020337999013294e-02,3.721366087108682330e-01,2.985072903529863431e-01,3.985824459862676861e-01,-4.054830519750263207e-01,3.283849332742813099e-01,-3.800629317510657579e-01,3.178879603100931428e-01,-3.032371112782045741e-01,-4.989046327774335765e-01
-5.986187493060263209e-01,-5.809181101523972490e-01,-8.660561312362825559e-01,2.297955795100946608e-01,-8.182993545250895062e-01,-4.672513749223783930e-01,-8.005956507614950257e-02,1.000000000000000000e+00,-6.770569508271662151e-01,-7.364783116028867926e-01,1.281336233976952399e-01,2.692916490477548774e-01,4.023569659317325908e-01,-6.497003790704319881e-01,1.189954086611526435e-01,-7.377953684415016200e-01,-4.945691288418105347e-01,-6.395459194584394991e-02,-5.523943992293345318e-02,5.362511078673136700e-01,-5.678201234123154695e-01,4.219203373716406968e-01,-5.664441869115887096e-01,-4.959424651987531241e-01,-5.495499821650763339e-01,-6.718685662827791338e-01,-3.496068468308279331e-01,-6.557347961235734379e-01,-6.142000051846487896e-01,-6.196984540669528974e-01,-5.138956485350834047e-01,-5.467821645936319364e-01,-5.442331888365030679e-01,-2.391017899842694527e-01,-5.448427307348088222e-01,3.897862568231979380e-02,-4.791179485748932043e-01,-6.478619854982990978e-01,-3.040829011738607757e-01
7.585605420625004536e-01,6.226326645185268349e-01,5.434350012837853017e-01,-5.018716856213034649e-02,7.636882659040469257e-01,2.718347757045743718e-01,-1.874634685328088468e-01,-6.770569508271662151e-01,1.000000000000000000e+00,7.206171024924755697e-01,8.639406079786586534e-02,-8.472230519192237852e-02,-1.198494778730164467e-01,3.292648476804252433e-01,1.905877045659008506e-01,7.906799941474607074e-01,3.642516048271139395e-01,2.225038043980233082e-01,1.275533162680409782e-01,-2.188320597792042244e-01,2.014369529071197429e-01,-3.527236367021531760e-01,3.386643960260617425e-01,2.154394770157886940e-01,2.888461805268330851e-01,3.729036095391942696e-01,8.806651145827486260e-02,3.319527864447775478e-01,2.937638239417184605e-01,8.295530579327712317e-01,1.557832169636677588e-01,1.883260745691656968e-01,1.752323753933620887e-01,4.734856929943461190e-01,2.060406939137403859e-01,3.155058725809767872e-01,1.590953934061104524e-01,7.172732663163596811e-01,6.024546008650029094e-01
5.805706156342507196e-01,6.613797598275804601e-01,7.361581183220016200e-01,-1.642154151749163349e-01,6.389870035118396796e-01,5.169768680989109688e-01,4.062417310113203978e-02,-7.364783116028867926e-01,7.206171024924755697e-01,1.000000000000000000e+00,5.768308641930001111e-03,-2.021395488590072842e-01,-3.768661479487430688e-01,6.491360608266272259e-01,-1.076855473035211869e-01,8.872749651408109450e-01,5.172274821685470814e-01,1.964142778566862479e-01,1.806028679788301561e-01,-4.241171670371132740e-01,5.570717655361384635e-01,-4.905018023050471965e-01,6.352355853284606946e-01,5.581693808656078559e-01,5.989016500962975886e-01,6.854437490251014120e-01,4.220272296689502323e-01,6.136218780477092904e-01,6.480635979853406337e-01,7.607294379449438537e-01,4.923684618442437655e-01,5.641760212257505014e-01,5.733797701121177148e-01,4.471932437548915840e-02,6.158768451542736555e-01,-5.603762541590219526e-02,5.483637425771419327e-01,6.361774908886109747e-01,3.633804692827739546e-01
2.506535037579626750e-03,5.721526959984046118e-02,-1.679934980592425464e-01,-1.076616982165691239e-01,-5.541798743016414230e-02,5.594432030139179224e-02,-1.714613940539283232e-01,1.281336233976952399e-01,8.639406079786586534e-02,5.768308641930001111e-03,1.000000000000000000e+00,1.145743211501074228e-02,2.394619410264484383e-01,-1.711077474129944487e-01,5.224557631276994379e-02,6.049036721086667456e-02,1.517040539480320471e-01,5.249354698298716593e-02,-4.708529632380084595e-02,1.098157606151950738e-01,-2.105953891945588075e-01,9.249401661399406574e-03,4.743772396538068620e-02,-5.388443744034532301e-02,-1.043923440560084147e-02,-1.697572155564488483e-01,-1.359852448785434653e-01,-1.754422840397289463e-01,-1.259166626556042778e-01,1.559360232316394923e-01,-1.948017295662715920e-01,-1.659581388725320517e-01,-1.836361910939613151e-01,6.190535026905230609e-02,-1.039943778892679083e-01,1.612467424492148305e-01,-1.121582203460142341e-01,-2.240697548580583218e-02,8.197656052357164824e-02
-9.200578738311274152e-02,-8.024277531809774489e-02,-9.074820795149043939e-02,6.402484344710357433e-01,-1.854585928218195900e-01,-7.281972687595597016e-01,-1.715359955049428342e-01,2.692916490477548774e-01,-8.472230519192237852e-02,-2.021395488590072842e-01,1.145743211501074228e-02,1.000000000000000000e+00,-2.466729857354131861e-01,-2.025697504424652517e-01,6.633160541122500309e-01,-1.900393209752872514e-01,-3.576153340810722114e-01,5.790812647679264291e-01,6.600331991170663715e-01,4.736757548616103430e-01,-8.290718783018176385e-02,6.337869554746502522e-03,-6.720502320623747972e-01,-6.324004757707571978e-01,-5.899232764996784617e-01,-1.321217858312077331e-01,3.189874165336440415e-01,1.105379876158677638e-01,-4.754510869004727747e-01,-3.282780107954750837e-01,6.449881577794952525e-02,-2.486538244421176436e-01,-1.239193183547189769e-01,1.983292993597366993e-01,-3.977789567094492384e-01,2.123387525378305288e-02,-5.698964483164131734e-02,-7.847944263224994332e-02,3.761199932357623954e-01
-1.677103951976045282e-01,-4.244407646127910105e-01,-6.438021761371673923e-01,-8.723254145840764195e-02,-1.993885781925364142e-01,1.796063166576064574e-02,-2.645153977874925011e-01,4.023569659317325908e-01,-1.198494778730164467e-01,-3.768661479487430688e-01,2.394619410264484383e-01,-2.466729857354131861e-01,1.000000000000000000e+00,-7.013586661203556893e-01,1.233038819784834650e-01,-3.370505742240479385e-01,-1.606190059087482525e-01,-1.401604166024185416e-01,-3.048731201311014050e-01,4.507783105070126695e-01,-7.288044722526555441e-01,5.779367565162955023e-01,-1.615861336638546308e-01,-2.298879939314665555e-01,-2.269275024740847746e-01,-7.242584086185804848e-01,-8.190733251713544494e-01,-7.950846964855534660e-01,-4.953762016740286822e-01,-1.412635374131432711e-02,-8.409968689700845212e-01,-6.885032140604719908e-01,-7.239280198783745179e-01,3.450110710062022634e-01,-5.446091332173079724e-01,5.103631509489321427e-01,-7.418864513857578169e-01,-1.725043489439303246e-01,3.004083038992859996e-03
3.705845654300203296e-01,6.352997254540531102e-01,7.997419783748086486e-01,-2.199877541351473731e-01,4.128362085397198067e-01,5.132798312222739412e-01,3.000768334379659286e-01,-6.497003790704319881e-01,3.292648476804252433e-01,6.491360608266272259e-01,-1.711077474129944487e-01,-2.025697504424652517e-01,-7.013586661203556893e-01,1.000000000000000000e+00,-3.878523866756066751e-01,5.918859361429351651e-01,4.703930420810131241e-01,-2.896134466503578336e-02,8.773019166986681383e-02,-7.175383783032014406e-01,7.792486420863895535e-01,-6.204995091970029186e-01,6.599385495727735362e-01,6.968558197733389914e-01,6.864116326725170358e-01,8.660503628039880608e-01,7.204776761697837539e-01,8.212273444333623162e-01,8.614335446405652075e-01,3.561647856912826815e-01,8.378580053501829550e-01,8.894920817876758035e-01,8.736013403105844510e-01,-3.821084467660000872e-01,8.522529602733741605e-01,-4.676375482775877446e-01,8.710635032196368810e-01,3.394208737186472091e-01,-6.110871495958439259e-02
1.523829998664107399e-01,-1.649591963884785295e-01,-1.214216258283981192e-01,5.950208105947287773e-01,9.306986033184176665e-02,-6.053635315678652651e-01,-3.217010990425200889e-01,1.189954086611526435e-01,1.905877045659008506e-01,-1.076855473035211869e-01,5.224557631276994379e-02,6.633160541122500309e-01,1.233038819784834650e-01,-3.878523866756066751e-01,1.000000000000000000e+00,-6.225447662292451362e-02,-9.471372738917151202e-02,7.235182337124588248e-01,5.798991381191240801e-01,6.508972968109291157e-01,-2.962339471507229871e-01,1.429578852323678539e-01,-6.054779894523725225e-01,-6.783888331997828258e-01,-6.442845639724096296e-01,-2.903646630203602919e-01,-1.443107609161117522e-01,-9.368158947494376054e-02,-5.461155369076869937e-01,-5.733794270940556492e-02,-3.439684246393036604e-01,-5.449454051398806564e-01,-3.773775743969345342e-01,6.415102604262751251e-01,-5.791142408267646591e-01,4.415311158697895477e-01,-4.023280359009575036e-01,1.898448625688698987e-01,5.273268349551996081e-01
6.514221642075067598e-01,7.171829490827796860e-01,7.059227985568399255e-01,-1.811010250462140592e-01,6.901392385661461182e-01,4.929256019667374589e-01,-2.464913511843371680e-02,-7.377953684415016200e-01,7.906799941474607074e-01,8.872749651408109450e-01,6.049036721086667456e-02,-1.900393209752872514e-01,-3.370505742240479385e-01,5.918859361429351651e-01,-6.225447662292451362e-02,1.000000000000000000e+00,4.552579403314059303e-01,1.927253409818740770e-01,1.340585915306890252e-01,-4.216663267371167922e-01,4.734034489908763854e-01,-4.691962473149261514e-01,5.875657844141809472e-01,4.875652549967822158e-01,5.428671077915965260e-01,6.294265626843886796e-01,3.370617682343362009e-01,5.517877047303131333e-01,5.726988054846470222e-01,8.257983152971603014e-01,4.270541249885254631e-01,4.941466702031139802e-01,4.909916379341797144e-01,1.327545600829717343e-01,5.333397807996994588e-01,4.691086028259790208e-02,4.756365325017694601e-01,7.104892126147652753e-01,4.095991098917100004e-01
3.452198161704500001e-01,3.481122096778339059e-01,5.154689744675976515e-01,-1.757900300664511639e-01,4.143407764792865211e-01,4.809288685477526304e-01,1.492227990603686716e-01,-4.945691288418105347e-01,3.642516048271139395e-01,5.172274821685470814e-01,1.517040539480320471e-01,-3.576153340810722114e-01,-1.606190059087482525e-01,4.703930420810131241e-01,-9.471372738917151202e-02,4.552579403314059303e-01,1.000000000000000000e+00,7.693575088401682915e-02,1.789876609969600577e-03,-2.876204111966563781e-01,4.166280043607607508e-01,-3.288094938076361329e-01,5.310591342909117829e-01,4.563079005167901547e-01,4.491362338251949082e-01,4.793420241512803548e-01,1.804134829655991146e-01,4.247507612641424068e-01,5.784117052674995207e-01,4.525976205773591943e-01,2.796631653445103560e-01,4.312714932232483700e-01,4.610546920946261840e-01,-3.608610822641225568e-02,4.988624730530030749e-01,-1.452796165099637105e-01,4.020072039692719201e-01,3.155302832536474589e-01,-4.214259565059733786e-02
1.823550831873166078e-01,3.229645998605295415e-02,1.448589102037901311e-01,6.220683531458883753e-01,1.892522193334723046e-01,-3.393206496947013262e-01,-1.434023963225199705e-01,-6.395459194584394991e-02,2.225038043980233082e-01,1.964142778566862479e-01,5.249354698298716593e-02,5.790812647679264291e-01,-1.401604166024185416e-01,-2.896134466503578336e-02,7.235182337124588248e-01,1.927253409818740770e-01,7.693575088401682915e-02,1.000000000000000000e+00,7.915853044413875272e-01,4.097315728878527241e-01,-4.389935143856312470e-04,-8.107648601119034348e-02,-2.970478511686211465e-01,-3.359666898261411960e-01,-3.289074836304449190e-01,1.791650297118957749e-02,1.571145740295490090e-01,2.176681380319878678e-01,-2.072597974356820971e-01,6.107588572715715730e-02,-3.382776731641612411e-02,-1.866258668570058843e-01,-3.037232934571998388e-02,3.556881007486055180e-01,-2.079479816492162958e-01,2.505090339639403640e-01,-2.036248594575386373e-02,2.042823769557140512e-01,4.503549316677674663e-01
2.274958321189378060e-02,8.294693908984606887e-03,2.277970743969913170e-01,7.307565471756255482e-01,9.130578817998516450e-02,-4.302609573880467608e-01,1.676586665169312873e-01,-5.523943992293345318e-02,1.275533162680409782e-01,1.806028679788301561e-01,-4.708529632380084595e-02,6.600331991170663715e-01,-3.048731201311014050e-01,8.773019166986681383e-02,5.798991381191240801e-01,1.340585915306890252e-01,1.789876609969600577e-03,7.915853044413875272e-01,1.000000000000000000e+00,3.678149648533601268e-01,1.512282213677197673e-01,-2.183679866996805774e-01,-3.294987052597025401e-01,-3.061830161447348653e-01,-3.086501031040209675e-01,1.076182688285851619e-01,3.557910428242301859e-01,3.703758714615607572e-01,-1.495484647158003833e-01,-2.595043073779882553e-02,1.979227047369231662e-01,-4.471538840575962903e-02,1.457420736468888756e-01,1.774578911785175683e-01,-8.267389977766011200e-02,-2.986294276487164515e-02,1.523316334965262586e-01,1.612904348304475613e-02,2.726694004704775520e-01
-2.949570180964017352e-01,-5.314518763690913028e-01,-5.422499759546040021e-01,5.562923718692721620e-01,-3.226680526599760013e-01,-6.005866959085005563e-01,-1.343108581511394950e-01,5.362511078673136700e-01,-2.188320597792042244e-01,-4.241171670371132740e-01,1.098157606151950738e-01,4.736757548616103430e-01,4.507783105070126695e-01,-7.175383783032014406e-01,6.508972968109291157e-01,-4.216663267371167922e-01,-2.876204111966563781e-01,4.097315728878527241e-01,3.678149648533601268e-01,1.000000000000000000e+00,-5.252854264569516429e-01,4.669822885051477246e-01,-6.770750479940497168e-01,-6.929478109138240693e-01,-7.006900242440258220e-01,-6.509147117377442893e-01,-4.324181204813332680e-01,-4.785018328863429038e-01,-7.537986689325687495e-01,-2.897516062043635765e-01,-6.152918372092156529e-01,-7.622114971450423271e-01,-5.991423813148116784e-01,4.087327952585646518e-01,-7.108378443395443336e-01,3.651693763544289761e-01,-6.292106039016990282e-01,-2.972011330899350101e-01,1.620812717236788381e-01
1.968964775588617211e-01,4.812520257976843352e-01,7.668595478694795187e-01,-1.463585740769596799e-01,2.938481318268865716e-01,3.266833446963486876e-01,3.081817506902305714e-01,-5.678201234123154695e-01,2.014369529071197429e-01,5.570717655361384635e-01,-2.105953891945588075e-01,-8.290718783018176385e-02,-7.288044722526555441e-01,7.792486420863895535e-01,-2.962339471507229871e-01,4.734034489908763854e-01,4.166280043607607508e-01,-4.389935143856312470e-04,1.512282213677197673e-01,-5.252854264569516429e-01,1.000000000000000000e+00,-5.168009773151519548e-01,4.969699859612498605e-01,5.231022235406629362e-01,5.201359394284911231e-01,8.423348011793043710e-01,7.401392531762899241e-01,8.421532708653775012e-01,7.407179385212653289e-01,2.328103570784068321e-01,8.161878973888837541e-01,7.910836781873360479e-01,8.776334036016820717e-01,-3.665494250971128576e-01,7.740333411792530427e-01,-5.580965447547013847e-01,7.881032123905870046e-01,2.390149338747139529e-01,-1.178536707641991421e-01
-3.621480558292870522e-01,-4.990791406173782918e-01,-5.527027362192584725e-01,5.749044566205358670e-02,-3.174247027445086244e-01,-1.048991346432708999e-01,-2.541975046685179263e-01,4.219203373716406968e-01,-3.527236367021531760e-01,-4.905018023050471965e-01,9.249401661399406574e-03,6.337869554746502522e-03,5.779367565162955023e-01,-6.204995091970029186e-01,1.429578852323678539e-01,-4.691962473149261514e-01,-3.288094938076361329e-01,-8.107648601119034348e-02,-2.183679866996805774e-01,4.669822885051477246e-01,-5.168009773151519548e-01,1.000000000000000000e+00,-2.713364591446045804e-01,-2.669196927377674444e-01,-2.678740573255066204e-01,-6.207138976275236031e-01,-5.498465398200572674e-01,-6.009672912076017282e-01,-5.150283073913325405e-01,-2.649173264775024350e-01,-6.049404176821073786e-01,-5.458258634277617372e-01,-5.220469622172160262e-01,3.030574294278492453e-01,-4.904171873559466377e-01,3.084480218633177673e-01,-5.698661746167936748e-01,-2.714027628160461947e-01,2.556922332739647655e-02
2.780696021891956304e-01,4.790429007726876298e-01,5.249511440882367319e-01,-5.944166704714984872e-01,3.609526467316074294e-01,9.054911296322336600e-01,1.311413152472100940e-01,-5.664441869115887096e-01,3.386643960260617425e-01,6.352355853284606946e-01,4.743772396538068620e-02,-6.720502320623747972e-01,-1.615861336638546308e-01,6.599385495727735362e-01,-6.054779894523725225e-01,5.875657844141809472e-01,5.310591342909117829e-01,-2.970478511686211465e-01,-3.294987052597025401e-01,-6.770750479940497168e-01,4.969699859612498605e-01,-2.713364591446045804e-01,1.000000000000000000e+00,9.032019875682293364e-01,9.145077561019109291e-01,5.963753720110812617e-01,2.422523015426015502e-01,3.907203796848831567e-01,8.332213895768135759e-01,5.661974799842484085e-01,4.171498972204769062e-01,6.865722145815641442e-01,5.934779990665705052e-01,-2.904395480024701826e-01,8.059515351937553973e-01,-2.638455977229465788e-01,5.746988111544444333e-01,3.443552948925990287e-01,-1.218441931253753802e-01
1.572312326286579298e-01,4.212724180726420964e-01,5.040877066605451429e-01,-5.540994230860692982e-01,2.520497350187340113e-01,8.712783738636928899e-01,2.000894965492092670e-01,-4.959424651987531241e-01,2.154394770157886940e-01,5.581693808656078559e-01,-5.388443744034532301e-02,-6.324004757707571978e-01,-2.298879939314665555e-01,6.968558197733389914e-01,-6.783888331997828258e-01,4.875652549967822158e-01,4.563079005167901547e-01,-3.359666898261411960e-01,-3.061830161447348653e-01,-6.929478109138240693e-01,5.231022235406629362e-01,-2.669196927377674444e-01,9.032019875682293364e-01,1.000000000000000000e+00,9.170711884030811056e-01,6.053292105398304646e-01,3.244042963272718572e-01,4.179884649484122972e-01,8.399086497314263156e-01,4.334804306892037773e-01,4.909232446644504200e-01,7.326706429263725173e-01,6.463159539206853044e-01,-4.122154801111813094e-01,8.353662030429799268e-01,-3.815764374065646058e-01,6.388554923371945193e-01,2.023492064462345252e-01,-2.263746852154178979e-01
2.307448667422775379e-01,4.986446544564314132e-01,5.369883659949263865e-01,-5.622845555045228316e-01,3.196220806797060443e-01,8.767117200189794568e-01,1.242792081601580834e-01,-5.495499821650763339e-01,2.888461805268330851e-01,5.989016500962975886e-01,-1.043923440560084147e-02,-5.899232764996784617e-01,-2.269275024740847746e-01,6.864116326725170358e-01,-6.442845639724096296e-01,5.428671077915965260e-01,4.491362338251949082e-01,-3.289074836304449190e-01,-3.086501031040209675e-01,-7.006900242440258220e-01,5.201359394284911231e-01,-2.678740573255066204e-01,9.145077561019109291e-01,9.170711884030811056e-01,1.000000000000000000e+00,6.154394903319065913e-01,3.379075650564761779e-01,4.296964264477197704e-01,8.269848670708171978e-01,4.998259719310272908e-01,4.984685032501048330e-01,7.310473405394234403e-01,6.288116048526993795e-01,-3.354160781166493632e-01,8.268475428441868225e-01,-3.542536946981105772e-01,6.423968582438702724e-01,2.802932490837938828e-01,-1.223927253844174501e-01
3.832086579691837969e-01,6.057168902271673483e-01,8.336206870015913095e-01,-2.258661693585074792e-01,3.944994165415110499e-01,4.377314648776571282e-01,2.456177726166288988e-01,-6.718685662827791338e-01,3.729036095391942696e-01,6.854437490251014120e-01,-1.697572155564488483e-01,-1.321217858312077331e-01,-7.242584086185804848e-01,8.660503628039880608e-01,-2.903646630203602919e-01,6.294265626843886796e-01,4.793420241512803548e-01,1.791650297118957749e-02,1.076182688285851619e-01,-6.509147117377442893e-01,8.423348011793043710e-01,-6.207138976275236031e-01,5.963753720110812617e-01,6.053292105398304646e-01,6.154394903319065913e-01,1.000000000000000000e+00,7.721941541187919977e-01,8.591236623942798412e-01,8.253732410427109256e-01,3.765367310190481653e-01,8.347160793339618579e-01,8.312522468283675137e-01,8.703344036436627684e-01,-3.453035770735380372e-01,8.184702713075879821e-01,-4.976726326422482583e-01,8.366934134102098630e-01,4.525815685967771729e-01,9.197569680122722954e-03
1.187775939702218342e-01,4.547731276226124608e-01,6.333599932378791708e-01,5.392756410328140154e-02,9.057530358124517289e-02,7.447700671834625585e-02,2.456191701469027655e-01,-3.496068468308279331e-01,8.806651145827486260e-02,4.220272296689502323e-01,-1.359852448785434653e-01,3.189874165336440415e-01,-8.190733251713544494e-01,7.204776761697837539e-01,-1.443107609161117522e-01,3.370617682343362009e-01,1.804134829655991146e-01,1.571145740295490090e-01,3.557910428242301859e-01,-4.324181204813332680e-01,7.401392531762899241e-01,-5.498465398200572674e-01,2.422523015426015502e-01,3.244042963272718572e-01,3.379075650564761779e-01,7.721941541187919977e-01,1.000000000000000000e+00,8.134091817346392750e-01,5.549867734610950398e-01,2.719821156782560242e-02,8.715403141701436596e-01,7.279974513955510540e-01,7.849067315023594560e-01,-4.525173324758874349e-01,6.260840534871850993e-01,-6.001290767654330338e-01,8.259036027453795503e-01,1.541632969534277864e-01,1.976175978812597447e-02
3.246325732565593092e-01,5.586871786726989031e-01,8.626339951275971973e-01,4.665571899207196505e-02,4.177454844005818457e-01,2.114462096402805469e-01,3.072065460405264958e-01,-6.557347961235734379e-01,3.319527864447775478e-01,6.136218780477092904e-01,-1.754422840397289463e-01,1.105379876158677638e-01,-7.950846964855534660e-01,8.212273444333623162e-01,-9.368158947494376054e-02,5.517877047303131333e-01,4.247507612641424068e-01,2.176681380319878678e-01,3.703758714615607572e-01,-4.785018328863429038e-01,8.421532708653775012e-01,-6.009672912076017282e-01,3.907203796848831567e-01,4.179884649484122972e-01,4.296964264477197704e-01,8.591236623942798412e-01,8.134091817346392750e-01,1.000000000000000000e+00,6.708836190312134073e-01,2.659132100105112140e-01,8.556306075262736233e-01,7.556263291344342825e-01,8.558112153695520696e-01,-2.137920264901483625e-01,6.939536247574962236e-01,-4.763381724427017683e-01,8.160908524118701823e-01,3.401267043345331809e-01,5.747663652198774925e-02
3.208505347829533894e-01,5.665144909128160267e-01,7.030975292907485352e-01,-4.459282014332718314e-01,3.540922646113208727e-01,7.322005907610825703e-01,2.816231556561651916e-01,-6.142000051846487896e-01,2.937638239417184605e-01,6.480635979853406337e-01,-1.259166626556042778e-01,-4.754510869004727747e-01,-4.953762016740286822e-01,8.614335446405652075e-01,-5.461155369076869937e-01,5.726988054846470222e-01,5.784117052674995207e-01,-2.072597974356820971e-01,-1.495484647158003833e-01,-7.537986689325687495e-01,7.407179385212653289e-01,-5.150283073913325405e-01,8.332213895768135759e-01,8.399086497314263156e-01,8.269848670708171978e-01,8.253732410427109256e-01,5.549867734610950398e-01,6.708836190312134073e-01,1.000000000000000000e+00,4.324920176579918341e-01,7.001332250665162071e-01,8.645074667887189257e-01,8.219671626582828461e-01,-4.458508000043977515e-01,9.105540928185744676e-01,-4.657063170082534342e-01,7.928598065200083145e-01,3.355120976388800691e-01,-1.738029507290792253e-01
6.495534750273581626e-01,6.351019983551675629e-01,4.908420394555000343e-01,-2.071902607085563397e-01,6.637246389072047892e-01,5.302921753146592199e-01,-6.746020337999013294e-02,-6.196984540669528974e-01,8.295530579327712317e-01,7.607294379449438537e-01,1.559360232316394923e-01,-3.282780107954750837e-01,-1.412635374131432711e-02,3.561647856912826815e-01,-5.733794270940556492e-02,8.257983152971603014e-01,4.525976205773591943e-01,6.107588572715715730e-02,-2.595043073779882553e-02,-2.897516062043635765e-01,2.328103570784068321e-01,-2.649173264775024350e-01,5.661974799842484085e-01,4.334804306892037773e-01,4.998259719310272908e-01,3.765367310190481653e-01,2.719821156782560242e-02,2.659132100105112140e-01,4.324920176579918341e-01,1.000000000000000000e+00,1.399837550676823750e-01,2.709277839073074290e-01,2.456866107235229080e-01,2.743550166708487170e-01,3.698492381458952649e-01,2.458305979997240931e-01,2.227266278256140875e-01,6.172600284108592517e-01,3.904856009796767724e-01
1.668898032200818171e-01,5.195720413826886430e-01,7.441682199104654449e-01,-9.224853514174095881e-02,2.313232082794315081e-01,2.461005267628599558e-01,3.721366087108682330e-01,-5.138956485350834047e-01,1.557832169636677588e-01,4.923684618442437655e-01,-1.948017295662715920e-01,6.449881577794952525e-02,-8.409968689700845212e-01,8.378580053501829550e-01,-3.439684246393036604e-01,4.270541249885254631e-01,2.796631653445103560e-01,-3.382776731641612411e-02,1.979227047369231662e-01,-6.152918372092156529e-01,8.161878973888837541e-01,-6.049404176821073786e-01,4.171498972204769062e-01,4.909232446644504200e-01,4.984685032501048330e-01,8.347160793339618579e-01,8.715403141701436596e-01,8.556306075262736233e-01,7.001332250665162071e-01,1.399837550676823750e-01,1.000000000000000000e+00,8.427861418066702193e-01,8.649805465579698538e-01,-4.545365174595213387e-01,7.545369113564190933e-01,-6.330377366601952493e-01,8.743605854540290601e-01,1.800728561881481948e-01,-9.260259557261285579e-02
2.341519072505127419e-01,5.836407918107817672e-01,7.087689984693114065e-01,-3.265993350712322330e-01,2.802870742485874533e-01,5.558410388056683749e-01,2.985072903529863431e-01,-5.467821645936319364e-01,1.883260745691656968e-01,5.641760212257505014e-01,-1.659581388725320517e-01,-2.486538244421176436e-01,-6.885032140604719908e-01,8.894920817876758035e-01,-5.449454051398806564e-01,4.941466702031139802e-01,4.312714932232483700e-01,-1.866258668570058843e-01,-4.471538840575962903e-02,-7.622114971450423271e-01,7.910836781873360479e-01,-5.458258634277617372e-01,6.865722145815641442e-01,7.326706429263725173e-01,7.310473405394234403e-01,8.312522468283675137e-01,7.279974513955510540e-01,7.556263291344342825e-01,8.645074667887189257e-01,2.709277839073074290e-01,8.427861418066702193e-01,1.000000000000000000e+00,8.750717873661227886e-01,-5.206163983510104787e-01,8.878113799210819446e-01,-5.835948625017663982e-01,8.936535971071675188e-01,2.311998747607489912e-01,-1.636991996232698143e-01
1.815070211042220105e-01,5.241985215008071464e-01,7.684980757969753773e-01,-1.600106558407672630e-01,2.422581177748164005e-01,4.374491199066586899e-01,3.985824459862676861e-01,-5.442331888365030679e-01,1.752323753933620887e-01,5.733797701121177148e-01,-1.836361910939613151e-01,-1.239193183547189769e-01,-7.239280198783745179e-01,8.736013403105844510e-01,-3.773775743969345342e-01,4.909916379341797144e-01,4.610546920946261840e-01,-3.037232934571998388e-02,1.457420736468888756e-01,-5.991423813148116784e-01,8.776334036016820717e-01,-5.220469622172160262e-01,5.934779990665705052e-01,6.463159539206853044e-01,6.288116048526993795e-01,8.703344036436627684e-01,7.849067315023594560e-01,8.558112153695520696e-01,8.219671626582828461e-01,2.456866107235229080e-01,8.649805465579698538e-01,8.750717873661227886e-01,1.000000000000000000e+00,-4.716196357988172716e-01,8.634112096344319642e-01,-6.169206801667327378e-01,8.923971109747294017e-01,2.042993921460676821e-01,-1.810467112045638371e-01
3.343214887521045453e-01,-5.425830821496246958e-02,1.386976329626533368e-03,2.546658344912942074e-01,4.844898472750827634e-01,-2.374374479593311660e-01,-4.054830519750263207e-01,-2.391017899842694527e-01,4.734856929943461190e-01,4.471932437548915840e-02,6.190535026905230609e-02,1.983292993597366993e-01,3.450110710062022634e-01,-3.821084467660000872e-01,6.415102604262751251e-01,1.327545600829717343e-01,-3.608610822641225568e-02,3.556881007486055180e-01,1.774578911785175683e-01,4.087327952585646518e-01,-3.665494250971128576e-01,3.030574294278492453e-01,-2.904395480024701826e-01,-4.122154801111813094e-01,-3.354160781166493632e-01,-3.453035770735380372e-01,-4.525173324758874349e-01,-2.137920264901483625e-01,-4.458508000043977515e-01,2.743550166708487170e-01,-4.545365174595213387e-01,-5.206163983510104787e-01,-4.716196357988172716e-01,1.000000000000000000e+00,-5.189677401467539530e-01,6.486623957699536591e-01,-5.235374363494492700e-01,3.606333244733893051e-01,6.223354043335057595e-01
1.741550204162959636e-01,5.224293751371341665e-01,6.817380822858546408e-01,-3.892029031907898728e-01,2.586943603666791436e-01,6.926362104324392810e-01,3.283849332742813099e-01,-5.448427307348088222e-01,2.060406939137403859e-01,6.158768451542736555e-01,-1.039943778892679083e-01,-3.977789567094492384e-01,-5.446091332173079724e-01,8.522529602733741605e-01,-5.791142408267646591e-01,5.333397807996994588e-01,4.988624730530030749e-01,-2.079479816492162958e-01,-8.267389977766011200e-02,-7.108378443395443336e-01,7.740333411792530427e-01,-4.904171873559466377e-01,8.059515351937553973e-01,8.353662030429799268e-01,8.268475428441868225e-01,8.184702713075879821e-01,6.260840534871850993e-01,6.939536247574962236e-01,9.105540928185744676e-01,3.698492381458952649e-01,7.545369113564190933e-01,8.878113799210819446e-01,8.634112096344319642e-01,-5.189677401467539530e-01,1.000000000000000000e+00,-5.863831698589668795e-01,8.569321652996547689e-01,2.181900658383739700e-01,-2.480362038968028648e-01
4.024995701852883689e-01,5.830755862220549264e-03,-2.911912257548280314e-01,8.465109281392139973e-02,2.766387620901381572e-01,-1.482748016815642056e-01,-3.800629317510657579e-01,3.897862568231979380e-02,3.155058725809767872e-01,-5.603762541590219526e-02,1.612467424492148305e-01,2.123387525378305288e-02,5.103631509489321427e-01,-4.676375482775877446e-01,4.415311158697895477e-01,4.691086028259790208e-02,-1.452796165099637105e-01,2.505090339639403640e-01,-2.986294276487164515e-02,3.651693763544289761e-01,-5.580965447547013847e-01,3.084480218633177673e-01,-2.638455977229465788e-01,-3.815764374065646058e-01,-3.542536946981105772e-01,-4.976726326422482583e-01,-6.001290767654330338e-01,-4.763381724427017683e-01,-4.657063170082534342e-01,2.458305979997240931e-01,-6.330377366601952493e-01,-5.835948625017663982e-01,-6.169206801667327378e-01,6.486623957699536591e-01,-5.863831698589668795e-01,1.000000000000000000e+00,-6.482212776631091078e-01,2.766193481943372556e-01,5.409713667078999144e-01
1.659021380648227073e-01,5.646533204776944537e-01,7.104949634062507346e-01,-1.351406184842567360e-01,2.182022483984243921e-01,4.305817427574872291e-01,3.178879603100931428e-01,-4.791179485748932043e-01,1.590953934061104524e-01,5.483637425771419327e-01,-1.121582203460142341e-01,-5.698964483164131734e-02,-7.418864513857578169e-01,8.710635032196368810e-01,-4.023280359009575036e-01,4.756365325017694601e-01,4.020072039692719201e-01,-2.036248594575386373e-02,1.523316334965262586e-01,-6.292106039016990282e-01,7.881032123905870046e-01,-5.698661746167936748e-01,5.746988111544444333e-01,6.388554923371945193e-01,6.423968582438702724e-01,8.366934134102098630e-01,8.259036027453795503e-01,8.160908524118701823e-01,7.928598065200083145e-01,2.227266278256140875e-01,8.743605854540290601e-01,8.936535971071675188e-01,8.923971109747294017e-01,-5.235374363494492700e-01,8.569321652996547689e-01,-6.482212776631091078e-01,1.000000000000000000e+00,1.601102242370144868e-01,-1.644000108573365482e-01
7.135657720488104427e-01,5.175526802555623362e-01,5.237287974513449296e-01,-2.603729806227189081e-01,6.484864048878254961e-01,2.946580624401857751e-01,-3.032371112782045741e-01,-6.478619854982990978e-01,7.172732663163596811e-01,6.361774908886109747e-01,-2.240697548580583218e-02,-7.847944263224994332e-02,-1.725043489439303246e-01,3.394208737186472091e-01,1.898448625688698987e-01,7.104892126147652753e-01,3.155302832536474589e-01,2.042823769557140512e-01,1.612904348304475613e-02,-2.972011330899350101e-01,2.390149338747139529e-01,-2.714027628160461947e-01,3.443552948925990287e-01,2.023492064462345252e-01,2.802932490837938828e-01,4.525815685967771729e-01,1.541632969534277864e-01,3.401267043345331809e-01,3.355120976388800691e-01,6.172600284108592517e-01,1.800728561881481948e-01,2.311998747607489912e-01,2.042993921460676821e-01,3.606333244733893051e-01,2.181900658383739700e-01,2.766193481943372556e-01,1.601102242370144868e-01,1.000000000000000000e+00,6.270849215551581590e-01
5.892090896200947725e-01,3.293291074452266431e-01,1.725731366498771957e-01,1.234391330861628749e-01,4.570323775461628824e-01,-1.320545306999218460e-01,-4.989046327774335765e-01,-3.040829011738607757e-01,6.024546008650029094e-01,3.633804692827739546e-01,8.197656052357164824e-02,3.761199932357623954e-01,3.004083038992859996e-03,-6.110871495958439259e-02,5.273268349551996081e-01,4.095991098917100004e-01,-4.214259565059733786e-02,4.503549316677674663e-01,2.726694004704775520e-01,1.620812717236788381e-01,-1.178536707641991421e-01,2.556922332739647655e-02,-1.218441931253753802e-01,-2.263746852154178979e-01,-1.223927253844174501e-01,9.197569680122722954e-03,1.976175978812597447e-02,5.747663652198774925e-02,-1.738029507290792253e-01,3.904856009796767724e-01,-9.260259557261285579e-02,-1.636991996232698143e-01,-1.810467112045638371e-01,6.223354043335057595e-01,-2.480362038968028648e-01,5.409713667078999144e-01,-1.644000108573365482e-01,6.270849215551581590e-01,1.000000000000000000e+00
