1.000000000000000000e+00,6.365896387762950415e-01,3.021726303057291063e-01,2.528786237600813003e-01,3.283706455350951514e-01,-2.706969945700996028e-01,2.270100197665839981e-01,-3.359315665825852171e-01,5.362929963168450165e-01,3.680502507734997875e-01,-2.451217701232474011e-01,4.397464151138437694e-01,-4.747201241625967350e-01,4.984230227845285466e-01,4.628390232887960032e-01,6.200665161619214327e-01,3.532177706344736823e-01,2.829723852295928377e-01,2.471640579477871469e-01,3.863757589274943727e-01,2.104773526183597587e-01,6.128837094652981321e-01,4.724969525109835589e-01,1.572113433964299201e-02,3.046965820594395649e-02,2.269173575464736303e-01,6.671552744579405392e-01,3.019033031977338410e-01,9.420152959868675902e-02,5.314818860986210147e-01,4.523605552256873552e-01,2.554426216306410202e-01,1.851962740064310720e-01,5.210386737686641956e-01,-1.564899855840274912e-01,6.187777883777386689e-01,-1.391659762156624569e-01,6.825349101009668962e-01,5.910077088129694900e-01
6.365896387762950415e-01,1.000000000000000000e+00,2.850961260171895328e-01,1.052138328761422631e-01,3.922810824035996569e-01,-1.539500088435622749e-01,1.901858276219329791e-01,-3.353383995503988468e-01,4.637308928289092247e-01,5.198423637758423643e-01,-1.260180297244865577e-01,2.683266956059138786e-01,-4.661718606798164743e-01,6.404908672238189826e-01,3.167759709046181205e-01,7.860746904959652337e-01,1.179524295610719087e-01,1.823111441861350601e-01,1.321645622477817528e-01,2.100433053291999586e-01,3.355937088201108032e-01,4.341501197526753675e-01,5.360906772786555585e-01,1.357898792170116054e-01,2.308267661524042447e-01,3.940003586258098989e-01,3.131068334570250578e-01,3.943259131128282746e-01,1.074113911010336347e-01,4.906712929495105624e-01,4.413434497491313113e-01,4.589462360317083101e-01,2.174243618740599182e-01,4.441229267158592897e-01,-4.913131823053591002e-02,6.041514257651589004e-01,1.498956497589249426e-01,3.739659976917936168e-01,5.376728208462352443e-01
3.021726303057291063e-01,2.850961260171895328e-01,1.000000000000000000e+00,6.938548414231368033e-01,7.453164472838603727e-01,-7.945546158914106316e-01,2.482402358758085126e-01,-9.181475668080848473e-01,6.637654187098531722e-01,4.920563489798908119e-01,-7.661804503030118507e-01,7.519590489833882785e-01,-1.298596139284382556e-01,4.634132156862834362e-02,3.439346274412127258e-01,5.082496616973066761e-01,4.483626660124926944e-01,8.053957006137424379e-01,5.853795306847940916e-01,4.220733729517445881e-02,-3.662570302414848711e-01,6.605580416915582953e-01,-1.599963426554010526e-01,-5.144595796670418109e-01,-5.160200323231355357e-01,3.141908081014962995e-02,4.835324604102179125e-01,4.360339448213063074e-01,-6.251806214778474757e-01,7.755719729169887611e-01,6.537070822479155163e-01,-3.403608725575510974e-01,5.474558683080663068e-02,7.242572924663920331e-01,-6.964700318660944633e-01,5.791142346967609322e-01,-6.225883419052915535e-01,5.335671527981061812e-01,5.349125114094075428e-01
2.528786237600813003e-01,1.052138328761422631e-01,6.938548414231368033e-01,1.000000000000000000e+00,5.673749658434625864e-01,-7.829388022522241197e-01,4.059879815667009617e-01,-6.502270483974134097e-01,5.934876953973712288e-01,2.288015650967837045e-01,-7.652560613106029752e-01,7.644338508624993755e-01,1.175019796053937832e-01,-1.150524027104475877e-01,3.722957031787634263e-01,2.447530739170004355e-01,6.013206085830327119e-01,8.198197631484782644e-01,5.421737564240880491e-01,1.933296419788929077e-01,-5.070770246730151865e-01,4.926035924852789072e-01,-3.231414458575210258e-01,-6.627037239781360389e-01,-6.606775511701150627e-01,-2.961409293512872742e-01,4.988312364059168669e-01,2.598711725076292001e-01,-7.046307666874597198e-01,7.033848687387967979e-01,3.741732642835133849e-01,-4.088731127052127046e-01,-1.662162409121623885e-01,6.425439434570332509e-01,-7.602670931393170628e-01,5.612121645961978267e-01,-7.464433817574221974e-01,6.369381040055726029e-01,4.815441721559539090e-01
3.283706455350951514e-01,3.922810824035996569e-01,7.453164472838603727e-01,5.673749658434625864e-01,1.000000000000000000e+00,-5.748543786793738342e-01,2.647061077933872686e-01,-7.713964786201040758e-01,6.792027114383728525e-01,5.098639959445803171e-01,-5.474807191973714016e-01,5.927655463770066246e-01,-2.714927393270938349e-01,2.861076447001764667e-01,3.519926954306762390e-01,5.654295252312708797e-01,2.596730285338582633e-01,6.408987769981524529e-01,5.691345208148964607e-01,4.435806529263237874e-02,-1.259264214242538649e-01,4.967021565313233245e-01,1.805631079716050677e-02,-3.275806205594019027e-01,-2.874097357711319356e-01,1.893470216667269002e-01,4.181182395252979189e-01,3.881617766440658146e-01,-4.168283967824925607e-01,6.463581794243934420e-01,5.520204039308335142e-01,-1.349387105157487665e-01,-1.778393494375316367e-02,7.466815607050221182e-01,-4.978421578283037108e-01,5.058010964223133010e-01,-4.047838929319254042e-01,4.880111405827170512e-01,5.952819271819598246e-01
-2.706969945700996028e-01,-1.539500088435622749e-01,-7.945546158914106316e-01,-7.829388022522241197e-01,-5.748543786793738342e-01,1.000000000000000000e+00,-1.934749644659454204e-01,7.386086276917852578e-01,-6.540482853392607376e-01,-2.037955332047191037e-01,9.095292462631193731e-01,-8.521314130247031882e-01,-7.627596588534724109e-02,1.727531178018324176e-01,-4.025930179702442158e-01,-2.743574233277354946e-01,-6.573692358497272847e-01,-8.737949504236004472e-01,-5.473300714860893645e-01,-6.288095216670995524e-02,5.884347024939217130e-01,-6.389453934929306689e-01,3.798949122581899429e-01,7.678397760184031418e-01,7.623347984103352459e-01,2.548978596044865763e-01,-5.233021810926073991e-01,-2.927222586223444667e-01,8.116570426404375871e-01,-7.769599630639096866e-01,-5.251236603683663295e-01,5.040206258062650546e-01,1.262443259854187372e-01,-6.901754024652950736e-01,8.742300711571192595e-01,-5.356662783796803939e-01,8.167521990780932661e-01,-6.181338048909701399e-01,-4.822651874442575592e-01
2.270100197665839981e-01,1.901858276219329791e-01,2.482402358758085126e-01,4.059879815667009617e-01,2.647061077933872686e-01,-1.934749644659454204e-01,1.000000000000000000e+00,-2.781696848062865102e-01,1.466039246644365579e-01,2.376614263619274692e-01,-1.979277575873298611e-01,1.668750629504899829e-01,-1.061508242659738588e-01,8.685555451571541630e-02,1.404527958177494429e-01,2.569213923925518506e-01,9.332135232188223939e-02,2.821924407280618774e-01,2.130852732182385023e-01,3.272497218960865317e-01,6.561856156598336320e-02,2.761926811235128065e-01,-2.011659377394946907e-02,-5.625851941973096515e-02,-4.365359616458956704e-02,-2.406483873223750902e-01,1.134564158230016023e-01,1.855720474761341499e-01,-1.883497329468572512e-01,2.887435654161072396e-01,4.206995868414191084e-03,-1.170571490176623847e-01,-2.006643457310146872e-01,2.290787927750045083e-01,-1.654273785181353817e-01,3.285938966688602969e-01,-2.146183694987830737e-01,2.474111664841605607e-01,1.341782832140278603e-01
-3.359315665825852171e-01,-3.353383995503988468e-01,-9.181475668080848473e-01,-6.502270483974134097e-01,-7.713964786201040758e-01,7.386086276917852578e-01,-2.781696848062865102e-01,1.000000000000000000e+00,-6.788810057804555154e-01,-5.592203322681595923e-01,7.140668809940889927e-01,-7.202253082035962040e-01,2.218104886647263851e-01,-1.226731253819222933e-01,-3.683446291074432555e-01,-5.682113726805818610e-01,-3.621900548378937379e-01,-7.645581247035111438e-01,-5.938104412584639391e-01,-8.047013715036815951e-02,2.544397656922310347e-01,-6.712116945481171326e-01,7.723657843735698414e-02,4.308483140697253466e-01,4.236764077940608497e-01,-8.165440150311159551e-02,-4.710742512258525583e-01,-4.530248167399895665e-01,5.555614510303984455e-01,-7.652260786575562079e-01,-6.696181041165418790e-01,2.751339680269324073e-01,-7.406636347899775430e-02,-7.415389217681656042e-01,6.285610927934580650e-01,-5.936662734896289706e-01,5.640382545756869037e-01,-5.305313863646774486e-01,-5.700286809010794986e-01
5.362929963168450165e-01,4.637308928289092247e-01,6.637654187098531722e-01,5.934876953973712288e-01,6.792027114383728525e-01,-6.540482853392607376e-01,1.466039246644365579e-01,-6.788810057804555154e-01,1.000000000000000000e+00,5.109628778178172404e-01,-6.622609157618202236e-01,8.163043112503889365e-01,-4.168407401815200641e-01,3.076212537779919320e-01,7.159064127375776021e-01,5.999183803021452821e-01,3.166453893353818883e-01,6.866217645942727099e-01,7.319722093748225467e-01,3.341886116777590954e-01,-9.430175343604667304e-02,6.805742498908807780e-01,1.700456262270811925e-01,-4.379180754333158454e-01,-3.424779470865843001e-01,1.350193935523107125e-01,5.947543428679826771e-01,3.624276691166774533e-01,-4.353802047414075393e-01,7.873287177401598891e-01,6.974751552547233668e-01,-3.847299170745749342e-02,4.414808615078568560e-02,8.787771887437735296e-01,-6.118635920441267695e-01,6.441582423960392489e-01,-5.144091600131744935e-01,7.564180573703150889e-01,8.523116080517799675e-01
3.680502507734997875e-01,5.198423637758423643e-01,4.920563489798908119e-01,2.288015650967837045e-01,5.098639959445803171e-01,-2.037955332047191037e-01,2.376614263619274692e-01,-5.592203322681595923e-01,5.109628778178172404e-01,1.000000000000000000e+00,-1.581932408563676562e-01,3.285933956090368868e-01,-5.447307833167740476e-01,4.564674355694985364e-01,3.025759648779689504e-01,7.708510919806120798e-01,-1.023745417613014935e-01,2.913094551249849062e-01,4.356773064869049472e-01,2.426731995959802157e-01,3.560678197355189312e-01,4.366606338191766912e-01,4.863277379790911237e-01,1.719388756823882758e-01,2.029673758652254245e-01,4.458839811063416980e-01,3.060452967987355444e-01,3.269606912065239901e-01,-4.229424086188367238e-02,5.261830983794789640e-01,6.338745051362120186e-01,2.355057903504931549e-01,2.304681725351684363e-01,4.790252399061011856e-01,-7.952041301283695185e-02,5.777164429741407092e-01,1.187587042184272933e-02,3.008871677201688244e-01,6.222636967652144246e-01
-2.451217701232474011e-01,-1.260180297244865577e-01,-7.661804503030118507e-01,-7.652560613106029752e-01,-5.474807191973714016e-01,9.095292462631193731e-01,-1.979277575873298611e-01,7.140668809940889927e-01,-6.622609157618202236e-01,-1.581932408563676562e-01,1.000000000000000000e+00,-8.441007365849898525e-01,-5.812052049586078489e-02,2.115233312527838583e-01,-4.512684064347584068e-01,-2.431284415183826153e-01,-5.879887236301332143e-01,-8.717742919181999950e-01,-5.945320437870060815e-01,-1.137636083499633244e-01,5.863941775978762649e-01,-6.341621094581126883e-01,4.118902622890986964e-01,8.014081001645998459e-01,7.734171057135570404e-01,3.011388571211995879e-01,-4.615957331120486007e-01,-2.579527288270840324e-01,8.164474694295494883e-01,-7.585353653142372643e-01,-4.762579031347393133e-01,5.300353152942670620e-01,1.661048836175338939e-01,-6.854355310163634529e-01,8.756619374440737236e-01,-4.865786519852477454e-01,8.355994095957203216e-01,-6.074467466241341151e-01,-4.649218920133783017e-01
4.397464151138437694e-01,2.683266956059138786e-01,7.519590489833882785e-01,7.644338508624993755e-01,5.927655463770066246e-01,-8.521314130247031882e-01,1.668750629504899829e-01,-7.202253082035962040e-01,8.163043112503889365e-01,3.285933956090368868e-01,-8.441007365849898525e-01,1.000000000000000000e+00,-1.212814486803751590e-01,4.415475044059384568e-02,6.350698981245963548e-01,4.049472748713764947e-01,5.688201138555654124e-01,8.442565372519418299e-01,6.561377136413100164e-01,2.929203710236772396e-01,-3.959914091369524103e-01,7.234212226839733528e-01,-1.417105523260020761e-01,-6.584393585754382272e-01,-6.259028265309506400e-01,-1.490972261893677153e-01,6.750401166530870523e-01,3.143730529800504159e-01,-6.646069052560158452e-01,8.326019556898419660e-01,6.205014435220889135e-01,-2.842110871096313329e-01,-1.555805467269894514e-02,8.218958092180624897e-01,-8.059910640875784793e-01,6.663607595945212347e-01,-7.404616610092589202e-01,7.809105829228152329e-01,6.985631006385248920e-01
-4.747201241625967350e-01,-4.661718606798164743e-01,-1.298596139284382556e-01,1.175019796053937832e-01,-2.714927393270938349e-01,-7.627596588534724109e-02,-1.061508242659738588e-01,2.218104886647263851e-01,-4.168407401815200641e-01,-5.447307833167740476e-01,-5.812052049586078489e-02,-1.212814486803751590e-01,1.000000000000000000e+00,-4.440602991420375956e-01,-3.548350976206160468e-01,-5.373164106935793827e-01,3.235470678070280770e-01,2.316987927131620648e-02,-3.547098005645872298e-01,-3.760169458809908272e-01,-5.119302575942804578e-01,-3.782522707140223983e-01,-5.343761003242962770e-01,-2.353769975251719382e-01,-3.440203351700816259e-01,-4.083181478493350114e-01,-2.301424614145354819e-01,-1.891038853314720714e-01,-2.356352321985173692e-01,-2.005688671146223512e-01,-4.702832397745696502e-01,-2.606504691464727741e-01,-6.664431827098843408e-02,-3.270109319840617812e-01,-1.391131537269765794e-01,-2.485104916706140921e-01,-1.355162573535126092e-01,-2.306275922640113052e-01,-5.539185501475571982e-01
4.984230227845285466e-01,6.404908672238189826e-01,4.634132156862834362e-02,-1.150524027104475877e-01,2.861076447001764667e-01,1.727531178018324176e-01,8.685555451571541630e-02,-1.226731253819222933e-01,3.076212537779919320e-01,4.564674355694985364e-01,2.115233312527838583e-01,4.415475044059384568e-02,-4.440602991420375956e-01,1.000000000000000000e+00,2.716574343761747334e-01,6.021710604317435100e-01,-1.135801816802790715e-01,-7.353127326765224181e-02,7.758407092900389268e-02,2.209080280989092759e-01,5.679304030968826966e-01,2.014030624704158112e-01,6.972992305761959164e-01,4.704451573098221706e-01,4.959682204971477826e-01,4.861601856642275843e-01,2.853837894774757800e-01,3.042099806675918061e-01,4.548187526574203887e-01,2.093802906967493493e-01,2.761935507704502135e-01,7.009441116393029247e-01,4.384504359319321698e-01,3.138107356082433519e-01,2.746135135209741285e-01,4.062862460096340333e-01,4.098567407843836108e-01,2.715312152708847515e-01,3.980496501698103096e-01
4.628390232887960032e-01,3.167759709046181205e-01,3.439346274412127258e-01,3.722957031787634263e-01,3.519926954306762390e-01,-4.025930179702442158e-01,1.404527958177494429e-01,-3.683446291074432555e-01,7.159064127375776021e-01,3.025759648779689504e-01,-4.512684064347584068e-01,6.350698981245963548e-01,-3.548350976206160468e-01,2.716574343761747334e-01,1.000000000000000000e+00,3.934849179473392522e-01,1.034262654724521502e-01,4.475360920513081209e-01,6.120025185128971090e-01,6.195578357385954638e-01,7.838395328683087082e-02,5.617772284310142972e-01,2.102910509739117084e-01,-2.745066272934698626e-01,-1.927350719190600858e-01,-5.962428661701376503e-02,4.663568148887115017e-01,8.165518796190682216e-02,-2.356536622954431837e-01,5.781681442564073903e-01,3.745254227783558210e-01,1.250060420178480125e-01,-2.622301859281779210e-02,6.852861426358293206e-01,-3.748655728717254498e-01,5.424279352406522481e-01,-3.696991345105412607e-01,6.628694849797962529e-01,6.622337467064536298e-01
6.200665161619214327e-01,7.860746904959652337e-01,5.082496616973066761e-01,2.447530739170004355e-01,5.654295252312708797e-01,-2.743574233277354946e-01,2.569213923925518506e-01,-5.682113726805818610e-01,5.999183803021452821e-01,7.708510919806120798e-01,-2.431284415183826153e-01,4.049472748713764947e-01,-5.373164106935793827e-01,6.021710604317435100e-01,3.934849179473392522e-01,1.000000000000000000e+00,7.188074762972210263e-02,3.522207705575789438e-01,3.884524390802152061e-01,2.562668378475927988e-01,3.232875725159959357e-01,5.526475953508749317e-01,5.165000381431751331e-01,1.122831420536726799e-01,1.691592053979187327e-01,4.847334691199699508e-01,3.928079858287791826e-01,4.033475472751709145e-01,-8.771402205869483978e-03,6.344198908021515537e-01,6.122524144163188353e-01,3.172272348883308224e-01,2.454248923429203089e-01,5.765521871205729898e-01,-1.473986073451614143e-01,6.957178792547722423e-01,8.023271211495637198e-03,4.612495223342330530e-01,6.571368489327030771e-01
3.532177706344736823e-01,1.179524295610719087e-01,4.483626660124926944e-01,6.013206085830327119e-01,2.596730285338582633e-01,-6.573692358497272847e-01,9.332135232188223939e-02,-3.621900548378937379e-01,3.166453893353818883e-01,-1.023745417613014935e-01,-5.879887236301332143e-01,5.688201138555654124e-01,3.235470678070280770e-01,-1.135801816802790715e-01,1.034262654724521502e-01,7.188074762972210263e-02,1.000000000000000000e+00,5.706589506860815231e-01,8.938952256035888333e-02,-9.449656896208423473e-02,-5.945242782847903751e-01,3.866800051827081752e-01,-2.969157430612792692e-01,-5.691179910262617048e-01,-6.108724241479566164e-01,-2.065895825263154850e-01,5.543664701448044463e-01,2.677019583776911738e-01,-4.980208606272790717e-01,5.012119732726536547e-01,2.630897367717882074e-01,-3.022115495398403628e-01,-1.224391687914269319e-02,3.740928948506761498e-01,-6.286384373139538573e-01,3.987675029600520338e-01,-5.555687490258189865e-01,5.115022019928565644e-01,2.142655455215678462e-01
2.829723852295928377e-01,1.823111441861350601e-01,8.053957006137424379e-01,8.198197631484782644e-01,6.408987769981524529e-01,-8.737949504236004472e-01,2.821924407280618774e-01,-7.645581247035111438e-01,6.866217645942727099e-01,2.913094551249849062e-01,-8.717742919181999950e-01,8.442565372519418299e-01,2.316987927131620648e-02,-7.353127326765224181e-02,4.475360920513081209e-01,3.522207705575789438e-01,5.706589506860815231e-01,1.000000000000000000e+00,6.517954317429491828e-01,1.653740360928035724e-01,-5.110551303579855542e-01,6.481231820953237133e-01,-3.225770899540997272e-01,-7.023224956519783513e-01,-7.002234749598433838e-01,-2.249545297264488597e-01,5.320692917372542574e-01,2.390397561450849639e-01,-7.545960249137506626e-01,8.168306212078879636e-01,4.766971398878759869e-01,-4.351848803786180775e-01,-1.111773221688912294e-01,7.178661658687685021e-01,-8.357445415173146985e-01,5.857371410993167382e-01,-7.716438613429268401e-01,6.480621230489312934e-01,5.124405400794000975e-01
2.471640579477871469e-01,1.321645622477817528e-01,5.853795306847940916e-01,5.421737564240880491e-01,5.691345208148964607e-01,-5.473300714860893645e-01,2.130852732182385023e-01,-5.938104412584639391e-01,7.319722093748225467e-01,4.356773064869049472e-01,-5.945320437870060815e-01,6.561377136413100164e-01,-3.547098005645872298e-01,7.758407092900389268e-02,6.120025185128971090e-01,3.884524390802152061e-01,8.938952256035888333e-02,6.517954317429491828e-01,1.000000000000000000e+00,3.631646150548925034e-01,-1.714624395689663128e-01,5.003805712380617887e-01,-8.457553486735892509e-03,-4.575225500154817548e-01,-3.745530545061543370e-01,-2.469701016334711202e-02,3.218169054104615956e-01,1.347595982905782364e-01,-4.767851599457663125e-01,6.247284652425505458e-01,5.167881174100060759e-01,-2.399513720137863015e-01,-1.210500168639970925e-01,6.421852729829146122e-01,-5.670754415523746594e-01,3.704365321330928551e-01,-5.440316093204751180e-01,4.851003375979292542e-01,6.085894219476869482e-01
3.863757589274943727e-01,2.100433053291999586e-01,4.220733729517445881e-02,1.933296419788929077e-01,4.435806529263237874e-02,-6.288095216670995524e-02,3.272497218960865317e-01,-8.047013715036815951e-02,3.341886116777590954e-01,2.426731995959802157e-01,-1.137636083499633244e-01,2.929203710236772396e-01,-3.760169458809908272e-01,2.209080280989092759e-01,6.195578357385954638e-01,2.562668378475927988e-01,-9.449656896208423473e-02,1.653740360928035724e-01,3.631646150548925034e-01,1.000000000000000000e+00,2.358394496557977560e-01,3.448632882991198856e-01,2.486436948045609163e-01,8.764560269183372873e-03,2.034249604769432576e-02,-1.367141299810050170e-01,3.101094736612800551e-01,-7.838167157887834802e-02,4.507800004051322473e-02,2.813963745533256122e-01,9.798188038978249137e-02,1.763642595133613211e-01,-7.287160794970547195e-02,3.025358046264880474e-01,-3.488160033290990669e-02,4.007815928298095187e-01,-1.206693471157146980e-01,4.268974095001610292e-01,4.033540472395658605e-01
2.104773526183597587e-01,3.355937088201108032e-01,-3.662570302414848711e-01,-5.070770246730151865e-01,-1.259264214242538649e-01,5.884347024939217130e-01,6.561856156598336320e-02,2.544397656922310347e-01,-9.430175343604667304e-02,3.560678197355189312e-01,5.863941775978762649e-01,-3.959914091369524103e-01,-5.119302575942804578e-01,5.679304030968826966e-01,7.838395328683087082e-02,3.232875725159959357e-01,-5.945242782847903751e-01,-5.110551303579855542e-01,-1.714624395689663128e-01,2.358394496557977560e-01,1.000000000000000000e+00,-5.065928671235157832e-02,7.038211744802601588e-01,7.597294995410222018e-01,8.078019927018672552e-01,3.957470927438826447e-01,-1.285229337363207047e-01,2.833403941064310816e-02,6.751113658359687575e-01,-2.010219045233556379e-01,-4.888559831554947777e-02,6.450561596171733303e-01,3.080724122995045500e-01,-9.819219164457033966e-02,6.566366755154003920e-01,5.572236008127209178e-02,6.455491878898308444e-01,-1.103687205530995002e-01,8.832802542561189740e-02
6.128837094652981321e-01,4.341501197526753675e-01,6.605580416915582953e-01,4.926035924852789072e-01,4.967021565313233245e-01,-6.389453934929306689e-01,2.761926811235128065e-01,-6.712116945481171326e-01,6.805742498908807780e-01,4.366606338191766912e-01,-6.341621094581126883e-01,7.234212226839733528e-01,-3.782522707140223983e-01,2.014030624704158112e-01,5.617772284310142972e-01,5.526475953508749317e-01,3.866800051827081752e-01,6.481231820953237133e-01,5.003805712380617887e-01,3.448632882991198856e-01,-5.065928671235157832e-02,1.000000000000000000e+00,5.642899690077401997e-02,-3.205081485602770397e-01,-2.821453614155786105e-01,-6.621693273459278335e-03,6.689789213967667347e-01,3.588941147401080722e-01,-3.842389917263202559e-01,7.655347801880670877e-01,5.965224740812334892e-01,-1.372494793859028173e-01,1.749042406830771390e-01,7.206765406024145948e-01,-5.282295571200641415e-01,6.545616058275455229e-01,-4.802372210101039651e-01,7.186401602319127946e-01,6.044305047243619944e-01
4.724969525109835589e-01,5.360906772786555585e-01,-1.599963426554010526e-01,-3.231414458575210258e-01,1.805631079716050677e-02,3.798949122581899429e-01,-2.011659377394946907e-02,7.723657843735698414e-02,1.700456262270811925e-01,4.863277379790911237e-01,4.118902622890986964e-01,-1.417105523260020761e-01,-5.343761003242962770e-01,6.972992305761959164e-01,2.102910509739117084e-01,5.165000381431751331e-01,-2.969157430612792692e-01,-3.225770899540997272e-01,-8.457553486735892509e-03,2.486436948045609163e-01,7.038211744802601588e-01,5.642899690077401997e-02,1.000000000000000000e+00,6.187827075849455793e-01,6.452224912219360897e-01,5.868828262500559445e-01,1.181398201459030739e-01,1.297806091275297280e-01,5.959873010122300752e-01,3.026811248223315598e-02,2.667248908262330187e-01,7.540709017639939393e-01,4.179966796785259397e-01,8.852171441729167478e-02,4.562836304825473310e-01,2.564669116390608794e-01,5.339696572253926909e-01,1.126602564295733910e-01,3.458647526333346045e-01
1.572113433964299201e-02,1.357898792170116054e-01,-5.144595796670418109e-01,-6.627037239781360389e-01,-3.275806205594019027e-01,7.678397760184031418e-01,-5.625851941973096515e-02,4.308483140697253466e-01,-4.379180754333158454e-01,1.719388756823882758e-01,8.014081001645998459e-01,-6.584393585754382272e-01,-2.353769975251719382e-01,4.704451573098221706e-01,-2.745066272934698626e-01,1.122831420536726799e-01,-5.691179910262617048e-01,-7.023224956519783513e-01,-4.575225500154817548e-01,8.764560269183372873e-03,7.597294995410222018e-01,-3.205081485602770397e-01,6.187827075849455793e-01,1.000000000000000000e+00,8.579081006101736406e-01,4.533660584371269620e-01,-2.484963299771924261e-01,-9.467167559841926927e-02,8.247363588736417173e-01,-4.644463673056378195e-01,-2.320221614804713894e-01,6.677677126692207477e-01,3.847873349609021165e-01,-4.278653354649258889e-01,8.327425289547474296e-01,-1.757097604386357592e-01,8.253415613738370737e-01,-3.648339385116722844e-01,-2.427027799693569077e-01
3.046965820594395649e-02,2.308267661524042447e-01,-5.160200323231355357e-01,-6.606775511701150627e-01,-2.874097357711319356e-01,7.623347984103352459e-01,-4.365359616458956704e-02,4.236764077940608497e-01,-3.424779470865843001e-01,2.029673758652254245e-01,7.734171057135570404e-01,-6.259028265309506400e-01,-3.440203351700816259e-01,4.959682204971477826e-01,-1.927350719190600858e-01,1.691592053979187327e-01,-6.108724241479566164e-01,-7.002234749598433838e-01,-3.745530545061543370e-01,2.034249604769432576e-02,8.078019927018672552e-01,-2.821453614155786105e-01,6.452224912219360897e-01,8.579081006101736406e-01,1.000000000000000000e+00,4.531545207173540701e-01,-2.918713741923683047e-01,-9.775240293255486879e-03,7.867776676189317531e-01,-4.381457937345558107e-01,-1.619737656961116878e-01,6.634416648292659202e-01,3.462967545183598395e-01,-3.597666655357165677e-01,8.001854110077566418e-01,-1.705563790677818159e-01,8.170476336856283828e-01,-3.696319300370957683e-01,-1.572029893138288115e-01
2.269173575464736303e-01,3.940003586258098989e-01,3.141908081014962995e-02,-2.961409293512872742e-01,1.893470216667269002e-01,2.548978596044865763e-01,-2.406483873223750902e-01,-8.165440150311159551e-02,1.350193935523107125e-01,4.458839811063416980e-01,3.011388571211995879e-01,-1.490972261893677153e-01,-4.083181478493350114e-01,4.861601856642275843e-01,-5.962428661701376503e-02,4.847334691199699508e-01,-2.065895825263154850e-01,-2.249545297264488597e-01,-2.469701016334711202e-02,-1.367141299810050170e-01,3.957470927438826447e-01,-6.621693273459278335e-03,5.868828262500559445e-01,4.533660584371269620e-01,4.531545207173540701e-01,1.000000000000000000e+00,3.034527023337718621e-02,3.002071606404342896e-01,4.216415795431546210e-01,-1.541373605103941308e-02,3.980520358223967325e-01,4.473864614509315829e-01,5.018094143776041793e-01,7.410631821158750188e-02,3.339634900765849346e-01,7.810288803235067301e-02,4.760013339329963178e-01,-2.400912181216122154e-02,2.426869681783465349e-01
6.671552744579405392e-01,3.131068334570250578e-01,4.835324604102179125e-01,4.988312364059168669e-01,4.181182395252979189e-01,-5.233021810926073991e-01,1.134564158230016023e-01,-4.710742512258525583e-01,5.947543428679826771e-01,3.060452967987355444e-01,-4.615957331120486007e-01,6.750401166530870523e-01,-2.301424614145354819e-01,2.853837894774757800e-01,4.663568148887115017e-01,3.928079858287791826e-01,5.543664701448044463e-01,5.320692917372542574e-01,3.218169054104615956e-01,3.101094736612800551e-01,-1.285229337363207047e-01,6.689789213967667347e-01,1.181398201459030739e-01,-2.484963299771924261e-01,-2.918713741923683047e-01,3.034527023337718621e-02,1.000000000000000000e+00,2.853179051776497110e-01,-2.265393159561100711e-01,6.135745665422710493e-01,4.976233726244058686e-01,2.175713986511427361e-02,1.861725955193662685e-01,6.406089929153728768e-01,-4.368294439594453960e-01,6.530461668669376163e-01,-4.041955138605022313e-01,7.761565894493352991e-01,6.292714685433223876e-01
3.019033031977338410e-01,3.943259131128282746e-01,4.360339448213063074e-01,2.598711725076292001e-01,3.881617766440658146e-01,-2.927222586223444667e-01,1.855720474761341499e-01,-4.530248167399895665e-01,3.624276691166774533e-01,3.269606912065239901e-01,-2.579527288270840324e-01,3.143730529800504159e-01,-1.891038853314720714e-01,3.042099806675918061e-01,8.165518796190682216e-02,4.033475472751709145e-01,2.677019583776911738e-01,2.390397561450849639e-01,1.347595982905782364e-01,-7.838167157887834802e-02,2.833403941064310816e-02,3.588941147401080722e-01,1.297806091275297280e-01,-9.467167559841926927e-02,-9.775240293255486879e-03,3.002071606404342896e-01,2.853179051776497110e-01,1.000000000000000000e+00,-1.227341040471193051e-01,3.268355819748516300e-01,5.351529243956910653e-01,1.086502915550787915e-02,4.214589794403683642e-01,4.329394532905120885e-01,-2.016580294302330045e-01,3.399638886632583290e-01,-9.008858071366779297e-02,2.751752493546192335e-01,3.434985969486952229e-01
9.420152959868675902e-02,1.074113911010336347e-01,-6.251806214778474757e-01,-7.046307666874597198e-01,-4.168283967824925607e-01,8.116570426404375871e-01,-1.883497329468572512e-01,5.555614510303984455e-01,-4.353802047414075393e-01,-4.229424086188367238e-02,8.164474694295494883e-01,-6.646069052560158452e-01,-2.356352321985173692e-01,4.548187526574203887e-01,-2.356536622954431837e-01,-8.771402205869483978e-03,-4.980208606272790717e-01,-7.545960249137506626e-01,-4.767851599457663125e-01,4.507800004051322473e-02,6.751113658359687575e-01,-3.842389917263202559e-01,5.959873010122300752e-01,8.247363588736417173e-01,7.867776676189317531e-01,4.216415795431546210e-01,-2.265393159561100711e-01,-1.227341040471193051e-01,1.000000000000000000e+00,-5.488029137896558440e-01,-2.962379689380499892e-01,6.770729732480991192e-01,3.506653062546621347e-01,-4.580666979625497848e-01,8.426710983843118674e-01,-2.762644567080371760e-01,8.099499097332742981e-01,-3.315997704590676887e-01,-2.560544228989419246e-01
5.314818860986210147e-01,4.906712929495105624e-01,7.755719729169887611e-01,7.033848687387967979e-01,6.463581794243934420e-01,-7.769599630639096866e-01,2.887435654161072396e-01,-7.652260786575562079e-01,7.873287177401598891e-01,5.261830983794789640e-01,-7.585353653142372643e-01,8.326019556898419660e-01,-2.005688671146223512e-01,2.093802906967493493e-01,5.781681442564073903e-01,6.344198908021515537e-01,5.012119732726536547e-01,8.168306212078879636e-01,6.247284652425505458e-01,2.813963745533256122e-01,-2.010219045233556379e-01,7.655347801880670877e-01,3.026811248223315598e-02,-4.644463673056378195e-01,-4.381457937345558107e-01,-1.541373605103941308e-02,6.135745665422710493e-01,3.268355819748516300e-01,-5.488029137896558440e-01,1.000000000000000000e+00,6.201600368666244645e-01,-1.246513702122339085e-01,6.624449895290052126e-02,7.973270023158394171e-01,-6.862822612764760688e-01,7.761294021715871017e-01,-5.734670681437421536e-01,7.337278472790510486e-01,6.951415944699721461e-01
4.523605552256873552e-01,4.413434497491313113e-01,6.537070822479155163e-01,3.741732642835133849e-01,5.520204039308335142e-01,-5.251236603683663295e-01,4.206995868414191084e-03,-6.696181041165418790e-01,6.974751552547233668e-01,6.338745051362120186e-01,-4.762579031347393133e-01,6.205014435220889135e-01,-4.702832397745696502e-01,2.761935507704502135e-01,3.745254227783558210e-01,6.122524144163188353e-01,2.630897367717882074e-01,4.766971398878759869e-01,5.167881174100060759e-01,9.798188038978249137e-02,-4.888559831554947777e-02,5.965224740812334892e-01,2.667248908262330187e-01,-2.320221614804713894e-01,-1.619737656961116878e-01,3.980520358223967325e-01,4.976233726244058686e-01,5.351529243956910653e-01,-2.962379689380499892e-01,6.201600368666244645e-01,1.000000000000000000e+00,-1.632320442844115843e-02,2.958959792168268654e-01,6.407253237446380867e-01,-4.153392448789576807e-01,5.134524949607425226e-01,-3.026216594205826116e-01,4.730477711778681149e-01,7.054840692293503635e-01
2.554426216306410202e-01,4.589462360317083101e-01,-3.403608725575510974e-01,-4.088731127052127046e-01,-1.349387105157487665e-01,5.040206258062650546e-01,-1.170571490176623847e-01,2.751339680269324073e-01,-3.847299170745749342e-02,2.355057903504931549e-01,5.300353152942670620e-01,-2.842110871096313329e-01,-2.606504691464727741e-01,7.009441116393029247e-01,1.250060420178480125e-01,3.172272348883308224e-01,-3.022115495398403628e-01,-4.351848803786180775e-01,-2.399513720137863015e-01,1.763642595133613211e-01,6.450561596171733303e-01,-1.372494793859028173e-01,7.540709017639939393e-01,6.677677126692207477e-01,6.634416648292659202e-01,4.473864614509315829e-01,2.175713986511427361e-02,1.086502915550787915e-02,6.770729732480991192e-01,-1.246513702122339085e-01,-1.632320442844115843e-02,1.000000000000000000e+00,4.452301901913388038e-01,-5.767835622680828750e-02,5.523385880230312628e-01,1.505822203736341958e-01,6.843880657227779940e-01,-2.857967931377530107e-02,1.307583212964964214e-01
1.851962740064310720e-01,2.174243618740599182e-01,5.474558683080663068e-02,-1.662162409121623885e-01,-1.778393494375316367e-02,1.262443259854187372e-01,-2.006643457310146872e-01,-7.406636347899775430e-02,4.414808615078568560e-02,2.304681725351684363e-01,1.661048836175338939e-01,-1.555805467269894514e-02,-6.664431827098843408e-02,4.384504359319321698e-01,-2.622301859281779210e-02,2.454248923429203089e-01,-1.224391687914269319e-02,-1.111773221688912294e-01,-1.210500168639970925e-01,-7.287160794970547195e-02,3.080724122995045500e-01,1.749042406830771390e-01,4.179966796785259397e-01,3.847873349609021165e-01,3.462967545183598395e-01,5.018094143776041793e-01,1.861725955193662685e-01,4.214589794403683642e-01,3.506653062546621347e-01,6.624449895290052126e-02,2.958959792168268654e-01,4.452301901913388038e-01,1.000000000000000000e+00,1.002227427674315802e-01,2.332497092445993403e-01,1.607959986716927248e-01,3.698121634012473957e-01,1.051718359724114760e-01,5.355114025706649711e-02
5.210386737686641956e-01,4.441229267158592897e-01,7.242572924663920331e-01,6.425439434570332509e-01,7.466815607050221182e-01,-6.901754024652950736e-01,2.290787927750045083e-01,-7.415389217681656042e-01,8.787771887437735296e-01,4.790252399061011856e-01,-6.854355310163634529e-01,8.218958092180624897e-01,-3.270109319840617812e-01,3.138107356082433519e-01,6.852861426358293206e-01,5.765521871205729898e-01,3.740928948506761498e-01,7.178661658687685021e-01,6.421852729829146122e-01,3.025358046264880474e-01,-9.819219164457033966e-02,7.206765406024145948e-01,8.852171441729167478e-02,-4.278653354649258889e-01,-3.597666655357165677e-01,7.410631821158750188e-02,6.406089929153728768e-01,4.329394532905120885e-01,-4.580666979625497848e-01,7.973270023158394171e-01,6.407253237446380867e-01,-5.767835622680828750e-02,1.002227427674315802e-01,1.000000000000000000e+00,-6.159645472932433474e-01,7.016295463581303515e-01,-5.289395614084624331e-01,7.786252873473112901e-01,7.856487213789777879e-01
-1.564899855840274912e-01,-4.913131823053591002e-02,-6.964700318660944633e-01,-7.602670931393170628e-01,-4.978421578283037108e-01,8.742300711571192595e-01,-1.654273785181353817e-01,6.285610927934580650e-01,-6.118635920441267695e-01,-7.952041301283695185e-02,8.756619374440737236e-01,-8.059910640875784793e-01,-1.391131537269765794e-01,2.746135135209741285e-01,-3.748655728717254498e-01,-1.473986073451614143e-01,-6.286384373139538573e-01,-8.357445415173146985e-01,-5.670754415523746594e-01,-3.488160033290990669e-02,6.566366755154003920e-01,-5.282295571200641415e-01,4.562836304825473310e-01,8.327425289547474296e-01,8.001854110077566418e-01,3.339634900765849346e-01,-4.368294439594453960e-01,-2.016580294302330045e-01,8.426710983843118674e-01,-6.862822612764760688e-01,-4.153392448789576807e-01,5.523385880230312628e-01,2.332497092445993403e-01,-6.159645472932433474e-01,1.000000000000000000e+00,-4.272072131284291863e-01,8.359817547023460360e-01,-5.504378874724715764e-01,-4.261268685288182589e-01
6.187777883777386689e-01,6.041514257651589004e-01,5.791142346967609322e-01,5.612121645961978267e-01,5.058010964223133010e-01,-5.356662783796803939e-01,3.285938966688602969e-01,-5.936662734896289706e-01,6.441582423960392489e-01,5.777164429741407092e-01,-4.865786519852477454e-01,6.663607595945212347e-01,-2.485104916706140921e-01,4.062862460096340333e-01,5.424279352406522481e-01,6.957178792547722423e-01,3.987675029600520338e-01,5.857371410993167382e-01,3.704365321330928551e-01,4.007815928298095187e-01,5.572236008127209178e-02,6.545616058275455229e-01,2.564669116390608794e-01,-1.757097604386357592e-01,-1.705563790677818159e-01,7.810288803235067301e-02,6.530461668669376163e-01,3.399638886632583290e-01,-2.762644567080371760e-01,7.761294021715871017e-01,5.134524949607425226e-01,1.505822203736341958e-01,1.607959986716927248e-01,7.016295463581303515e-01,-4.272072131284291863e-01,1.000000000000000000e+00,-3.229524085499646535e-01,7.170794358937822022e-01,6.686806517418512064e-01
-1.391659762156624569e-01,1.498956497589249426e-01,-6.225883419052915535e-01,-7.464433817574221974e-01,-4.047838929319254042e-01,8.167521990780932661e-01,-2.146183694987830737e-01,5.640382545756869037e-01,-5.144091600131744935e-01,1.187587042184272933e-02,8.355994095957203216e-01,-7.404616610092589202e-01,-1.355162573535126092e-01,4.098567407843836108e-01,-3.696991345105412607e-01,8.023271211495637198e-03,-5.555687490258189865e-01,-7.716438613429268401e-01,-5.440316093204751180e-01,-1.206693471157146980e-01,6.455491878898308444e-01,-4.802372210101039651e-01,5.339696572253926909e-01,8.253415613738370737e-01,8.170476336856283828e-01,4.760013339329963178e-01,-4.041955138605022313e-01,-9.008858071366779297e-02,8.099499097332742981e-01,-5.734670681437421536e-01,-3.026216594205826116e-01,6.843880657227779940e-01,3.698121634012473957e-01,-5.289395614084624331e-01,8.359817547023460360e-01,-3.229524085499646535e-01,1.000000000000000000e+00,-5.307931065278312932e-01,-3.348952942218978990e-01
6.825349101009668962e-01,3.739659976917936168e-01,5.335671527981061812e-01,6.369381040055726029e-01,4.880111405827170512e-01,-6.181338048909701399e-01,2.474111664841605607e-01,-5.305313863646774486e-01,7.564180573703150889e-01,3.008871677201688244e-01,-6.074467466241341151e-01,7.809105829228152329e-01,-2.306275922640113052e-01,2.715312152708847515e-01,6.628694849797962529e-01,4.612495223342330530e-01,5.115022019928565644e-01,6.480621230489312934e-01,4.851003375979292542e-01,4.268974095001610292e-01,-1.103687205530995002e-01,7.186401602319127946e-01,1.126602564295733910e-01,-3.648339385116722844e-01,-3.696319300370957683e-01,-2.400912181216122154e-02,7.761565894493352991e-01,2.751752493546192335e-01,-3.315997704590676887e-01,7.337278472790510486e-01,4.730477711778681149e-01,-2.857967931377530107e-02,1.051718359724114760e-01,7.786252873473112901e-01,-5.504378874724715764e-01,7.170794358937822022e-01,-5.307931065278312932e-01,1.000000000000000000e+00,6.948811354985415800e-01
5.910077088129694900e-01,5.376728208462352443e-01,5.349125114094075428e-01,4.815441721559539090e-01,5.952819271819598246e-01,-4.822651874442575592e-01,1.341782832140278603e-01,-5.700286809010794986e-01,8.523116080517799675e-01,6.222636967652144246e-01,-4.649218920133783017e-01,6.985631006385248920e-01,-5.539185501475571982e-01,3.980496501698103096e-01,6.622337467064536298e-01,6.571368489327030771e-01,2.142655455215678462e-01,5.124405400794000975e-01,6.085894219476869482e-01,4.033540472395658605e-01,8.832802542561189740e-02,6.044305047243619944e-01,3.458647526333346045e-01,-2.427027799693569077e-01,-1.572029893138288115e-01,2.426869681783465349e-01,6.292714685433223876e-01,3.434985969486952229e-01,-2.560544228989419246e-01,6.951415944699721461e-01,7.054840692293503635e-01,1.307583212964964214e-01,5.355114025706649711e-02,7.856487213789777879e-01,-4.261268685288182589e-01,6.686806517418512064e-01,-3.348952942218978990e-01,6.948811354985415800e-01,1.000000000000000000e+00
