1.000000000000000000e+00,8.562836958341542015e-01,5.344369610449147823e-01,4.470406282357536343e-01,6.127513147666587834e-01,3.856442977484221823e-01,4.868914806501035697e-01,-4.094441158134776715e-01,7.460294666593840773e-01,7.022005362332298661e-01,6.593609944155137681e-01,3.947779749037103048e-01,2.224727164417656389e-01,6.896887101861236546e-01,-3.250024721017523432e-02,7.261763133446951235e-01,4.795241680627179148e-01,4.063246671258710641e-01,2.818940810818197362e-01,4.862332603720702640e-01,-1.552905321549440110e-01,4.945400170804474804e-01,7.082761113380884321e-01,5.691047008322772660e-01,6.240148932276458060e-01,5.662243237996641421e-01,6.641606370023539485e-01,2.374324904790827973e-01,7.084896713661671397e-01,6.953339772193785073e-01,5.329636685463886581e-01,6.825375462899049284e-01,5.676923563726843369e-01,5.125542504577503822e-01,5.796205363244196773e-01,6.666799796564303326e-01,6.097967154628556319e-01,2.407927542766400975e-01,5.965626852794476687e-01
8.562836958341542015e-01,1.000000000000000000e+00,4.363057439714629893e-01,3.822870548924742207e-01,5.320430370541411325e-01,3.704116435732231483e-01,4.947455742963565162e-01,-2.990381513516904843e-01,6.750260905988355598e-01,7.447678947941261951e-01,7.066552044686018608e-01,3.791525165850592738e-01,2.529925887831322440e-01,6.246113727635387303e-01,1.172464124156547514e-02,7.157086224379717310e-01,5.719536355415953954e-01,3.779693936253846753e-01,1.960802989430474319e-01,3.873789578670466804e-01,-6.715699501405980598e-02,5.070569974692080706e-01,6.735168485573391761e-01,5.651631051903340808e-01,5.815951297610614246e-01,6.249424323901053846e-01,6.633943246384794712e-01,3.103627214292951075e-01,7.049358311444757774e-01,5.930260469225098197e-01,5.508642137301866804e-01,6.624757433740841028e-01,5.326570262465045724e-01,3.900509864962684037e-01,5.480798073227928224e-01,6.314412423036146471e-01,5.908625030233698450e-01,2.748880061246429807e-01,5.943750613074066935e-01
5.344369610449147823e-01,4.363057439714629893e-01,1.000000000000000000e+00,2.462478698158780677e-01,7.985375843537217966e-01,2.533185493240776021e-01,4.971775762090724915e-01,-4.759398726836817084e-01,7.016061197515079950e-01,6.108788907150981551e-01,5.242761590113254044e-01,1.999634884261222156e-01,1.806858661240346164e-01,6.735121987871151017e-01,-2.034143579247959729e-02,5.965880182274357901e-01,2.329541120836659263e-01,5.286204120732553857e-01,6.205156088686483162e-01,7.548531593602363365e-01,6.150788648115577961e-02,5.306002552592797850e-01,5.782623689619251772e-01,5.392389116305341679e-01,5.800753824151968496e-01,4.527927092341468840e-01,3.926538632755989244e-01,2.593406459512493378e-01,4.975346924958423123e-01,6.436737867728911100e-01,5.101877854046483751e-01,5.171529085451241903e-01,6.393690866428191066e-01,7.029732854565949873e-01,4.395436490469673552e-01,3.581851460300145007e-01,4.199158458995191356e-01,3.779178467376799189e-01,4.619302426089638702e-01
4.470406282357536343e-01,3.822870548924742207e-01,2.462478698158780677e-01,1.000000000000000000e+00,3.534501781469354675e-01,5.274097651707156942e-01,5.066189639157987479e-01,-2.448846904458527596e-01,2.980677604074451481e-01,2.647288663109430007e-01,4.640952736914832344e-01,1.556348302567934772e-01,1.617813127163618969e-01,4.478074765413751490e-01,-1.138121718748475869e-01,4.026711000058161294e-01,4.693751745794044750e-01,3.797186730576232461e-01,1.618485407104142404e-01,2.834321411197150975e-01,-4.301523815869592871e-02,3.167573946911810268e-01,3.013357654585601675e-01,3.983925524863862755e-01,1.472508513692991627e-01,3.906450721460913988e-01,4.424280152728306548e-01,2.146076348580986393e-01,3.924830723586365533e-01,3.594948303348541319e-01,2.734180882014270453e-01,5.295493775623587585e-01,3.837602227648974629e-01,2.887673556854254420e-01,5.137070052319145930e-01,3.881680795645546800e-01,4.807989720316107607e-01,-1.875177896967835378e-01,4.157422510494835494e-02
6.127513147666587834e-01,5.320430370541411325e-01,7.985375843537217966e-01,3.534501781469354675e-01,1.000000000000000000e+00,2.717235508811786659e-01,4.705792151535930223e-01,-3.961305082883740947e-01,7.112299937560701002e-01,6.541020047458602216e-01,5.365960772784175159e-01,2.881696156389800256e-01,2.186079351050858044e-01,7.439233686827406711e-01,-9.322923465477546412e-02,6.566641019565447879e-01,2.468205311114718137e-01,4.775744289197099701e-01,4.646934532319971778e-01,5.892505698738035314e-01,1.074064336161444783e-01,5.152492528698719987e-01,6.960016172610897778e-01,5.061383044559576438e-01,6.548141929898551039e-01,4.978139771299693872e-01,5.080287862351825501e-01,3.294751252980469558e-01,5.360206281137569473e-01,5.965013884586595205e-01,5.205506677143441063e-01,6.135722664860044917e-01,5.949533633909060981e-01,7.340609500848874758e-01,5.174896978104556178e-01,4.786954507453373697e-01,5.528506440389282517e-01,4.075564566756882945e-01,5.518537032019131816e-01
3.856442977484221823e-01,3.704116435732231483e-01,2.533185493240776021e-01,5.274097651707156942e-01,2.717235508811786659e-01,1.000000000000000000e+00,6.011680242014134645e-01,-1.347804495528438229e-01,1.371450313177206559e-01,3.667434505056072491e-01,5.801650451965846278e-01,2.095101967333378168e-01,3.687891734378204722e-01,3.683478796983142844e-01,-1.944304096873243348e-01,4.526053724852563964e-01,7.119240054253141992e-01,3.542445729927001796e-01,3.092106040376840226e-01,5.164051392664399387e-01,1.148013056292261115e-02,4.655330633072923274e-01,2.279314046234197089e-01,4.302808923644029226e-01,1.653266823278151110e-01,3.788851277503306747e-01,5.181466063139859024e-01,1.357375899208060621e-01,3.795344163913066948e-01,3.041454413526626377e-01,5.619264715085774409e-01,6.535293270538076182e-01,5.419610451115611793e-01,5.428552447043203527e-02,7.395516813230670339e-01,1.809340327659751113e-01,6.649092510970037173e-01,-1.999901568013529585e-01,1.251763597343692191e-01
4.868914806501035697e-01,4.947455742963565162e-01,4.971775762090724915e-01,5.066189639157987479e-01,4.705792151535930223e-01,6.011680242014134645e-01,1.000000000000000000e+00,-2.068906222555188523e-01,3.489078077426793767e-01,6.180450769710690295e-01,6.753839177809787264e-01,4.780586808862372084e-01,5.568231894251856051e-01,5.137509600674929899e-01,-2.055060664489292421e-01,6.895473201456907564e-01,5.635143457160597391e-01,4.490980269569458394e-01,3.510698891429659407e-01,5.367604289649513527e-01,1.502812947830249324e-01,6.974884419976757899e-01,4.899678988693589310e-01,4.314664559906267738e-01,2.404828360673687548e-01,4.062305510017720778e-01,6.824789779380813215e-01,1.042472183677259218e-01,3.019836489816813407e-01,3.635867320762795063e-01,7.662581236835266374e-01,7.414844219004161907e-01,5.539597542091061477e-01,1.677260517045386368e-01,6.457941118732001273e-01,3.212641663093875888e-01,6.942659302151937828e-01,-2.328743390544806696e-02,4.768683625782001445e-01
-4.094441158134776715e-01,-2.990381513516904843e-01,-4.759398726836817084e-01,-2.448846904458527596e-01,-3.961305082883740947e-01,-1.347804495528438229e-01,-2.068906222555188523e-01,1.000000000000000000e+00,-4.433538372974926145e-01,-2.201534294516712398e-01,-3.345346640345605582e-01,-9.877267604852135729e-02,4.684109973203823274e-02,-2.926799667453552356e-01,-6.261278529690829375e-02,-2.927693312586578944e-01,-1.868438596370273208e-01,-5.245527126349101010e-01,-4.303922816708965482e-01,-5.294791337199931114e-01,6.418905775309440287e-01,-1.623364909121232935e-01,-2.815360773396343164e-01,-4.493192606330193573e-01,-2.962894548635094938e-01,-1.449438749107021529e-01,-1.988427378725414196e-01,1.519437294883282386e-01,-3.734605289525099181e-01,-3.719471483110624588e-01,-1.764653922528929275e-01,-2.143519004606101175e-01,-4.052812419830769675e-01,-4.536102695813035157e-01,-1.403547154748972792e-01,-1.322469425002223420e-01,-1.132031017717417265e-01,-3.519050663230583603e-02,-2.063788855328552441e-01
7.460294666593840773e-01,6.750260905988355598e-01,7.016061197515079950e-01,2.980677604074451481e-01,7.112299937560701002e-01,1.371450313177206559e-01,3.489078077426793767e-01,-4.433538372974926145e-01,1.000000000000000000e+00,6.568616565860937451e-01,5.502568265964750127e-01,3.341706465897520961e-01,1.469573487925262406e-02,7.629475285355725722e-01,2.578702229406629187e-01,6.183879415557110848e-01,2.795363958738804611e-01,5.571330931961634425e-01,5.348051604089094635e-01,5.027819197248367677e-01,-1.179279905705369891e-01,3.577664821435395104e-01,7.097275007707175565e-01,6.363247283594125614e-01,6.559308237285534915e-01,6.137505152715706513e-01,4.191667378041245007e-01,3.643264062685529492e-01,7.108476405248882468e-01,7.790292828905900357e-01,3.930373378526008654e-01,5.102689107005291547e-01,5.594915208600931278e-01,7.503351014589528800e-01,3.775295836074738509e-01,6.575749940906895352e-01,3.856545924674502634e-01,5.257977693238877759e-01,5.711471775264906903e-01
7.022005362332298661e-01,7.447678947941261951e-01,6.108788907150981551e-01,2.647288663109430007e-01,6.541020047458602216e-01,3.667434505056072491e-01,6.180450769710690295e-01,-2.201534294516712398e-01,6.568616565860937451e-01,1.000000000000000000e+00,6.784521044370828147e-01,4.482270631879705092e-01,3.265623950859248836e-01,6.114791535402346323e-01,-5.215770858794745168e-02,8.050478609075343295e-01,4.495359737909314646e-01,5.039128414096260000e-01,4.217076352947172757e-01,5.299418851101677097e-01,9.548949327602147819e-02,6.120897304309970144e-01,7.135912017313339462e-01,5.584933835405263558e-01,6.613161500000068749e-01,5.596830899618782107e-01,6.677142589600419953e-01,3.197009388965937338e-01,5.283698892317697515e-01,5.786689793232364654e-01,7.456551651911198508e-01,6.802260123945085279e-01,5.216143870869367483e-01,4.285373872665783068e-01,5.235579127300242774e-01,4.207699398569686999e-01,5.995656302637600854e-01,4.031863253733336538e-01,7.396303644895336760e-01
6.593609944155137681e-01,7.066552044686018608e-01,5.242761590113254044e-01,4.640952736914832344e-01,5.365960772784175159e-01,5.801650451965846278e-01,6.753839177809787264e-01,-3.345346640345605582e-01,5.502568265964750127e-01,6.784521044370828147e-01,1.000000000000000000e+00,5.068963608920531438e-01,4.909641461564469012e-01,6.904331519817298313e-01,-1.155884574323086042e-02,7.239574801585965114e-01,7.367125824771921794e-01,4.836041805598734200e-01,3.400385195354530543e-01,5.345171597264727348e-01,3.231539955857012231e-02,7.395278954659211257e-01,6.255759508705316385e-01,6.180530349761176323e-01,4.062295775736497472e-01,6.522671507326238682e-01,7.235861924976171311e-01,1.630821682575239184e-01,5.886188566959450474e-01,4.524226293225214190e-01,6.812394262794922994e-01,7.519233813109578168e-01,7.547300817705629994e-01,3.767242499275806900e-01,5.947810839548287598e-01,5.443479350422976148e-01,6.439483219654967838e-01,9.501020338079463334e-02,5.332098166374724668e-01
3.947779749037103048e-01,3.791525165850592738e-01,1.999634884261222156e-01,1.556348302567934772e-01,2.881696156389800256e-01,2.095101967333378168e-01,4.780586808862372084e-01,-9.877267604852135729e-02,3.341706465897520961e-01,4.482270631879705092e-01,5.068963608920531438e-01,1.000000000000000000e+00,5.339781170684044787e-01,4.224012654039661085e-01,4.426082669505488482e-02,6.122208375827238314e-01,3.044566653947077817e-01,3.175400252478501328e-01,2.290840110548860442e-01,1.894516118765398605e-01,-2.726246346074949825e-02,5.177973283644162761e-01,5.755559381935255736e-01,2.130982496274066995e-01,1.596127165718118079e-01,2.780567421943301865e-01,6.793476366528508059e-01,-2.998949662108050807e-01,1.229792322394487880e-01,1.317189212477272164e-01,6.086907158373621174e-01,5.884984969163042923e-01,2.972742930338299061e-01,1.037299701930946144e-01,3.410823464478739964e-01,3.799849937554317658e-01,4.850235375052149855e-01,1.178176929770394753e-02,7.056812296798670170e-01
2.224727164417656389e-01,2.529925887831322440e-01,1.806858661240346164e-01,1.617813127163618969e-01,2.186079351050858044e-01,3.687891734378204722e-01,5.568231894251856051e-01,4.684109973203823274e-02,1.469573487925262406e-02,3.265623950859248836e-01,4.909641461564469012e-01,5.339781170684044787e-01,1.000000000000000000e+00,3.361361460240379628e-01,-4.184296951089577776e-01,4.813727824499686725e-01,2.796980959915070231e-01,-9.172529760505837571e-03,-7.656890790072694297e-02,2.338357314360597627e-01,2.981220540013557185e-01,7.414963842123999394e-01,3.342451847900647643e-01,1.010288774192096423e-01,-1.109130659323934696e-02,6.008917361444939681e-02,5.922024901158071675e-01,-2.692767415085703941e-01,-7.664996398999328331e-02,-1.210328199830891516e-01,6.121310979027734245e-01,5.791757778452196748e-01,4.680161362608102338e-01,-2.838183339036791722e-02,3.946109207429519539e-01,2.686353602356253423e-01,5.430440305935460010e-01,-3.165006286317602613e-01,4.088792358345184064e-01
6.896887101861236546e-01,6.246113727635387303e-01,6.735121987871151017e-01,4.478074765413751490e-01,7.439233686827406711e-01,3.683478796983142844e-01,5.137509600674929899e-01,-2.926799667453552356e-01,7.629475285355725722e-01,6.114791535402346323e-01,6.904331519817298313e-01,4.224012654039661085e-01,3.361361460240379628e-01,1.000000000000000000e+00,4.577715268953625599e-02,6.877746006551335167e-01,4.171438966130553427e-01,4.123859532062785771e-01,3.981445055802930733e-01,5.209803821292436909e-01,1.199844214906241879e-01,6.157285775671467176e-01,7.516172357658977843e-01,6.107263547074727184e-01,5.651202094518463781e-01,5.939248965721035667e-01,5.800445321796031672e-01,2.882094360430043078e-01,5.986413380468240675e-01,6.015509711583106878e-01,5.419109818198658557e-01,7.008822233580965788e-01,7.217767416593570129e-01,7.085304839982433656e-01,5.619789053552686209e-01,7.182166273851878779e-01,6.129554374442303111e-01,2.684657344426258918e-01,5.216126641139259279e-01
-3.250024721017523432e-02,1.172464124156547514e-02,-2.034143579247959729e-02,-1.138121718748475869e-01,-9.322923465477546412e-02,-1.944304096873243348e-01,-2.055060664489292421e-01,-6.261278529690829375e-02,2.578702229406629187e-01,-5.215770858794745168e-02,-1.155884574323086042e-02,4.426082669505488482e-02,-4.184296951089577776e-01,4.577715268953625599e-02,1.000000000000000000e+00,-1.019090456917298299e-01,1.075629538682032482e-01,3.699571596267571261e-01,3.266720223530719669e-01,-1.353874536542065410e-01,-2.951031223860134944e-01,-3.243550420342691809e-01,4.940417697058212265e-03,1.603857040627334474e-01,-2.268876293890273455e-02,3.195801282979282565e-01,-2.649236675372922956e-01,2.617268798175600986e-01,2.600393861481906099e-01,1.948327415561414699e-01,-2.816499616184806598e-01,-2.413589930611230172e-01,-5.349249874717116465e-02,1.509709302913423978e-01,-2.537957220099623101e-01,1.067679091379217932e-01,-2.444662588197810404e-01,3.653625139675396039e-01,-7.590447720795526210e-02
7.261763133446951235e-01,7.157086224379717310e-01,5.965880182274357901e-01,4.026711000058161294e-01,6.566641019565447879e-01,4.526053724852563964e-01,6.895473201456907564e-01,-2.927693312586578944e-01,6.183879415557110848e-01,8.050478609075343295e-01,7.239574801585965114e-01,6.122208375827238314e-01,4.813727824499686725e-01,6.877746006551335167e-01,-1.019090456917298299e-01,1.000000000000000000e+00,5.105988310086702064e-01,4.938876111319790985e-01,3.905159096348770897e-01,5.708794219696002870e-01,2.644499581511649405e-02,7.102437792930174076e-01,8.004970029048407154e-01,4.931555076878406663e-01,5.638149176155951015e-01,5.634748815770811436e-01,8.029390588818423602e-01,1.014755760694178444e-01,4.730890041021128534e-01,5.408250976067411342e-01,8.087243839347317831e-01,8.097902299019033023e-01,5.813015476569783901e-01,4.299576635505582556e-01,6.237871952320881430e-01,5.254298482416107641e-01,7.209686441373828192e-01,2.033926685764609887e-01,7.316107161592796393e-01
4.795241680627179148e-01,5.719536355415953954e-01,2.329541120836659263e-01,4.693751745794044750e-01,2.468205311114718137e-01,7.119240054253141992e-01,5.635143457160597391e-01,-1.868438596370273208e-01,2.795363958738804611e-01,4.495359737909314646e-01,7.367125824771921794e-01,3.044566653947077817e-01,2.796980959915070231e-01,4.171438966130553427e-01,1.075629538682032482e-01,5.105988310086702064e-01,1.000000000000000000e+00,4.149394850307036586e-01,2.648088064001342667e-01,3.945565761890673095e-01,-6.026826431645543325e-02,4.526643970762712632e-01,3.508975758674906520e-01,5.035589930422593730e-01,1.996079972547346315e-01,6.210112613054871167e-01,5.388490492590748415e-01,2.090462251757330414e-01,5.674342223779351713e-01,3.788661428371752349e-01,4.931931702787256677e-01,5.970927187394053925e-01,5.082563614802004803e-01,5.744173562668100641e-02,5.922024927474501821e-01,3.405605330724277291e-01,5.563260635008940858e-01,-3.943036522898821922e-02,2.148962805745943672e-01
4.063246671258710641e-01,3.779693936253846753e-01,5.286204120732553857e-01,3.797186730576232461e-01,4.775744289197099701e-01,3.542445729927001796e-01,4.490980269569458394e-01,-5.245527126349101010e-01,5.571330931961634425e-01,5.039128414096260000e-01,4.836041805598734200e-01,3.175400252478501328e-01,-9.172529760505837571e-03,4.123859532062785771e-01,3.699571596267571261e-01,4.938876111319790985e-01,4.149394850307036586e-01,1.000000000000000000e+00,7.529409140265812539e-01,5.543396190186502537e-01,-3.711212376771895749e-01,2.296216351057135951e-01,4.217336130312238640e-01,6.254774599701982130e-01,3.390453161883486555e-01,4.861290401810346440e-01,3.172299324880117899e-01,2.152781266288063267e-01,5.013331547507706709e-01,5.120906422049569251e-01,4.084568023732527142e-01,4.128819232168399189e-01,4.487463968325311470e-01,4.326418394589071625e-01,3.207717676399774454e-01,1.500428682575106198e-01,3.123192224552919227e-01,2.986347812348626451e-01,3.552130179279256450e-01
2.818940810818197362e-01,1.960802989430474319e-01,6.205156088686483162e-01,1.618485407104142404e-01,4.646934532319971778e-01,3.092106040376840226e-01,3.510698891429659407e-01,-4.303922816708965482e-01,5.348051604089094635e-01,4.217076352947172757e-01,3.400385195354530543e-01,2.290840110548860442e-01,-7.656890790072694297e-02,3.981445055802930733e-01,3.266720223530719669e-01,3.905159096348770897e-01,2.648088064001342667e-01,7.529409140265812539e-01,1.000000000000000000e+00,6.476748031262611338e-01,-2.381407833133563634e-01,1.806655123894728709e-01,3.266757139261689535e-01,5.428555158850749685e-01,3.277492344575029248e-01,3.446322955506802010e-01,1.695127137741257173e-01,1.396063748650200331e-01,3.844392025894414200e-01,5.518520234121994106e-01,3.931316089916086498e-01,3.239681003927835645e-01,4.363695587851414981e-01,4.471200156748272314e-01,3.165737355769736028e-01,6.691811876580054663e-02,2.259182585193929005e-01,2.968945883964872468e-01,2.719225339857073709e-01
4.862332603720702640e-01,3.873789578670466804e-01,7.548531593602363365e-01,2.834321411197150975e-01,5.892505698738035314e-01,5.164051392664399387e-01,5.367604289649513527e-01,-5.294791337199931114e-01,5.027819197248367677e-01,5.299418851101677097e-01,5.345171597264727348e-01,1.894516118765398605e-01,2.338357314360597627e-01,5.209803821292436909e-01,-1.353874536542065410e-01,5.708794219696002870e-01,3.945565761890673095e-01,5.543396190186502537e-01,6.476748031262611338e-01,1.000000000000000000e+00,-1.134228102504036273e-01,5.449136583944002021e-01,4.503007026311723893e-01,5.617097190384884309e-01,4.622699637947608187e-01,3.355530204871248201e-01,4.518192704347412381e-01,6.402099039573207195e-02,4.307334403128915690e-01,5.241690140047695623e-01,6.005602476798174161e-01,5.643923169482900626e-01,6.415370141752203548e-01,4.730332520796612372e-01,5.497856350047379825e-01,1.848461026015879305e-01,4.584872041387796360e-01,9.518403405409733842e-02,3.585492282193133984e-01
-1.552905321549440110e-01,-6.715699501405980598e-02,6.150788648115577961e-02,-4.301523815869592871e-02,1.074064336161444783e-01,1.148013056292261115e-02,1.502812947830249324e-01,6.418905775309440287e-01,-1.179279905705369891e-01,9.548949327602147819e-02,3.231539955857012231e-02,-2.726246346074949825e-02,2.981220540013557185e-01,1.199844214906241879e-01,-2.951031223860134944e-01,2.644499581511649405e-02,-6.026826431645543325e-02,-3.711212376771895749e-01,-2.381407833133563634e-01,-1.134228102504036273e-01,1.000000000000000000e+00,3.111167654630485058e-01,1.694892596510996080e-02,-1.835333725682473383e-01,-1.969111647145354617e-03,9.933582533174319107e-02,9.910838503908651898e-02,3.131946537164955746e-01,-1.635464120987705772e-01,-1.386107743277115723e-01,1.539667272043504231e-01,1.400490569609632585e-01,1.635845616055877152e-02,-7.802044300305079061e-02,1.591408362952894118e-01,8.655473160351283279e-02,1.716115584286421192e-01,9.411029378427820946e-02,3.240668017403720846e-02
4.945400170804474804e-01,5.070569974692080706e-01,5.306002552592797850e-01,3.167573946911810268e-01,5.152492528698719987e-01,4.655330633072923274e-01,6.974884419976757899e-01,-1.623364909121232935e-01,3.577664821435395104e-01,6.120897304309970144e-01,7.395278954659211257e-01,5.177973283644162761e-01,7.414963842123999394e-01,6.157285775671467176e-01,-3.243550420342691809e-01,7.102437792930174076e-01,4.526643970762712632e-01,2.296216351057135951e-01,1.806655123894728709e-01,5.449136583944002021e-01,3.111167654630485058e-01,1.000000000000000000e+00,5.650347461447272623e-01,4.216863276006914130e-01,3.094765177713599269e-01,3.632562449131035986e-01,7.223161591490414590e-01,-1.759760208421725855e-02,2.364693850336857806e-01,2.291719416128725484e-01,7.589741273875701966e-01,7.316612660368988497e-01,6.907980593538485259e-01,2.943271721660437046e-01,5.543290694031105525e-01,4.224625448184783361e-01,6.310225324688164550e-01,-5.340035827422530412e-02,5.525320320393326545e-01
7.082761113380884321e-01,6.735168485573391761e-01,5.782623689619251772e-01,3.013357654585601675e-01,6.960016172610897778e-01,2.279314046234197089e-01,4.899678988693589310e-01,-2.815360773396343164e-01,7.097275007707175565e-01,7.135912017313339462e-01,6.255759508705316385e-01,5.755559381935255736e-01,3.342451847900647643e-01,7.516172357658977843e-01,4.940417697058212265e-03,8.004970029048407154e-01,3.508975758674906520e-01,4.217336130312238640e-01,3.266757139261689535e-01,4.503007026311723893e-01,1.694892596510996080e-02,5.650347461447272623e-01,1.000000000000000000e+00,4.729785408476605002e-01,6.955216284999847787e-01,5.533266148150755015e-01,6.846687061328440294e-01,1.276294322527001535e-01,5.285632002279878616e-01,5.317947232822186621e-01,6.277030686294023942e-01,6.822694147525686370e-01,4.986478469717509632e-01,5.713080027711249231e-01,4.828061504230021228e-01,6.194496489075878021e-01,6.152432987941471865e-01,3.544018129034725573e-01,7.538654498925684289e-01
5.691047008322772660e-01,5.651631051903340808e-01,5.392389116305341679e-01,3.983925524863862755e-01,5.061383044559576438e-01,4.302808923644029226e-01,4.314664559906267738e-01,-4.493192606330193573e-01,6.363247283594125614e-01,5.584933835405263558e-01,6.180530349761176323e-01,2.130982496274066995e-01,1.010288774192096423e-01,6.107263547074727184e-01,1.603857040627334474e-01,4.931555076878406663e-01,5.035589930422593730e-01,6.254774599701982130e-01,5.428555158850749685e-01,5.617097190384884309e-01,-1.835333725682473383e-01,4.216863276006914130e-01,4.729785408476605002e-01,1.000000000000000000e+00,4.780265909834321980e-01,5.194664004284804681e-01,3.886680862218736543e-01,3.111683057011214171e-01,6.440863941648993229e-01,5.789165000910294623e-01,4.267686241110290046e-01,5.140625607816208253e-01,6.651592114138690226e-01,5.465141876856433045e-01,4.648671699889018738e-01,3.501837559477725126e-01,4.185336923751602489e-01,2.777051586072242784e-01,3.386274022860876198e-01
6.240148932276458060e-01,5.815951297610614246e-01,5.800753824151968496e-01,1.472508513692991627e-01,6.548141929898551039e-01,1.653266823278151110e-01,2.404828360673687548e-01,-2.962894548635094938e-01,6.559308237285534915e-01,6.613161500000068749e-01,4.062295775736497472e-01,1.596127165718118079e-01,-1.109130659323934696e-02,5.651202094518463781e-01,-2.268876293890273455e-02,5.638149176155951015e-01,1.996079972547346315e-01,3.390453161883486555e-01,3.277492344575029248e-01,4.622699637947608187e-01,-1.969111647145354617e-03,3.094765177713599269e-01,6.955216284999847787e-01,4.780265909834321980e-01,1.000000000000000000e+00,5.008616258081540762e-01,4.335589564831019427e-01,3.666526081786184443e-01,5.947406966720427679e-01,5.710704320004845735e-01,4.186193439234988101e-01,4.337616617597292445e-01,3.549004965447576931e-01,5.883378994825029240e-01,4.207283671055794816e-01,3.923067962338706027e-01,4.316997932771760027e-01,5.342671955241105053e-01,5.668393423776656448e-01
5.662243237996641421e-01,6.249424323901053846e-01,4.527927092341468840e-01,3.906450721460913988e-01,4.978139771299693872e-01,3.788851277503306747e-01,4.062305510017720778e-01,-1.449438749107021529e-01,6.137505152715706513e-01,5.596830899618782107e-01,6.522671507326238682e-01,2.780567421943301865e-01,6.008917361444939681e-02,5.939248965721035667e-01,3.195801282979282565e-01,5.634748815770811436e-01,6.210112613054871167e-01,4.861290401810346440e-01,3.446322955506802010e-01,3.355530204871248201e-01,9.933582533174319107e-02,3.632562449131035986e-01,5.533266148150755015e-01,5.194664004284804681e-01,5.008616258081540762e-01,1.000000000000000000e+00,4.822823970766434432e-01,5.475701496272157298e-01,7.635582650508813130e-01,6.291981801809091168e-01,3.799724307385737854e-01,5.460851670526004620e-01,4.692616986816097735e-01,3.983120661405939456e-01,5.290801901915450633e-01,5.728455714412551414e-01,5.010641447387088609e-01,4.777774893143630353e-01,3.713697532470063289e-01
6.641606370023539485e-01,6.633943246384794712e-01,3.926538632755989244e-01,4.424280152728306548e-01,5.080287862351825501e-01,5.181466063139859024e-01,6.824789779380813215e-01,-1.988427378725414196e-01,4.191667378041245007e-01,6.677142589600419953e-01,7.235861924976171311e-01,6.793476366528508059e-01,5.922024901158071675e-01,5.800445321796031672e-01,-2.649236675372922956e-01,8.029390588818423602e-01,5.388490492590748415e-01,3.172299324880117899e-01,1.695127137741257173e-01,4.518192704347412381e-01,9.910838503908651898e-02,7.223161591490414590e-01,6.846687061328440294e-01,3.886680862218736543e-01,4.335589564831019427e-01,4.822823970766434432e-01,1.000000000000000000e+00,-3.235692339258576522e-02,3.807848806558442600e-01,3.275391737894233768e-01,7.904333406242735061e-01,8.481825128890498888e-01,5.033820533861824709e-01,2.316360251809589099e-01,6.847995308702276018e-01,4.842027620514231523e-01,7.624107524813281689e-01,-2.351421786367224875e-02,6.797599087638582782e-01
2.374324904790827973e-01,3.103627214292951075e-01,2.593406459512493378e-01,2.146076348580986393e-01,3.294751252980469558e-01,1.357375899208060621e-01,1.042472183677259218e-01,1.519437294883282386e-01,3.643264062685529492e-01,3.197009388965937338e-01,1.630821682575239184e-01,-2.998949662108050807e-01,-2.692767415085703941e-01,2.882094360430043078e-01,2.617268798175600986e-01,1.014755760694178444e-01,2.090462251757330414e-01,2.152781266288063267e-01,1.396063748650200331e-01,6.402099039573207195e-02,3.131946537164955746e-01,-1.759760208421725855e-02,1.276294322527001535e-01,3.111683057011214171e-01,3.666526081786184443e-01,5.475701496272157298e-01,-3.235692339258576522e-02,1.000000000000000000e+00,5.127476151424980033e-01,4.135155754625498004e-01,-3.942360975298214157e-04,9.815033879043320864e-02,1.718353506459703028e-01,3.298394604638295036e-01,2.660973636777192453e-01,2.304445437878351322e-01,1.774031132053926763e-01,5.742341176784928614e-01,-7.174657144916786120e-03
7.084896713661671397e-01,7.049358311444757774e-01,4.975346924958423123e-01,3.924830723586365533e-01,5.360206281137569473e-01,3.795344163913066948e-01,3.019836489816813407e-01,-3.734605289525099181e-01,7.108476405248882468e-01,5.283698892317697515e-01,5.886188566959450474e-01,1.229792322394487880e-01,-7.664996398999328331e-02,5.986413380468240675e-01,2.600393861481906099e-01,4.730890041021128534e-01,5.674342223779351713e-01,5.013331547507706709e-01,3.844392025894414200e-01,4.307334403128915690e-01,-1.635464120987705772e-01,2.364693850336857806e-01,5.285632002279878616e-01,6.440863941648993229e-01,5.947406966720427679e-01,7.635582650508813130e-01,3.807848806558442600e-01,5.127476151424980033e-01,1.000000000000000000e+00,7.395862340242219668e-01,2.717788912956903280e-01,4.868299551000383474e-01,5.136792752678317475e-01,5.158588375313485352e-01,5.299577114994772353e-01,5.686666670551420166e-01,4.595567072028490796e-01,4.539494647432415486e-01,3.305788657834156652e-01
6.953339772193785073e-01,5.930260469225098197e-01,6.436737867728911100e-01,3.594948303348541319e-01,5.965013884586595205e-01,3.041454413526626377e-01,3.635867320762795063e-01,-3.719471483110624588e-01,7.790292828905900357e-01,5.786689793232364654e-01,4.524226293225214190e-01,1.317189212477272164e-01,-1.210328199830891516e-01,6.015509711583106878e-01,1.948327415561414699e-01,5.408250976067411342e-01,3.788661428371752349e-01,5.120906422049569251e-01,5.518520234121994106e-01,5.241690140047695623e-01,-1.386107743277115723e-01,2.291719416128725484e-01,5.317947232822186621e-01,5.789165000910294623e-01,5.710704320004845735e-01,6.291981801809091168e-01,3.275391737894233768e-01,4.135155754625498004e-01,7.395862340242219668e-01,1.000000000000000000e+00,3.264396719406424396e-01,4.735615879823581453e-01,4.425032378726504456e-01,5.583805833728439083e-01,4.687853809554553552e-01,5.344323125667846952e-01,3.992343285428536781e-01,4.609687803534672224e-01,3.535375665944305301e-01
5.329636685463886581e-01,5.508642137301866804e-01,5.101877854046483751e-01,2.734180882014270453e-01,5.205506677143441063e-01,5.619264715085774409e-01,7.662581236835266374e-01,-1.764653922528929275e-01,3.930373378526008654e-01,7.456551651911198508e-01,6.812394262794922994e-01,6.086907158373621174e-01,6.121310979027734245e-01,5.419109818198658557e-01,-2.816499616184806598e-01,8.087243839347317831e-01,4.931931702787256677e-01,4.084568023732527142e-01,3.931316089916086498e-01,6.005602476798174161e-01,1.539667272043504231e-01,7.589741273875701966e-01,6.277030686294023942e-01,4.267686241110290046e-01,4.186193439234988101e-01,3.799724307385737854e-01,7.904333406242735061e-01,-3.942360975298214157e-04,2.717788912956903280e-01,3.264396719406424396e-01,1.000000000000000000e+00,7.993115840574724906e-01,5.508832496107918253e-01,2.107418850511308950e-01,6.627592831091549952e-01,2.746801256495826626e-01,7.217869914209961157e-01,6.221017660638605840e-02,6.940293334875623499e-01
6.825375462899049284e-01,6.624757433740841028e-01,5.171529085451241903e-01,5.295493775623587585e-01,6.135722664860044917e-01,6.535293270538076182e-01,7.414844219004161907e-01,-2.143519004606101175e-01,5.102689107005291547e-01,6.802260123945085279e-01,7.519233813109578168e-01,5.884984969163042923e-01,5.791757778452196748e-01,7.008822233580965788e-01,-2.413589930611230172e-01,8.097902299019033023e-01,5.970927187394053925e-01,4.128819232168399189e-01,3.239681003927835645e-01,5.643923169482900626e-01,1.400490569609632585e-01,7.316612660368988497e-01,6.822694147525686370e-01,5.140625607816208253e-01,4.337616617597292445e-01,5.460851670526004620e-01,8.481825128890498888e-01,9.815033879043320864e-02,4.868299551000383474e-01,4.735615879823581453e-01,7.993115840574724906e-01,1.000000000000000000e+00,6.419935247678418833e-01,3.354061873576097419e-01,8.024086422944207708e-01,5.313205269032001965e-01,8.522097618535153796e-01,1.615716175692189643e-02,5.921220152282690163e-01
5.676923563726843369e-01,5.326570262465045724e-01,6.393690866428191066e-01,3.837602227648974629e-01,5.949533633909060981e-01,5.419610451115611793e-01,5.539597542091061477e-01,-4.052812419830769675e-01,5.594915208600931278e-01,5.216143870869367483e-01,7.547300817705629994e-01,2.972742930338299061e-01,4.680161362608102338e-01,7.217767416593570129e-01,-5.349249874717116465e-02,5.813015476569783901e-01,5.082563614802004803e-01,4.487463968325311470e-01,4.363695587851414981e-01,6.415370141752203548e-01,1.635845616055877152e-02,6.907980593538485259e-01,4.986478469717509632e-01,6.651592114138690226e-01,3.549004965447576931e-01,4.692616986816097735e-01,5.033820533861824709e-01,1.718353506459703028e-01,5.136792752678317475e-01,4.425032378726504456e-01,5.508832496107918253e-01,6.419935247678418833e-01,1.000000000000000000e+00,5.832695358299840871e-01,5.580463982446992599e-01,4.845672985938829225e-01,5.605518916636692550e-01,7.705543490053323730e-02,3.626154546023557246e-01
5.125542504577503822e-01,3.900509864962684037e-01,7.029732854565949873e-01,2.887673556854254420e-01,7.340609500848874758e-01,5.428552447043203527e-02,1.677260517045386368e-01,-4.536102695813035157e-01,7.503351014589528800e-01,4.285373872665783068e-01,3.767242499275806900e-01,1.037299701930946144e-01,-2.838183339036791722e-02,7.085304839982433656e-01,1.509709302913423978e-01,4.299576635505582556e-01,5.744173562668100641e-02,4.326418394589071625e-01,4.471200156748272314e-01,4.730332520796612372e-01,-7.802044300305079061e-02,2.943271721660437046e-01,5.713080027711249231e-01,5.465141876856433045e-01,5.883378994825029240e-01,3.983120661405939456e-01,2.316360251809589099e-01,3.298394604638295036e-01,5.158588375313485352e-01,5.583805833728439083e-01,2.107418850511308950e-01,3.354061873576097419e-01,5.832695358299840871e-01,1.000000000000000000e+00,2.456783657147724176e-01,4.824192180378296668e-01,2.611402730203544742e-01,4.208814961735343196e-01,3.455736780465626934e-01
5.796205363244196773e-01,5.480798073227928224e-01,4.395436490469673552e-01,5.137070052319145930e-01,5.174896978104556178e-01,7.395516813230670339e-01,6.457941118732001273e-01,-1.403547154748972792e-01,3.775295836074738509e-01,5.235579127300242774e-01,5.947810839548287598e-01,3.410823464478739964e-01,3.946109207429519539e-01,5.619789053552686209e-01,-2.537957220099623101e-01,6.237871952320881430e-01,5.922024927474501821e-01,3.207717676399774454e-01,3.165737355769736028e-01,5.497856350047379825e-01,1.591408362952894118e-01,5.543290694031105525e-01,4.828061504230021228e-01,4.648671699889018738e-01,4.207283671055794816e-01,5.290801901915450633e-01,6.847995308702276018e-01,2.660973636777192453e-01,5.299577114994772353e-01,4.687853809554553552e-01,6.627592831091549952e-01,8.024086422944207708e-01,5.580463982446992599e-01,2.456783657147724176e-01,1.000000000000000000e+00,3.990827868290612312e-01,8.282102400930047015e-01,2.932566054657769275e-02,3.644470686406481308e-01
6.666799796564303326e-01,6.314412423036146471e-01,3.581851460300145007e-01,3.881680795645546800e-01,4.786954507453373697e-01,1.809340327659751113e-01,3.212641663093875888e-01,-1.322469425002223420e-01,6.575749940906895352e-01,4.207699398569686999e-01,5.443479350422976148e-01,3.799849937554317658e-01,2.686353602356253423e-01,7.182166273851878779e-01,1.067679091379217932e-01,5.254298482416107641e-01,3.405605330724277291e-01,1.500428682575106198e-01,6.691811876580054663e-02,1.848461026015879305e-01,8.655473160351283279e-02,4.224625448184783361e-01,6.194496489075878021e-01,3.501837559477725126e-01,3.923067962338706027e-01,5.728455714412551414e-01,4.842027620514231523e-01,2.304445437878351322e-01,5.686666670551420166e-01,5.344323125667846952e-01,2.746801256495826626e-01,5.313205269032001965e-01,4.845672985938829225e-01,4.824192180378296668e-01,3.990827868290612312e-01,1.000000000000000000e+00,4.538889212045235100e-01,1.972895326893494838e-01,4.093204717548028504e-01
6.097967154628556319e-01,5.908625030233698450e-01,4.199158458995191356e-01,4.807989720316107607e-01,5.528506440389282517e-01,6.649092510970037173e-01,6.942659302151937828e-01,-1.132031017717417265e-01,3.856545924674502634e-01,5.995656302637600854e-01,6.439483219654967838e-01,4.850235375052149855e-01,5.430440305935460010e-01,6.129554374442303111e-01,-2.444662588197810404e-01,7.209686441373828192e-01,5.563260635008940858e-01,3.123192224552919227e-01,2.259182585193929005e-01,4.584872041387796360e-01,1.716115584286421192e-01,6.310225324688164550e-01,6.152432987941471865e-01,4.185336923751602489e-01,4.316997932771760027e-01,5.010641447387088609e-01,7.624107524813281689e-01,1.774031132053926763e-01,4.595567072028490796e-01,3.992343285428536781e-01,7.217869914209961157e-01,8.522097618535153796e-01,5.605518916636692550e-01,2.611402730203544742e-01,8.282102400930047015e-01,4.538889212045235100e-01,1.000000000000000000e+00,4.322215302116704655e-02,5.019387975083201558e-01
2.407927542766400975e-01,2.748880061246429807e-01,3.779178467376799189e-01,-1.875177896967835378e-01,4.075564566756882945e-01,-1.999901568013529585e-01,-2.328743390544806696e-02,-3.519050663230583603e-02,5.257977693238877759e-01,4.031863253733336538e-01,9.501020338079463334e-02,1.178176929770394753e-02,-3.165006286317602613e-01,2.684657344426258918e-01,3.653625139675396039e-01,2.033926685764609887e-01,-3.943036522898821922e-02,2.986347812348626451e-01,2.968945883964872468e-01,9.518403405409733842e-02,9.411029378427820946e-02,-5.340035827422530412e-02,3.544018129034725573e-01,2.777051586072242784e-01,5.342671955241105053e-01,4.777774893143630353e-01,-2.351421786367224875e-02,5.742341176784928614e-01,4.539494647432415486e-01,4.609687803534672224e-01,6.221017660638605840e-02,1.615716175692189643e-02,7.705543490053323730e-02,4.208814961735343196e-01,2.932566054657769275e-02,1.972895326893494838e-01,4.322215302116704655e-02,1.000000000000000000e+00,4.099075770263347351e-01
5.965626852794476687e-01,5.943750613074066935e-01,4.619302426089638702e-01,4.157422510494835494e-02,5.518537032019131816e-01,1.251763597343692191e-01,4.768683625782001445e-01,-2.063788855328552441e-01,5.711471775264906903e-01,7.396303644895336760e-01,5.332098166374724668e-01,7.056812296798670170e-01,4.088792358345184064e-01,5.216126641139259279e-01,-7.590447720795526210e-02,7.316107161592796393e-01,2.148962805745943672e-01,3.552130179279256450e-01,2.719225339857073709e-01,3.585492282193133984e-01,3.240668017403720846e-02,5.525320320393326545e-01,7.538654498925684289e-01,3.386274022860876198e-01,5.668393423776656448e-01,3.713697532470063289e-01,6.797599087638582782e-01,-7.174657144916786120e-03,3.305788657834156652e-01,3.535375665944305301e-01,6.940293334875623499e-01,5.921220152282690163e-01,3.626154546023557246e-01,3.455736780465626934e-01,3.644470686406481308e-01,4.093204717548028504e-01,5.019387975083201558e-01,4.099075770263347351e-01,1.000000000000000000e+00
