1.000000000000000000e+00,6.941723931991280461e-01,3.345625585394497170e-01,2.098378701773060406e-01,4.057678674259416196e-01,1.186228417368714455e-01,-2.525072218146363068e-01,-2.621239523486069145e-01,5.628650415590461531e-01,1.119598331420276344e-01,6.719310980602788419e-02,8.720082148645907916e-02,6.422850303201013134e-01,4.892856924204954661e-01,2.929630470845696888e-02,2.294164374473840751e-02,-3.326064347205245908e-02,5.310363503650809003e-01,3.076357857111312530e-03,4.411519406634707430e-01,3.249673283379343469e-01,3.063145025850768643e-01,4.623841997655410707e-01,3.992861316597717258e-01,6.116652789363169473e-01,-2.370271111763662397e-01,3.134398210745548696e-01,-7.168192609624342293e-02,6.657168909502610976e-01,6.526566100488080668e-02,1.532031706239102564e-01,5.210124619191101036e-01,1.314275618745647523e-01,5.576808970753699413e-01,6.287965853877363065e-01,7.080945642691595099e-01,5.580444349905101520e-01,3.578280947023020353e-01,5.631818733055039550e-01
6.941723931991280461e-01,1.000000000000000000e+00,3.240123277379307054e-01,1.999644764390638152e-01,2.031896496822919451e-01,2.828588624209590896e-01,-3.850046519469059181e-01,-3.249382596206071283e-01,7.032771461341077446e-01,-3.528750428272569954e-03,2.243585553278339140e-01,3.954967921134449615e-01,5.264226881530064128e-01,6.429397688179355752e-01,1.000467475328207234e-01,2.493109560563134749e-02,2.146042141657473756e-01,3.940492691278419946e-01,-7.070440252760656907e-02,6.355701653521079741e-01,2.670561495249091366e-01,4.945785201741952908e-01,4.126848445941858623e-01,5.194617830455271479e-01,4.875716970911267434e-01,-7.144712969722620544e-02,5.005143396645264087e-01,2.865882719049863900e-02,6.435905405639040788e-01,1.150305176133855356e-01,2.542051007379532712e-01,5.963942749759261197e-01,-1.325204386271719159e-01,6.954145919204599569e-01,6.253073624790520535e-01,5.215806190478684545e-01,6.329535193884860966e-01,1.362773635982724718e-01,3.814646788425215540e-01
3.345625585394497170e-01,3.240123277379307054e-01,1.000000000000000000e+00,1.310834018098663012e-01,6.865528631851521846e-01,1.297028260393204846e-01,-7.341957351986981573e-02,-7.617989160975824348e-01,4.962800011271073508e-01,5.147603301313541380e-01,2.593771028731522987e-01,1.858437577880991676e-01,4.264506673802415104e-01,4.488382980744764494e-01,4.026651618336593574e-01,5.017500055171532081e-01,1.747424736182740246e-01,6.894020746250937304e-01,4.931594962581657970e-01,3.398971408532663330e-01,6.877551168370118484e-01,4.424544888077477922e-01,5.276218418685368894e-01,3.676738350869115379e-01,5.163205252716062121e-01,1.492992424258292594e-01,1.258496977182321508e-01,1.384327193997778871e-01,2.221340468418998848e-01,4.093084249338029279e-01,-1.556813088870104278e-02,3.531070248785810883e-01,4.631319697947611225e-01,9.262712223525076949e-02,2.110442588926033924e-01,2.515545332548251301e-01,3.034581759165670967e-01,3.899496705570542621e-01,5.706105075898307843e-01
2.098378701773060406e-01,1.999644764390638152e-01,1.310834018098663012e-01,1.000000000000000000e+00,1.330967430301512877e-01,1.602962137187250368e-03,-6.014151004039540449e-02,-1.977839964589515054e-01,1.611025116813060432e-01,2.811199255097024050e-02,-9.543605696114899894e-02,1.748598034162330839e-01,2.667832319461377888e-01,1.959919678178207170e-01,-2.906923969869661117e-02,1.270678569252904067e-01,-9.992020981654772815e-02,1.781792798063757677e-01,2.989868580486041306e-03,3.147525457557582285e-01,1.913760059420564763e-01,2.877933177535370035e-01,1.859081514311844707e-01,3.958598151909113044e-02,1.628547414821730210e-01,-1.623687132412572065e-01,7.281931714695702440e-02,2.927125362021917171e-02,1.380848687365380800e-01,-1.379566621202058252e-01,2.478066485342472758e-02,4.703434508311739315e-02,-2.651642323985436631e-02,2.490894997413681256e-01,1.263691894065856747e-01,1.632076815670944481e-01,1.369284963074930972e-01,9.152174292892845120e-02,1.380702374445141600e-01
4.057678674259416196e-01,2.031896496822919451e-01,6.865528631851521846e-01,1.330967430301512877e-01,1.000000000000000000e+00,-1.214936689786509094e-01,-5.866040236503070916e-03,-4.621798871209607529e-01,3.415427264095383664e-01,6.257883054639891141e-01,9.880033038284556646e-02,1.336591301049515623e-01,4.777507992469860465e-01,3.205065288893522712e-01,4.312636766245120379e-01,4.364560743947984989e-01,-1.280383572561021865e-01,6.975175404365069332e-01,5.434201342380153843e-01,1.667419832355062637e-01,4.412671949067747956e-01,1.848863930482701201e-01,4.665634407547863405e-01,2.762935805046205506e-01,5.679430556967761667e-01,8.946478322377794667e-02,3.862728111329989666e-02,1.729936518114850719e-01,1.908337147323788952e-01,2.851378410328856972e-01,5.030160533350197874e-04,1.865664258164009548e-01,4.225097561265049873e-01,1.139957867221697008e-01,1.807690229475919508e-01,2.719041469561367941e-01,1.723567527722809078e-01,5.579986283645046452e-01,6.979077297624489695e-01
1.186228417368714455e-01,2.828588624209590896e-01,1.297028260393204846e-01,1.602962137187250368e-03,-1.214936689786509094e-01,1.000000000000000000e+00,-1.831793479047731377e-01,-1.426497488044254913e-01,3.336801411903470571e-01,9.277891255499661274e-03,6.368310147175386682e-01,3.574560539943198445e-01,1.985359042612679439e-02,5.269190835581424315e-01,7.083764424515516522e-02,1.135910381247755424e-01,6.763612829551008954e-01,2.037747601420285964e-02,-9.670777076985156984e-02,3.883550531939065076e-01,1.718042653366585182e-01,2.858132032645466780e-01,2.938334478023311713e-01,2.830916052738091659e-01,2.362272855886194192e-02,2.260642052441205752e-01,3.863987429326072309e-01,1.599681983625025339e-01,3.409017513813643596e-01,3.376247089096516274e-01,2.954544088187503470e-01,5.416049740792872047e-01,-1.214807254229460232e-01,2.049283625686939003e-01,2.847272129549647812e-01,-1.066178441820706674e-01,4.086765347577983598e-01,-3.545559822121402971e-01,-1.741525930558313895e-01
-2.525072218146363068e-01,-3.850046519469059181e-01,-7.341957351986981573e-02,-6.014151004039540449e-02,-5.866040236503070916e-03,-1.831793479047731377e-01,1.000000000000000000e+00,2.123155939651507063e-01,-3.629793048069894779e-01,1.474343010792419917e-01,-8.870062852293653100e-02,-3.598839236234349648e-01,-1.416038569967107696e-01,-3.083991226430175536e-01,-9.878651595371593097e-02,1.086117035028010408e-01,-1.393364846576472249e-01,-1.157555586443804879e-01,1.470482192287527468e-01,-3.903280843632673802e-01,-6.473978259508975965e-03,-1.757049495863697020e-01,-1.973326806484197449e-01,-2.479139677278164311e-01,-1.918275791051879675e-01,1.969322794288479728e-01,-1.388991995770240129e-01,2.500944839116556739e-01,-2.741387299669564848e-01,1.527453355431308835e-01,1.190586573113231461e-01,-2.066716334022175305e-01,3.769941188063538062e-01,-4.161488481138185258e-01,-2.908471547319169681e-01,-1.983737683995261125e-01,-2.677888845816056018e-01,1.640138580358368459e-01,-3.493712441549257086e-02
-2.621239523486069145e-01,-3.249382596206071283e-01,-7.617989160975824348e-01,-1.977839964589515054e-01,-4.621798871209607529e-01,-1.426497488044254913e-01,2.123155939651507063e-01,1.000000000000000000e+00,-4.292995766055281992e-01,-3.870555166526405411e-01,-2.375736435293527293e-01,-2.470646048721212851e-01,-3.714170238557866766e-01,-3.877861657924454031e-01,-3.078214380391436356e-01,-3.892247440155680582e-01,-1.540646113866908640e-01,-4.489513511372616450e-01,-3.553439594473372654e-01,-4.332545216792981213e-01,-5.625862292398644549e-01,-4.908029271402399307e-01,-4.466150700538680796e-01,-2.873887894653450736e-01,-4.251073170557747027e-01,-6.376539469058349618e-02,-1.010500672012777934e-01,-3.436578867545302986e-03,-2.118682414656337387e-01,-2.517897784592940114e-01,8.709798498143403456e-02,-2.752603143778717398e-01,-2.294257976941156130e-01,-1.108098673711369608e-01,-1.868723587007781184e-01,-2.372998882172457358e-01,-2.720405665293104125e-01,-2.325508288193287032e-01,-4.206904533859633921e-01
5.628650415590461531e-01,7.032771461341077446e-01,4.962800011271073508e-01,1.611025116813060432e-01,3.415427264095383664e-01,3.336801411903470571e-01,-3.629793048069894779e-01,-4.292995766055281992e-01,1.000000000000000000e+00,1.259379368058096416e-01,2.891555118695091076e-01,3.405089114292054187e-01,4.197906480526885642e-01,6.137173436686023109e-01,1.084914150491294582e-01,1.106915571813413546e-01,2.982531054628068112e-01,4.968061851332733481e-01,2.279327047661273628e-02,5.458285763489374443e-01,3.542906012882493516e-01,4.303993105166039057e-01,3.599014959688088822e-01,4.808562909659375717e-01,4.198993595381621535e-01,-6.063280506998071015e-03,3.611890463162840126e-01,4.801268769362568301e-02,5.203404636430237762e-01,3.564422984361200197e-01,1.597936816275551675e-01,5.666840146180871507e-01,7.507860180675041649e-03,6.892509107560478299e-01,5.938003980930017800e-01,3.819637989753020824e-01,6.061172506689134210e-01,2.600053593059566959e-01,4.540412120915969796e-01
1.119598331420276344e-01,-3.528750428272569954e-03,5.147603301313541380e-01,2.811199255097024050e-02,6.257883054639891141e-01,9.277891255499661274e-03,1.474343010792419917e-01,-3.870555166526405411e-01,1.259379368058096416e-01,1.000000000000000000e+00,3.754597798054203350e-01,2.570069662363226315e-01,3.162175752914753168e-01,2.687496326118701817e-01,5.892551661075601244e-01,6.810190769832246138e-01,6.518763530086482683e-02,5.136270176629265105e-01,7.604603414008886952e-01,1.878876842736410535e-01,3.743377030458280852e-01,2.919523653953697839e-01,5.003494190766759608e-01,9.765712910443864747e-02,4.570132220296762027e-01,3.704702794600001625e-01,3.671436006180299472e-02,2.866727166360402701e-01,-3.100703040066680669e-03,4.992344698447861995e-01,6.873459836707873638e-02,5.542289998101503079e-02,2.874591690366757324e-01,-1.587057347667597262e-01,-5.382065244595480441e-02,3.984554116249028333e-02,5.191468961432947442e-03,5.522736108311095959e-01,6.039113270633357233e-01
6.719310980602788419e-02,2.243585553278339140e-01,2.593771028731522987e-01,-9.543605696114899894e-02,9.880033038284556646e-02,6.368310147175386682e-01,-8.870062852293653100e-02,-2.375736435293527293e-01,2.891555118695091076e-01,3.754597798054203350e-01,1.000000000000000000e+00,5.524069067744752370e-01,1.550730899699925280e-01,5.798049190380646367e-01,5.192650683732003003e-01,4.991068511000175678e-01,6.961526892041715042e-01,1.658572021064352586e-01,2.334728901118282574e-01,4.689663888744671216e-01,2.062435537832207066e-01,3.435081969435016536e-01,4.286299848094364817e-01,1.348494829027171993e-01,2.358876979930099593e-01,5.745017337371777222e-01,4.498294893655856441e-01,4.501942849698948312e-01,2.037781745123092569e-01,5.807143545632553749e-01,3.544835846630251530e-01,4.836870711135259904e-01,-4.275993934775695199e-02,9.538942333616889924e-02,9.509842369055890310e-02,-1.455475160908818733e-01,2.229964597183773933e-01,4.065627816384985264e-03,4.413271966229691257e-02
8.720082148645907916e-02,3.954967921134449615e-01,1.858437577880991676e-01,1.748598034162330839e-01,1.336591301049515623e-01,3.574560539943198445e-01,-3.598839236234349648e-01,-2.470646048721212851e-01,3.405089114292054187e-01,2.570069662363226315e-01,5.524069067744752370e-01,1.000000000000000000e+00,2.231073900353760242e-01,5.838020162394970125e-01,5.556022409943160989e-01,3.280891547482461257e-01,3.561090694464484341e-01,2.111725864626155802e-01,2.095645057425506441e-01,6.724957525024692906e-01,1.346295792804963198e-01,5.476768135628830025e-01,3.671549495335172941e-01,1.871473346760302303e-01,3.027860885170862715e-01,3.906584892783028784e-01,4.810875385579251318e-01,2.447974938880415618e-01,1.952760474099496657e-01,2.291950755002235551e-01,2.773799120303714338e-01,2.549699892623327191e-01,-3.876583861668913555e-01,3.630513604616991685e-01,1.964578190238552846e-01,-1.328252462830847580e-01,2.390549131719263698e-01,-1.138149537114295853e-02,1.306635927287525534e-01
6.422850303201013134e-01,5.264226881530064128e-01,4.264506673802415104e-01,2.667832319461377888e-01,4.777507992469860465e-01,1.985359042612679439e-02,-1.416038569967107696e-01,-3.714170238557866766e-01,4.197906480526885642e-01,3.162175752914753168e-01,1.550730899699925280e-01,2.231073900353760242e-01,1.000000000000000000e+00,4.475011368087999930e-01,3.124061392463582942e-01,2.867517922383661100e-01,-7.260576111169400604e-02,5.983009756893583608e-01,3.862700001667802030e-01,5.447280360626917117e-01,3.607368265580465638e-01,3.895600992111015737e-01,5.545652473921055536e-01,3.516532019673246912e-01,6.656389722573472500e-01,-5.420717603443010735e-02,1.220750203728148409e-01,-2.629645740942382001e-02,4.471858972153149869e-01,3.547012205034859311e-02,-1.079153319371191216e-01,2.661386856736828732e-01,8.913756266509391402e-02,3.631211698661607756e-01,3.714493702478450787e-01,4.432955649310444390e-01,3.605396272913323208e-01,4.472144914867703935e-01,6.375628381256682742e-01
4.892856924204954661e-01,6.429397688179355752e-01,4.488382980744764494e-01,1.959919678178207170e-01,3.205065288893522712e-01,5.269190835581424315e-01,-3.083991226430175536e-01,-3.877861657924454031e-01,6.137173436686023109e-01,2.687496326118701817e-01,5.798049190380646367e-01,5.838020162394970125e-01,4.475011368087999930e-01,1.000000000000000000e+00,3.940952049242799071e-01,3.959559553248789832e-01,5.126153789017091622e-01,4.806804213908678070e-01,1.550644688617645595e-01,6.704338903968738439e-01,3.940031567848705230e-01,5.714469436282330062e-01,6.250768999690990979e-01,4.870578961854953315e-01,5.336462475932129967e-01,3.815214118891489536e-01,6.311239942805392245e-01,3.108664704035524751e-01,5.467018147668183392e-01,3.950152111354446327e-01,3.605878686699257596e-01,6.112977341844921808e-01,-1.021206081853470553e-02,4.783469210177352937e-01,4.941180629409393510e-01,2.557615357895248742e-01,5.631973241217380632e-01,1.149517119974396984e-01,2.812139819994289858e-01
2.929630470845696888e-02,1.000467475328207234e-01,4.026651618336593574e-01,-2.906923969869661117e-02,4.312636766245120379e-01,7.083764424515516522e-02,-9.878651595371593097e-02,-3.078214380391436356e-01,1.084914150491294582e-01,5.892551661075601244e-01,5.192650683732003003e-01,5.556022409943160989e-01,3.124061392463582942e-01,3.940952049242799071e-01,1.000000000000000000e+00,7.036013621707521981e-01,2.096266360685934971e-01,4.186017508014862609e-01,6.032380111832102987e-01,3.793922763921931396e-01,2.671702859102796923e-01,3.299375089390521598e-01,4.493221165470276390e-01,4.360550832119996362e-02,4.126957266430119620e-01,5.403904583024116137e-01,1.344773790811742697e-01,3.922203335688517756e-01,-6.172823782306022938e-02,2.715065610832695930e-01,3.166372917773468271e-02,3.331034188562388698e-02,2.033936866517346842e-02,-3.483217345449226426e-02,-8.466410576720986847e-02,-1.273321165760636642e-01,7.419950252410511572e-03,3.677113764768631943e-01,3.698138534507124375e-01
2.294164374473840751e-02,2.493109560563134749e-02,5.017500055171532081e-01,1.270678569252904067e-01,4.364560743947984989e-01,1.135910381247755424e-01,1.086117035028010408e-01,-3.892247440155680582e-01,1.106915571813413546e-01,6.810190769832246138e-01,4.991068511000175678e-01,3.280891547482461257e-01,2.867517922383661100e-01,3.959559553248789832e-01,7.036013621707521981e-01,1.000000000000000000e+00,3.414924864335970867e-01,4.467883230238299808e-01,5.959644814839587523e-01,2.648758960236695104e-01,3.718920940161016819e-01,3.656205520798368469e-01,5.038353436610875091e-01,2.787601860888614530e-02,3.465087236979305096e-01,6.452532813132847433e-01,9.220141594804588669e-02,5.736493784136134089e-01,-9.181764611778416019e-02,4.732560496762314717e-01,3.969874133116210735e-02,9.222160645193365480e-02,2.683546697576750795e-01,-1.576047203173569500e-01,-1.871524443765386903e-01,-1.141609921218719875e-01,-2.742376383555746033e-02,4.186653901884664908e-01,3.354008222948969276e-01
-3.326064347205245908e-02,2.146042141657473756e-01,1.747424736182740246e-01,-9.992020981654772815e-02,-1.280383572561021865e-01,6.763612829551008954e-01,-1.393364846576472249e-01,-1.540646113866908640e-01,2.982531054628068112e-01,6.518763530086482683e-02,6.961526892041715042e-01,3.561090694464484341e-01,-7.260576111169400604e-02,5.126153789017091622e-01,2.096266360685934971e-01,3.414924864335970867e-01,1.000000000000000000e+00,2.502263487274349399e-02,-5.938778283314780082e-02,3.031109424776664008e-01,1.380069633553282216e-01,2.595266733393447600e-01,2.420935162414479813e-01,1.405455651845297638e-01,-4.236316447029041948e-02,5.189054425395450698e-01,4.154524055093095081e-01,4.010216258885807572e-01,2.168017141575335205e-01,5.488838694202068380e-01,3.061784015945498427e-01,4.711579227497898481e-01,-4.835468787099846816e-02,1.069500259459832264e-01,2.412307772488552632e-02,-2.077869585697016963e-01,2.055180090462294662e-01,-2.066209639456479119e-01,-2.083654097197017163e-01
5.310363503650809003e-01,3.940492691278419946e-01,6.894020746250937304e-01,1.781792798063757677e-01,6.975175404365069332e-01,2.037747601420285964e-02,-1.157555586443804879e-01,-4.489513511372616450e-01,4.968061851332733481e-01,5.136270176629265105e-01,1.658572021064352586e-01,2.111725864626155802e-01,5.983009756893583608e-01,4.806804213908678070e-01,4.186017508014862609e-01,4.467883230238299808e-01,2.502263487274349399e-02,1.000000000000000000e+00,5.831225039195923054e-01,3.658956136551174687e-01,5.452167279924327037e-01,3.660213099304056583e-01,5.763165670489873715e-01,3.540338784555545626e-01,5.957023317878823443e-01,8.160442655088177843e-02,7.288748386114396460e-02,1.253303323581833884e-01,3.247126152258228426e-01,2.908203250853275690e-01,-1.051512538097468669e-01,2.109887156969616484e-01,3.455265467523337963e-01,1.683479801522932418e-01,2.817443951535381075e-01,3.368419204118509036e-01,3.156140929031265863e-01,5.468254837472087404e-01,7.027517056213249402e-01
3.076357857111312530e-03,-7.070440252760656907e-02,4.931594962581657970e-01,2.989868580486041306e-03,5.434201342380153843e-01,-9.670777076985156984e-02,1.470482192287527468e-01,-3.553439594473372654e-01,2.279327047661273628e-02,7.604603414008886952e-01,2.334728901118282574e-01,2.095645057425506441e-01,3.862700001667802030e-01,1.550644688617645595e-01,6.032380111832102987e-01,5.959644814839587523e-01,-5.938778283314780082e-02,5.831225039195923054e-01,1.000000000000000000e+00,2.130975056742648865e-01,3.886327965851980037e-01,2.937087601472789800e-01,4.306005579363295643e-01,8.027258962879577076e-02,3.785012806420577913e-01,2.782211733003376319e-01,-1.841343852722631957e-01,1.292843325653341147e-01,-1.314214285066337140e-01,2.890857757006981554e-01,-2.002962928790851804e-01,-1.863816790102546250e-01,2.488632561666070664e-01,-3.300523603688009233e-01,-1.851463542870305790e-01,-6.720445333491595341e-02,-1.234655533542141220e-01,5.113413578032397488e-01,5.536323371451704611e-01
4.411519406634707430e-01,6.355701653521079741e-01,3.398971408532663330e-01,3.147525457557582285e-01,1.667419832355062637e-01,3.883550531939065076e-01,-3.903280843632673802e-01,-4.332545216792981213e-01,5.458285763489374443e-01,1.878876842736410535e-01,4.689663888744671216e-01,6.724957525024692906e-01,5.447280360626917117e-01,6.704338903968738439e-01,3.793922763921931396e-01,2.648758960236695104e-01,3.031109424776664008e-01,3.658956136551174687e-01,2.130975056742648865e-01,1.000000000000000000e+00,3.179286215878792121e-01,6.399569966827083345e-01,5.322740208789283889e-01,3.458733778569663131e-01,5.047914304016838383e-01,1.485093861419299610e-01,4.632277467227716716e-01,6.275426280012025293e-02,4.279689372500261046e-01,1.495242980208390804e-01,1.846465642919589423e-01,4.246621708865532252e-01,-2.990818029605917250e-01,5.068693424221625277e-01,3.893320472502903029e-01,2.014579502133971023e-01,4.052710410559450249e-01,4.864372659972278357e-02,3.151602854049009306e-01
3.249673283379343469e-01,2.670561495249091366e-01,6.877551168370118484e-01,1.913760059420564763e-01,4.412671949067747956e-01,1.718042653366585182e-01,-6.473978259508975965e-03,-5.625862292398644549e-01,3.542906012882493516e-01,3.743377030458280852e-01,2.062435537832207066e-01,1.346295792804963198e-01,3.607368265580465638e-01,3.940031567848705230e-01,2.671702859102796923e-01,3.718920940161016819e-01,1.380069633553282216e-01,5.452167279924327037e-01,3.886327965851980037e-01,3.179286215878792121e-01,1.000000000000000000e+00,5.913447303517167519e-01,5.197579365934742457e-01,2.662013096018653324e-01,4.967598066554474445e-01,1.151303985154474435e-01,1.790915551264049277e-01,7.338282674530345606e-02,1.816465822784555928e-01,2.856188221839350283e-01,4.913889618505614537e-02,2.848856281024791937e-01,5.890280705653788695e-01,2.956353279440508339e-02,1.830733656157516043e-01,3.316180370760773988e-01,2.249604548329166565e-01,2.329933539076205762e-01,3.973957040831688214e-01
3.063145025850768643e-01,4.945785201741952908e-01,4.424544888077477922e-01,2.877933177535370035e-01,1.848863930482701201e-01,2.858132032645466780e-01,-1.757049495863697020e-01,-4.908029271402399307e-01,4.303993105166039057e-01,2.919523653953697839e-01,3.435081969435016536e-01,5.476768135628830025e-01,3.895600992111015737e-01,5.714469436282330062e-01,3.299375089390521598e-01,3.656205520798368469e-01,2.595266733393447600e-01,3.660213099304056583e-01,2.937087601472789800e-01,6.399569966827083345e-01,5.913447303517167519e-01,1.000000000000000000e+00,5.012801036933224319e-01,2.859603466050028575e-01,4.494096747257237401e-01,2.279963510006794702e-01,4.264568586880647105e-01,1.463612846546128443e-01,2.804701262443028975e-01,2.614356929130607354e-01,2.570805111193916748e-01,3.224416803527839770e-01,1.151016157654941308e-01,2.621547610005890983e-01,2.677693000049878869e-01,2.253621035477268719e-01,3.232194463733312761e-01,1.632713732725650790e-01,2.997587541214824514e-01
4.623841997655410707e-01,4.126848445941858623e-01,5.276218418685368894e-01,1.859081514311844707e-01,4.665634407547863405e-01,2.938334478023311713e-01,-1.973326806484197449e-01,-4.466150700538680796e-01,3.599014959688088822e-01,5.003494190766759608e-01,4.286299848094364817e-01,3.671549495335172941e-01,5.545652473921055536e-01,6.250768999690990979e-01,4.493221165470276390e-01,5.038353436610875091e-01,2.420935162414479813e-01,5.763165670489873715e-01,4.306005579363295643e-01,5.322740208789283889e-01,5.197579365934742457e-01,5.012801036933224319e-01,1.000000000000000000e+00,4.560196530621676292e-01,7.182851592469684521e-01,2.517249328403681208e-01,3.263362511677123101e-01,1.433363311756893632e-01,3.739740235436807003e-01,3.344363641764530604e-01,1.062062650767565258e-01,4.188080742919741417e-01,1.885297078251156055e-01,1.984493230769996119e-01,3.130719149524286982e-01,3.468263561557149433e-01,3.278743043832331727e-01,2.737619280638760033e-01,4.816096073939606925e-01
3.992861316597717258e-01,5.194617830455271479e-01,3.676738350869115379e-01,3.958598151909113044e-02,2.762935805046205506e-01,2.830916052738091659e-01,-2.479139677278164311e-01,-2.873887894653450736e-01,4.808562909659375717e-01,9.765712910443864747e-02,1.348494829027171993e-01,1.871473346760302303e-01,3.516532019673246912e-01,4.870578961854953315e-01,4.360550832119996362e-02,2.787601860888614530e-02,1.405455651845297638e-01,3.540338784555545626e-01,8.027258962879577076e-02,3.458733778569663131e-01,2.662013096018653324e-01,2.859603466050028575e-01,4.560196530621676292e-01,1.000000000000000000e+00,4.757734668933965572e-01,1.507725876205239825e-02,3.379345873023550384e-01,-6.396465258415905131e-02,5.321169760746334854e-01,2.147984488084550558e-01,1.675606582085464868e-01,5.177365833954159502e-01,5.290157099936865920e-02,3.831663509298711690e-01,4.659308124660065942e-01,2.825593791291311496e-01,5.457298684852145421e-01,1.221768818370461834e-01,3.157792578977437481e-01
6.116652789363169473e-01,4.875716970911267434e-01,5.163205252716062121e-01,1.628547414821730210e-01,5.679430556967761667e-01,2.362272855886194192e-02,-1.918275791051879675e-01,-4.251073170557747027e-01,4.198993595381621535e-01,4.570132220296762027e-01,2.358876979930099593e-01,3.027860885170862715e-01,6.656389722573472500e-01,5.336462475932129967e-01,4.126957266430119620e-01,3.465087236979305096e-01,-4.236316447029041948e-02,5.957023317878823443e-01,3.785012806420577913e-01,5.047914304016838383e-01,4.967598066554474445e-01,4.494096747257237401e-01,7.182851592469684521e-01,4.757734668933965572e-01,1.000000000000000000e+00,7.850190199605051877e-02,3.330870820870630578e-01,1.709952221773086353e-02,4.318619405563026148e-01,2.115238106137307117e-01,1.533034599319521019e-01,4.080440997577683415e-01,2.024943514904296027e-01,3.353560699093355857e-01,4.559665559817563385e-01,5.725536298579930738e-01,3.964613095196085624e-01,4.550558761118113082e-01,6.646396995474954661e-01
-2.370271111763662397e-01,-7.144712969722620544e-02,1.492992424258292594e-01,-1.623687132412572065e-01,8.946478322377794667e-02,2.260642052441205752e-01,1.969322794288479728e-01,-6.376539469058349618e-02,-6.063280506998071015e-03,3.704702794600001625e-01,5.745017337371777222e-01,3.906584892783028784e-01,-5.420717603443010735e-02,3.815214118891489536e-01,5.403904583024116137e-01,6.452532813132847433e-01,5.189054425395450698e-01,8.160442655088177843e-02,2.782211733003376319e-01,1.485093861419299610e-01,1.151303985154474435e-01,2.279963510006794702e-01,2.517249328403681208e-01,1.507725876205239825e-02,7.850190199605051877e-02,1.000000000000000000e+00,3.505144135492900270e-01,6.743220560336253833e-01,-8.981347543386128396e-02,5.319383812222452379e-01,2.819544048866355901e-01,1.103649589950178589e-01,8.893631910906392435e-02,-1.492223683697471159e-01,-2.492078375972216209e-01,-3.590972455458493195e-01,-6.859523926380166337e-02,9.638101385956250600e-02,-8.013915425314614704e-02
3.134398210745548696e-01,5.005143396645264087e-01,1.258496977182321508e-01,7.281931714695702440e-02,3.862728111329989666e-02,3.863987429326072309e-01,-1.388991995770240129e-01,-1.010500672012777934e-01,3.611890463162840126e-01,3.671436006180299472e-02,4.498294893655856441e-01,4.810875385579251318e-01,1.220750203728148409e-01,6.311239942805392245e-01,1.344773790811742697e-01,9.220141594804588669e-02,4.154524055093095081e-01,7.288748386114396460e-02,-1.841343852722631957e-01,4.632277467227716716e-01,1.790915551264049277e-01,4.264568586880647105e-01,3.263362511677123101e-01,3.379345873023550384e-01,3.330870820870630578e-01,3.505144135492900270e-01,1.000000000000000000e+00,3.616296977524973699e-01,4.425064571122180879e-01,3.351606054345240282e-01,7.680406300046247470e-01,6.378394008311357721e-01,-5.903669725979734939e-02,4.507204225028502154e-01,4.321883060958605083e-01,2.094902826072019830e-01,4.332877012997901067e-01,-5.849341040350210241e-02,1.576088006262022986e-02
-7.168192609624342293e-02,2.865882719049863900e-02,1.384327193997778871e-01,2.927125362021917171e-02,1.729936518114850719e-01,1.599681983625025339e-01,2.500944839116556739e-01,-3.436578867545302986e-03,4.801268769362568301e-02,2.866727166360402701e-01,4.501942849698948312e-01,2.447974938880415618e-01,-2.629645740942382001e-02,3.108664704035524751e-01,3.922203335688517756e-01,5.736493784136134089e-01,4.010216258885807572e-01,1.253303323581833884e-01,1.292843325653341147e-01,6.275426280012025293e-02,7.338282674530345606e-02,1.463612846546128443e-01,1.433363311756893632e-01,-6.396465258415905131e-02,1.709952221773086353e-02,6.743220560336253833e-01,3.616296977524973699e-01,1.000000000000000000e+00,-7.766677847598926765e-02,4.264553330810426646e-01,4.394173837984645115e-01,2.105786403540145513e-01,2.099565092230000762e-01,-2.483698000861506508e-02,-1.288680885330028836e-01,-2.342347925292698751e-01,-4.716664023932089569e-03,2.021397789374254073e-01,1.084336025457477773e-02
6.657168909502610976e-01,6.435905405639040788e-01,2.221340468418998848e-01,1.380848687365380800e-01,1.908337147323788952e-01,3.409017513813643596e-01,-2.741387299669564848e-01,-2.118682414656337387e-01,5.203404636430237762e-01,-3.100703040066680669e-03,2.037781745123092569e-01,1.952760474099496657e-01,4.471858972153149869e-01,5.467018147668183392e-01,-6.172823782306022938e-02,-9.181764611778416019e-02,2.168017141575335205e-01,3.247126152258228426e-01,-1.314214285066337140e-01,4.279689372500261046e-01,1.816465822784555928e-01,2.804701262443028975e-01,3.739740235436807003e-01,5.321169760746334854e-01,4.318619405563026148e-01,-8.981347543386128396e-02,4.425064571122180879e-01,-7.766677847598926765e-02,1.000000000000000000e+00,1.251244412824359387e-01,2.230867484524369782e-01,5.937540621119534734e-01,-3.657068439031205959e-02,5.343647676348457498e-01,5.956652526484079724e-01,5.035800955043584493e-01,6.970675019471410661e-01,1.102408313444431381e-01,2.800762209463881769e-01
6.526566100488080668e-02,1.150305176133855356e-01,4.093084249338029279e-01,-1.379566621202058252e-01,2.851378410328856972e-01,3.376247089096516274e-01,1.527453355431308835e-01,-2.517897784592940114e-01,3.564422984361200197e-01,4.992344698447861995e-01,5.807143545632553749e-01,2.291950755002235551e-01,3.547012205034859311e-02,3.950152111354446327e-01,2.715065610832695930e-01,4.732560496762314717e-01,5.488838694202068380e-01,2.908203250853275690e-01,2.890857757006981554e-01,1.495242980208390804e-01,2.856188221839350283e-01,2.614356929130607354e-01,3.344363641764530604e-01,2.147984488084550558e-01,2.115238106137307117e-01,5.319383812222452379e-01,3.351606054345240282e-01,4.264553330810426646e-01,1.251244412824359387e-01,1.000000000000000000e+00,3.484905749503239281e-01,4.397446443056106102e-01,2.691676295563428800e-01,2.871826028006465442e-02,4.975756577874122788e-02,-4.725611611165451975e-02,1.538474549095459054e-01,2.894388909153149392e-01,2.491777453572481815e-01
1.532031706239102564e-01,2.542051007379532712e-01,-1.556813088870104278e-02,2.478066485342472758e-02,5.030160533350197874e-04,2.954544088187503470e-01,1.190586573113231461e-01,8.709798498143403456e-02,1.597936816275551675e-01,6.873459836707873638e-02,3.544835846630251530e-01,2.773799120303714338e-01,-1.079153319371191216e-01,3.605878686699257596e-01,3.166372917773468271e-02,3.969874133116210735e-02,3.061784015945498427e-01,-1.051512538097468669e-01,-2.002962928790851804e-01,1.846465642919589423e-01,4.913889618505614537e-02,2.570805111193916748e-01,1.062062650767565258e-01,1.675606582085464868e-01,1.533034599319521019e-01,2.819544048866355901e-01,7.680406300046247470e-01,4.394173837984645115e-01,2.230867484524369782e-01,3.484905749503239281e-01,1.000000000000000000e+00,5.371384659595684896e-01,3.659182670131599230e-02,2.571950597515914594e-01,2.436542467043441296e-01,7.634641936341951540e-02,2.133574420695293072e-01,1.900729854163064197e-02,-6.697022229443525335e-03
5.210124619191101036e-01,5.963942749759261197e-01,3.531070248785810883e-01,4.703434508311739315e-02,1.865664258164009548e-01,5.416049740792872047e-01,-2.066716334022175305e-01,-2.752603143778717398e-01,5.666840146180871507e-01,5.542289998101503079e-02,4.836870711135259904e-01,2.549699892623327191e-01,2.661386856736828732e-01,6.112977341844921808e-01,3.331034188562388698e-02,9.222160645193365480e-02,4.711579227497898481e-01,2.109887156969616484e-01,-1.863816790102546250e-01,4.246621708865532252e-01,2.848856281024791937e-01,3.224416803527839770e-01,4.188080742919741417e-01,5.177365833954159502e-01,4.080440997577683415e-01,1.103649589950178589e-01,6.378394008311357721e-01,2.105786403540145513e-01,5.937540621119534734e-01,4.397446443056106102e-01,5.371384659595684896e-01,1.000000000000000000e+00,9.785276313295337980e-02,4.937462305747789548e-01,5.760765803340667235e-01,3.561768673693631593e-01,6.444617794026086255e-01,2.366463213891895068e-02,1.911828435284758099e-01
1.314275618745647523e-01,-1.325204386271719159e-01,4.631319697947611225e-01,-2.651642323985436631e-02,4.225097561265049873e-01,-1.214807254229460232e-01,3.769941188063538062e-01,-2.294257976941156130e-01,7.507860180675041649e-03,2.874591690366757324e-01,-4.275993934775695199e-02,-3.876583861668913555e-01,8.913756266509391402e-02,-1.021206081853470553e-02,2.033936866517346842e-02,2.683546697576750795e-01,-4.835468787099846816e-02,3.455265467523337963e-01,2.488632561666070664e-01,-2.990818029605917250e-01,5.890280705653788695e-01,1.151016157654941308e-01,1.885297078251156055e-01,5.290157099936865920e-02,2.024943514904296027e-01,8.893631910906392435e-02,-5.903669725979734939e-02,2.099565092230000762e-01,-3.657068439031205959e-02,2.691676295563428800e-01,3.659182670131599230e-02,9.785276313295337980e-02,1.000000000000000000e+00,-2.896769466333976029e-01,-6.313228418219113403e-02,2.335468796669527836e-01,-2.787145774182949245e-02,3.159366145197792797e-01,2.430443943601971468e-01
5.576808970753699413e-01,6.954145919204599569e-01,9.262712223525076949e-02,2.490894997413681256e-01,1.139957867221697008e-01,2.049283625686939003e-01,-4.161488481138185258e-01,-1.108098673711369608e-01,6.892509107560478299e-01,-1.587057347667597262e-01,9.538942333616889924e-02,3.630513604616991685e-01,3.631211698661607756e-01,4.783469210177352937e-01,-3.483217345449226426e-02,-1.576047203173569500e-01,1.069500259459832264e-01,1.683479801522932418e-01,-3.300523603688009233e-01,5.068693424221625277e-01,2.956353279440508339e-02,2.621547610005890983e-01,1.984493230769996119e-01,3.831663509298711690e-01,3.353560699093355857e-01,-1.492223683697471159e-01,4.507204225028502154e-01,-2.483698000861506508e-02,5.343647676348457498e-01,2.871826028006465442e-02,2.571950597515914594e-01,4.937462305747789548e-01,-2.896769466333976029e-01,1.000000000000000000e+00,6.235575720745436534e-01,4.022304568536713143e-01,5.517036750486985497e-01,6.393000534402390467e-02,2.465065780941789464e-01
6.287965853877363065e-01,6.253073624790520535e-01,2.110442588926033924e-01,1.263691894065856747e-01,1.807690229475919508e-01,2.847272129549647812e-01,-2.908471547319169681e-01,-1.868723587007781184e-01,5.938003980930017800e-01,-5.382065244595480441e-02,9.509842369055890310e-02,1.964578190238552846e-01,3.714493702478450787e-01,4.941180629409393510e-01,-8.466410576720986847e-02,-1.871524443765386903e-01,2.412307772488552632e-02,2.817443951535381075e-01,-1.851463542870305790e-01,3.893320472502903029e-01,1.830733656157516043e-01,2.677693000049878869e-01,3.130719149524286982e-01,4.659308124660065942e-01,4.559665559817563385e-01,-2.492078375972216209e-01,4.321883060958605083e-01,-1.288680885330028836e-01,5.956652526484079724e-01,4.975756577874122788e-02,2.436542467043441296e-01,5.760765803340667235e-01,-6.313228418219113403e-02,6.235575720745436534e-01,1.000000000000000000e+00,5.512332850802323936e-01,7.938784956306408347e-01,1.097161915406090066e-01,3.011950706105712139e-01
7.080945642691595099e-01,5.215806190478684545e-01,2.515545332548251301e-01,1.632076815670944481e-01,2.719041469561367941e-01,-1.066178441820706674e-01,-1.983737683995261125e-01,-2.372998882172457358e-01,3.819637989753020824e-01,3.984554116249028333e-02,-1.455475160908818733e-01,-1.328252462830847580e-01,4.432955649310444390e-01,2.557615357895248742e-01,-1.273321165760636642e-01,-1.141609921218719875e-01,-2.077869585697016963e-01,3.368419204118509036e-01,-6.720445333491595341e-02,2.014579502133971023e-01,3.316180370760773988e-01,2.253621035477268719e-01,3.468263561557149433e-01,2.825593791291311496e-01,5.725536298579930738e-01,-3.590972455458493195e-01,2.094902826072019830e-01,-2.342347925292698751e-01,5.035800955043584493e-01,-4.725611611165451975e-02,7.634641936341951540e-02,3.561768673693631593e-01,2.335468796669527836e-01,4.022304568536713143e-01,5.512332850802323936e-01,1.000000000000000000e+00,4.487103668643979693e-01,3.175627814799827364e-01,4.331829907568964244e-01
5.580444349905101520e-01,6.329535193884860966e-01,3.034581759165670967e-01,1.369284963074930972e-01,1.723567527722809078e-01,4.086765347577983598e-01,-2.677888845816056018e-01,-2.720405665293104125e-01,6.061172506689134210e-01,5.191468961432947442e-03,2.229964597183773933e-01,2.390549131719263698e-01,3.605396272913323208e-01,5.631973241217380632e-01,7.419950252410511572e-03,-2.742376383555746033e-02,2.055180090462294662e-01,3.156140929031265863e-01,-1.234655533542141220e-01,4.052710410559450249e-01,2.249604548329166565e-01,3.232194463733312761e-01,3.278743043832331727e-01,5.457298684852145421e-01,3.964613095196085624e-01,-6.859523926380166337e-02,4.332877012997901067e-01,-4.716664023932089569e-03,6.970675019471410661e-01,1.538474549095459054e-01,2.133574420695293072e-01,6.444617794026086255e-01,-2.787145774182949245e-02,5.517036750486985497e-01,7.938784956306408347e-01,4.487103668643979693e-01,1.000000000000000000e+00,1.259895474098237655e-01,2.555278449383956429e-01
3.578280947023020353e-01,1.362773635982724718e-01,3.899496705570542621e-01,9.152174292892845120e-02,5.579986283645046452e-01,-3.545559822121402971e-01,1.640138580358368459e-01,-2.325508288193287032e-01,2.600053593059566959e-01,5.522736108311095959e-01,4.065627816384985264e-03,-1.138149537114295853e-02,4.472144914867703935e-01,1.149517119974396984e-01,3.677113764768631943e-01,4.186653901884664908e-01,-2.066209639456479119e-01,5.468254837472087404e-01,5.113413578032397488e-01,4.864372659972278357e-02,2.329933539076205762e-01,1.632713732725650790e-01,2.737619280638760033e-01,1.221768818370461834e-01,4.550558761118113082e-01,9.638101385956250600e-02,-5.849341040350210241e-02,2.021397789374254073e-01,1.102408313444431381e-01,2.894388909153149392e-01,1.900729854163064197e-02,2.366463213891895068e-02,3.159366145197792797e-01,6.393000534402390467e-02,1.097161915406090066e-01,3.175627814799827364e-01,1.259895474098237655e-01,1.000000000000000000e+00,7.445049191379764508e-01
5.631818733055039550e-01,3.814646788425215540e-01,5.706105075898307843e-01,1.380702374445141600e-01,6.979077297624489695e-01,-1.741525930558313895e-01,-3.493712441549257086e-02,-4.206904533859633921e-01,4.540412120915969796e-01,6.039113270633357233e-01,4.413271966229691257e-02,1.306635927287525534e-01,6.375628381256682742e-01,2.812139819994289858e-01,3.698138534507124375e-01,3.354008222948969276e-01,-2.083654097197017163e-01,7.027517056213249402e-01,5.536323371451704611e-01,3.151602854049009306e-01,3.973957040831688214e-01,2.997587541214824514e-01,4.816096073939606925e-01,3.157792578977437481e-01,6.646396995474954661e-01,-8.013915425314614704e-02,1.576088006262022986e-02,1.084336025457477773e-02,2.800762209463881769e-01,2.491777453572481815e-01,-6.697022229443525335e-03,1.911828435284758099e-01,2.430443943601971468e-01,2.465065780941789464e-01,3.011950706105712139e-01,4.331829907568964244e-01,2.555278449383956429e-01,7.445049191379764508e-01,1.000000000000000000e+00
