1.000000000000000000e+00,7.918963635783807797e-01,3.859628659673356998e-01,-1.185161727295186013e-01,6.139899444655176897e-01,3.167954330008755370e-01,-1.512322197365022769e-01,-2.508205948712179945e-01,7.414321518190549742e-01,7.439861031666443747e-01,2.872572154332928562e-01,3.886304762526056056e-01,2.676073634161417192e-01,6.159983757985696418e-01,2.170189458285440853e-01,7.942495328370203778e-01,3.309130025314565571e-01,5.298418392838133428e-01,5.232874511127398875e-01,1.541429264565936930e-01,-4.308107935580636205e-01,4.941296155805759427e-01,5.376770305994361676e-01,4.539329335062928794e-01,4.384533663539343928e-01,6.756997035474721081e-01,6.366313325748687024e-01,4.566364722720678282e-01,7.872190587474717782e-01,8.338011531704506707e-01,5.052856303142400085e-01,3.845764524242990534e-01,3.790812801625722539e-01,3.578307877959810979e-01,4.084443264789697214e-01,4.284765421747462888e-01,5.502254256661753828e-01,7.527643338640851445e-01,4.407611675109335825e-01
7.918963635783807797e-01,1.000000000000000000e+00,4.239725163902505201e-01,-2.157290118071087670e-01,5.628108413522828757e-01,3.985846000263166267e-01,-3.037096839183544561e-01,-2.321188368669345470e-01,8.103728136948127325e-01,7.507151964100788888e-01,4.518538930902487039e-01,6.531476058028133913e-01,3.781979518079164326e-01,6.770194864104313037e-01,-1.745456198613806742e-01,8.591976327930315183e-01,4.229157380577093783e-01,3.804478730177111023e-01,5.336446345231559141e-01,-1.102463389291769430e-01,-5.403525607169057388e-01,5.638718555496687879e-01,6.087995652984714567e-01,6.147674926239595772e-01,5.688906336808867703e-01,4.586091228564573297e-01,7.822954739477467889e-01,1.468227965946288793e-01,6.728066905858401947e-01,7.311121889681718722e-01,7.215066869867468036e-01,6.997300789824288936e-01,3.624531700632622200e-01,2.306237663598627030e-01,4.292929778984874711e-01,4.808871277290983071e-01,6.291346432702700220e-01,4.758539586500767915e-01,6.202199896344630092e-01
3.859628659673356998e-01,4.239725163902505201e-01,1.000000000000000000e+00,-1.849980363904237257e-01,7.443995609898065302e-01,4.737357027194041281e-01,-3.034206464996240249e-01,-8.277567811982672330e-01,7.211339755396500850e-01,6.547443267349678520e-01,5.691462966613632934e-01,4.893283497327121645e-01,5.139083353993222358e-01,7.239601742646158966e-01,-1.590409941349794909e-01,5.667390043608012684e-01,6.348502446183801329e-01,2.371568708290766325e-01,6.782208423817049914e-01,1.715048280287397031e-01,-3.359739191503524625e-01,7.482063204437225945e-01,5.717192856455198813e-01,5.848288717204549458e-01,7.210633540560029697e-01,6.065566101040447133e-01,6.061672262973638592e-01,5.844513703051164022e-01,5.480697987251581527e-01,4.894235429431902373e-01,7.129525935020689653e-01,2.423545461184221372e-01,7.164239313546922894e-01,4.064598607947784714e-01,5.755633142525925505e-01,6.116983172892122012e-01,6.885831078989314014e-01,3.783628914218404304e-01,6.775140347971492227e-01
-1.185161727295186013e-01,-2.157290118071087670e-01,-1.849980363904237257e-01,1.000000000000000000e+00,-3.411782212567498248e-03,-2.514639696334488028e-01,6.656367871760545674e-01,4.975974576666938182e-02,-2.403832912304543767e-01,-1.312539615576695795e-01,-2.095098659929894580e-01,-2.748733665773018253e-01,-2.475324055331003803e-01,-2.657891856831536836e-01,-3.061424402879197454e-02,-1.960957814272551725e-01,-1.912933374701643596e-01,2.033553499761741323e-01,1.823875813945343219e-02,1.133366418606597259e-01,2.803899255310873251e-01,-2.278721673166234918e-01,-1.691883965581612859e-01,-4.267703149836455934e-01,-1.803691520877635790e-01,-1.638256862186386609e-01,-2.255892276005431740e-01,8.671662722723794126e-02,-1.895395054797334444e-01,-3.191211350158498772e-02,-2.819080883712877239e-01,-2.260547157076929770e-01,-1.343147617782367576e-01,-5.615976921045323297e-03,-2.418067486110145881e-01,-5.455990543108112101e-02,-2.874519608437074436e-01,-6.064268389081646504e-02,-1.943975301251682775e-01
6.139899444655176897e-01,5.628108413522828757e-01,7.443995609898065302e-01,-3.411782212567498248e-03,1.000000000000000000e+00,2.889826540709080627e-01,-1.685568517775982711e-01,-7.006728998190921986e-01,7.353384860338850748e-01,7.186600951493835598e-01,3.151022843521456562e-01,4.043311638167595978e-01,2.652494102224108308e-01,6.058168135054077252e-01,5.898786437155996432e-02,6.759620113987185874e-01,4.400078597680956993e-01,6.792934041306890602e-01,7.632840060460839293e-01,1.278249578912904472e-01,-2.424758032362220872e-01,5.809639222399116676e-01,6.378247669799407271e-01,5.351066638228416661e-01,5.699433092146474200e-01,5.712041980508023586e-01,5.560338100987901599e-01,5.784607189836868946e-01,5.600387122304737453e-01,6.955351155395769203e-01,5.533499030192303714e-01,3.474970377176385683e-01,4.692419570667443196e-01,5.948061167564557827e-01,3.288831444380013180e-01,4.945731521659972874e-01,5.141088989462383463e-01,5.830067662864645284e-01,5.470920857761569778e-01
3.167954330008755370e-01,3.985846000263166267e-01,4.737357027194041281e-01,-2.514639696334488028e-01,2.889826540709080627e-01,1.000000000000000000e+00,-3.183199692350440202e-01,-1.882500721969607438e-01,4.990684813587428215e-01,3.521178159304266808e-01,7.019675643247625940e-01,2.557460582097784707e-01,5.226545449858195358e-01,6.520420183442388051e-01,-2.630154610699617090e-01,3.315399546943374465e-01,6.710428711608746877e-01,-9.561341714222319765e-02,1.336887940417520459e-01,1.523260903356066509e-01,-6.420519497809372700e-01,4.237271534548511243e-01,2.218901703462057562e-01,3.952356766472563954e-01,4.161529482566089233e-01,5.635130504071541591e-01,5.169487745574689042e-01,1.676212037965611190e-01,6.015610460907497847e-01,1.784584423836969302e-01,5.717382860957344048e-01,1.034182467531004623e-01,5.747498873415585185e-01,-2.602274943329281887e-01,7.896469222952574585e-01,4.082546814771609300e-01,7.450511869271746468e-01,1.275806807509461405e-01,3.345992436488908206e-01
-1.512322197365022769e-01,-3.037096839183544561e-01,-3.034206464996240249e-01,6.656367871760545674e-01,-1.685568517775982711e-01,-3.183199692350440202e-01,1.000000000000000000e+00,2.109362497413161674e-01,-3.501580403844499201e-01,-3.023945628438576283e-01,-3.350697146546379179e-01,-3.857190948958370558e-01,-3.047444167963249129e-01,-3.329947059325626402e-01,2.141995788703399961e-01,-3.357684721515771242e-01,-3.118831330369007393e-01,-1.350798064222962468e-02,-1.672025488297055884e-01,8.950022670070512110e-02,3.007016200782793303e-01,-3.140124031614907607e-01,-3.654141228485906501e-01,-4.025373893450165386e-01,-3.390975951964190771e-01,-1.465996384567233579e-01,-3.235546591109222936e-01,6.650648176046421167e-02,-2.111804811423106665e-01,-1.077574574557832870e-01,-4.081367141697325174e-01,-3.096754510460115739e-01,-2.262782311731912077e-01,-9.900824267054210426e-02,-2.454733553723501549e-01,-1.576231508111260726e-01,-3.756652015329676741e-01,3.913249929781377804e-04,-3.516574323045217887e-01
-2.508205948712179945e-01,-2.321188368669345470e-01,-8.277567811982672330e-01,4.975974576666938182e-02,-7.006728998190921986e-01,-1.882500721969607438e-01,2.109362497413161674e-01,1.000000000000000000e+00,-4.697394524311285235e-01,-5.638424720670220935e-01,-2.356016504564452385e-01,-2.008450550640266674e-01,-1.347380095080644991e-01,-3.975060106133220250e-01,8.818409556174819364e-02,-4.234692611574883414e-01,-4.609429007700447944e-01,-3.952798674053708550e-01,-6.298373790547261430e-01,-7.973796514443090566e-02,-8.866839352836937416e-02,-5.149964492988017284e-01,-6.054895971569325130e-01,-4.715044644438204924e-01,-6.263400504520656442e-01,-3.678337405052582443e-01,-2.773238686786987373e-01,-6.314804178239422638e-01,-2.422672050802028298e-01,-4.377194304144772508e-01,-4.078796025638489753e-01,-2.145840550659329216e-01,-3.958617917849182599e-01,-6.663730704268354677e-01,-2.367848182455654926e-01,-5.529662487151920658e-01,-3.400710147941141681e-01,-2.724916509849270030e-01,-4.440256657185534528e-01
7.414321518190549742e-01,8.103728136948127325e-01,7.211339755396500850e-01,-2.403832912304543767e-01,7.353384860338850748e-01,4.990684813587428215e-01,-3.501580403844499201e-01,-4.697394524311285235e-01,1.000000000000000000e+00,8.331195859563115258e-01,6.174328960484611883e-01,7.313737436088928456e-01,5.797262840276210527e-01,8.432824806106727911e-01,-9.123246956242118955e-02,8.639449709938062938e-01,5.814347124147071222e-01,3.751205800512860122e-01,7.018943863456025278e-01,7.976048567251836641e-02,-6.203558877523402959e-01,7.456812698320748334e-01,6.548207309701313816e-01,6.487137911688918290e-01,6.847991295673189205e-01,6.963095163844637003e-01,8.650232313020613795e-01,3.898612676395356025e-01,7.744181112599539674e-01,7.252548050281412140e-01,8.489987964847178770e-01,5.018244332467458602e-01,6.604256409158940633e-01,3.117520276765322063e-01,6.199826976840887571e-01,5.349290865412734686e-01,8.048117517309488766e-01,5.708225561244566482e-01,7.938272494683635827e-01
7.439861031666443747e-01,7.507151964100788888e-01,6.547443267349678520e-01,-1.312539615576695795e-01,7.186600951493835598e-01,3.521178159304266808e-01,-3.023945628438576283e-01,-5.638424720670220935e-01,8.331195859563115258e-01,1.000000000000000000e+00,4.750651484404482261e-01,5.236161389473287242e-01,2.829199512817207052e-01,6.723088156195564657e-01,-5.705426283637200779e-02,8.643037457527379397e-01,4.814973590814410342e-01,5.020115950505702473e-01,7.652354813046117199e-01,1.057852669771713466e-01,-3.861071818087841723e-01,6.593868072401718461e-01,7.307938487391347770e-01,5.632673939347122571e-01,7.193178745761784620e-01,6.268820657739549995e-01,7.141219596251763280e-01,4.697344316434811651e-01,6.513455823321108173e-01,7.517157495898412201e-01,7.021359502030557476e-01,4.717401579482666807e-01,4.932217744501762868e-01,4.962971508634305695e-01,4.770869723724301403e-01,5.510217155019193624e-01,6.383196508636826971e-01,4.950487467963816113e-01,7.190320014666031767e-01
2.872572154332928562e-01,4.518538930902487039e-01,5.691462966613632934e-01,-2.095098659929894580e-01,3.151022843521456562e-01,7.019675643247625940e-01,-3.350697146546379179e-01,-2.356016504564452385e-01,6.174328960484611883e-01,4.750651484404482261e-01,1.000000000000000000e+00,5.784461756575055569e-01,7.152618790477124344e-01,7.112401181351586388e-01,-4.221652851762435210e-01,4.486515151800790635e-01,6.939327156171484212e-01,-1.527793810659241469e-01,3.310110178963544536e-01,6.427498849008435322e-02,-6.813390261820870819e-01,6.016233727587667612e-01,2.715949235704230302e-01,4.408720468225590938e-01,5.182415509243648577e-01,5.159523925533159305e-01,7.185128524964626839e-01,1.479473796764285698e-01,5.785967863335504946e-01,1.681665250582251858e-01,7.726506007315976365e-01,2.666132227832609947e-01,7.087353172312378380e-01,-1.999505519633895945e-01,7.472929445075782162e-01,3.997589320026552762e-01,8.069545265753205188e-01,1.227527291296642148e-01,6.539564369708713576e-01
3.886304762526056056e-01,6.531476058028133913e-01,4.893283497327121645e-01,-2.748733665773018253e-01,4.043311638167595978e-01,2.557460582097784707e-01,-3.857190948958370558e-01,-2.008450550640266674e-01,7.313737436088928456e-01,5.236161389473287242e-01,5.784461756575055569e-01,1.000000000000000000e+00,6.241143406518329106e-01,6.679589659875149188e-01,-2.721908221736836775e-01,6.349666796795055967e-01,3.380796479061231596e-01,7.520770885876618128e-02,5.158251715776713819e-01,-1.255693013604621266e-01,-5.777238734874813320e-01,6.388841886453626717e-01,4.286046735823076936e-01,5.313466409152535208e-01,5.209766141497604863e-01,2.761645185409209446e-01,8.249636341336613610e-01,-4.014374156672741861e-02,4.873899495110858848e-01,3.818424797471889898e-01,7.952861159525461687e-01,5.930843749072616244e-01,5.035363249217569281e-01,8.502760751833085551e-02,4.214968019040725711e-01,3.670146425954138869e-01,6.514928280910506908e-01,2.945750062249312129e-01,8.255231298412379903e-01
2.676073634161417192e-01,3.781979518079164326e-01,5.139083353993222358e-01,-2.475324055331003803e-01,2.652494102224108308e-01,5.226545449858195358e-01,-3.047444167963249129e-01,-1.347380095080644991e-01,5.797262840276210527e-01,2.829199512817207052e-01,7.152618790477124344e-01,6.241143406518329106e-01,1.000000000000000000e+00,6.952897771576409536e-01,-2.607201845546355812e-01,3.456456433058173738e-01,5.530361687309318652e-01,-1.812948854292338596e-01,2.659934692570245507e-01,8.694297262654887559e-02,-6.573063168808948031e-01,5.917022839089296493e-01,1.968452716191478880e-01,3.730611636887367077e-01,4.019273875584048472e-01,5.042629656525029480e-01,6.523993523553207607e-01,1.368985028253938141e-01,5.601705612780070176e-01,1.578399573269422540e-01,6.953836064517490145e-01,1.611064566132307807e-01,7.389166198167991251e-01,-1.943907734361189632e-01,6.701783336059321528e-01,3.132451654092131554e-01,7.340668918037368540e-01,2.352738471449221103e-01,5.618525544264161287e-01
6.159983757985696418e-01,6.770194864104313037e-01,7.239601742646158966e-01,-2.657891856831536836e-01,6.058168135054077252e-01,6.520420183442388051e-01,-3.329947059325626402e-01,-3.975060106133220250e-01,8.432824806106727911e-01,6.723088156195564657e-01,7.112401181351586388e-01,6.679589659875149188e-01,6.952897771576409536e-01,1.000000000000000000e+00,-1.151625785940112723e-01,6.871786909717134684e-01,5.865557246608492648e-01,1.671692063663546279e-01,5.845383955998416647e-01,1.702046126939562865e-01,-6.942445655739896138e-01,7.627630651937683526e-01,4.796897157174666027e-01,6.438613287693009113e-01,6.526011401544379309e-01,7.362475656045207595e-01,8.393534157849480426e-01,4.009114021372177650e-01,8.194276196526150136e-01,5.540992350621957163e-01,8.514146776167060837e-01,3.222428953711594102e-01,7.861222898778920110e-01,1.073402342435336998e-01,7.703663430758286301e-01,5.940286311732724256e-01,8.852594144317867952e-01,4.975508848520895366e-01,7.133294659102132895e-01
2.170189458285440853e-01,-1.745456198613806742e-01,-1.590409941349794909e-01,-3.061424402879197454e-02,5.898786437155996432e-02,-2.630154610699617090e-01,2.141995788703399961e-01,8.818409556174819364e-02,-9.123246956242118955e-02,-5.705426283637200779e-02,-4.221652851762435210e-01,-2.721908221736836775e-01,-2.607201845546355812e-01,-1.151625785940112723e-01,1.000000000000000000e+00,-9.169744495889828317e-02,-3.621462732315158251e-01,2.736412586349869502e-01,-3.698981613617756403e-02,4.307690273402690617e-01,1.745172036942088944e-01,-1.659879655735864989e-01,-1.663918029041094315e-01,-1.194102622903609884e-01,-3.287879131453085302e-01,2.744829596712756725e-01,-2.444107828669403182e-01,3.693921334181966554e-01,1.516424090392984592e-01,1.857769855720255159e-01,-3.755255244447233687e-01,-4.339927640885006266e-01,-5.563495442017191150e-02,2.562248979595274645e-01,-1.448912723050362616e-01,-1.241631770527528850e-01,-2.004444618425119673e-01,5.218547733654776977e-01,-3.415858831595109391e-01
7.942495328370203778e-01,8.591976327930315183e-01,5.667390043608012684e-01,-1.960957814272551725e-01,6.759620113987185874e-01,3.315399546943374465e-01,-3.357684721515771242e-01,-4.234692611574883414e-01,8.639449709938062938e-01,8.643037457527379397e-01,4.486515151800790635e-01,6.349666796795055967e-01,3.456456433058173738e-01,6.871786909717134684e-01,-9.169744495889828317e-02,1.000000000000000000e+00,4.371093582291317725e-01,4.820768299607032792e-01,6.788110741324806519e-01,-1.554899196781512304e-03,-4.615278140448300093e-01,6.171215637946683152e-01,7.158502008490313928e-01,6.203117878093361570e-01,6.496657355869090988e-01,5.412595379921517624e-01,7.636959274800226849e-01,3.098512157982147297e-01,6.560181304038316119e-01,7.893115885072318205e-01,7.179362113845818572e-01,6.057867018346901888e-01,4.123019259379912538e-01,3.892186174887554695e-01,4.065924249682356106e-01,4.954112684700043845e-01,6.173462738175792275e-01,5.385402484144016233e-01,6.970900510630981817e-01
3.309130025314565571e-01,4.229157380577093783e-01,6.348502446183801329e-01,-1.912933374701643596e-01,4.400078597680956993e-01,6.710428711608746877e-01,-3.118831330369007393e-01,-4.609429007700447944e-01,5.814347124147071222e-01,4.814973590814410342e-01,6.939327156171484212e-01,3.380796479061231596e-01,5.530361687309318652e-01,5.865557246608492648e-01,-3.621462732315158251e-01,4.371093582291317725e-01,1.000000000000000000e+00,-3.312809084696211742e-02,2.834663283557150026e-01,-9.136714743347774600e-03,-4.368344780349150414e-01,4.770592678543953968e-01,4.769570692069692308e-01,4.870501634220483211e-01,5.493341186459084202e-01,5.173923266951638844e-01,5.158364336200592648e-01,3.083151112346778633e-01,4.512294658538836822e-01,2.425744062894976683e-01,6.383015265264817550e-01,3.232678062663872920e-01,5.520834304024684336e-01,8.845463343360569775e-02,5.981004451990427073e-01,4.853144041249544682e-01,6.371208650631179360e-01,2.050728564814522092e-01,4.991605496690749710e-01
5.298418392838133428e-01,3.804478730177111023e-01,2.371568708290766325e-01,2.033553499761741323e-01,6.792934041306890602e-01,-9.561341714222319765e-02,-1.350798064222962468e-02,-3.952798674053708550e-01,3.751205800512860122e-01,5.020115950505702473e-01,-1.527793810659241469e-01,7.520770885876618128e-02,-1.812948854292338596e-01,1.671692063663546279e-01,2.736412586349869502e-01,4.820768299607032792e-01,-3.312809084696211742e-02,1.000000000000000000e+00,6.119996685747143284e-01,7.749852120885422635e-02,5.056786582112661466e-02,1.817081558169936772e-01,4.329375151555733270e-01,2.034771685059792168e-01,2.084834912254872608e-01,2.899776610873166516e-01,1.736995256694407463e-01,3.739825969323684052e-01,2.743708058984564713e-01,5.987728766947907344e-01,1.208682449802866432e-01,2.190961353566056868e-01,-9.942972840715734451e-03,6.053888579037040030e-01,-6.841813582968848950e-02,1.107413623868265806e-01,6.988699398654242556e-02,4.367421144442562020e-01,1.191669365989333484e-01
5.232874511127398875e-01,5.336446345231559141e-01,6.782208423817049914e-01,1.823875813945343219e-02,7.632840060460839293e-01,1.336887940417520459e-01,-1.672025488297055884e-01,-6.298373790547261430e-01,7.018943863456025278e-01,7.652354813046117199e-01,3.310110178963544536e-01,5.158251715776713819e-01,2.659934692570245507e-01,5.845383955998416647e-01,-3.698981613617756403e-02,6.788110741324806519e-01,2.834663283557150026e-01,6.119996685747143284e-01,1.000000000000000000e+00,1.392391802337528961e-01,-2.513806773449256404e-01,6.679267666332011633e-01,5.691538867011560754e-01,4.370594606732469689e-01,6.430661832959797541e-01,5.166217524723873966e-01,5.985440108119634006e-01,4.634421865215408998e-01,4.949327213057750918e-01,6.313014261228835355e-01,6.383347415901344801e-01,3.189019504222227464e-01,5.029916819100338499e-01,5.779976714927119730e-01,3.544359254624061539e-01,3.776352302781018633e-01,5.204198644911777194e-01,4.092055798715325543e-01,6.657617327828957432e-01
1.541429264565936930e-01,-1.102463389291769430e-01,1.715048280287397031e-01,1.133366418606597259e-01,1.278249578912904472e-01,1.523260903356066509e-01,8.950022670070512110e-02,-7.973796514443090566e-02,7.976048567251836641e-02,1.057852669771713466e-01,6.427498849008435322e-02,-1.255693013604621266e-01,8.694297262654887559e-02,1.702046126939562865e-01,4.307690273402690617e-01,-1.554899196781512304e-03,-9.136714743347774600e-03,7.749852120885422635e-02,1.392391802337528961e-01,1.000000000000000000e+00,-9.594862036710349873e-02,3.057052272580810248e-01,-1.391613379841848963e-01,-9.615264755849377287e-02,-4.315897427757014321e-02,4.735064971283963753e-01,7.950262639569456724e-02,4.158899341834700891e-01,3.180540891235661416e-01,8.432847722102584931e-02,9.092895239601751344e-04,-5.197648093552561521e-01,3.769843563141027087e-01,-2.670754976002983477e-02,2.604006905784929660e-01,2.857261094362022538e-02,1.845890915204749516e-01,3.850949264851452059e-01,-1.894420381836833117e-02
-4.308107935580636205e-01,-5.403525607169057388e-01,-3.359739191503524625e-01,2.803899255310873251e-01,-2.424758032362220872e-01,-6.420519497809372700e-01,3.007016200782793303e-01,-8.866839352836937416e-02,-6.203558877523402959e-01,-3.861071818087841723e-01,-6.813390261820870819e-01,-5.777238734874813320e-01,-6.573063168808948031e-01,-6.942445655739896138e-01,1.745172036942088944e-01,-4.615278140448300093e-01,-4.368344780349150414e-01,5.056786582112661466e-02,-2.513806773449256404e-01,-9.594862036710349873e-02,1.000000000000000000e+00,-4.832914791664499887e-01,-6.145340499833111536e-02,-2.825463928380070322e-01,-2.720374422936608916e-01,-5.751125480843884974e-01,-7.030495288775114870e-01,5.235793528532942803e-02,-6.913295448375629260e-01,-2.665043762600390331e-01,-7.010581496890034847e-01,-2.062735908033657695e-01,-5.676400655668109030e-01,3.777009088890735944e-01,-7.465977515481809768e-01,-1.219702792088787069e-01,-7.607953835398687525e-01,-2.310844657691641379e-01,-4.956590821681458592e-01
4.941296155805759427e-01,5.638718555496687879e-01,7.482063204437225945e-01,-2.278721673166234918e-01,5.809639222399116676e-01,4.237271534548511243e-01,-3.140124031614907607e-01,-5.149964492988017284e-01,7.456812698320748334e-01,6.593868072401718461e-01,6.016233727587667612e-01,6.388841886453626717e-01,5.917022839089296493e-01,7.627630651937683526e-01,-1.659879655735864989e-01,6.171215637946683152e-01,4.770592678543953968e-01,1.817081558169936772e-01,6.679267666332011633e-01,3.057052272580810248e-01,-4.832914791664499887e-01,1.000000000000000000e+00,4.802421594071005773e-01,5.167241300967929662e-01,6.494567522483768451e-01,6.181246958547966797e-01,7.926882423591786742e-01,4.382411574303405333e-01,6.655376198168355684e-01,4.739524943798621992e-01,7.848788716645290764e-01,2.826045049931489306e-01,7.554976931693768716e-01,2.416798549061523194e-01,6.196694848729803473e-01,4.708077386868103065e-01,7.582291588294143292e-01,4.282765455644058639e-01,7.333488207207524701e-01
5.376770305994361676e-01,6.087995652984714567e-01,5.717192856455198813e-01,-1.691883965581612859e-01,6.378247669799407271e-01,2.218901703462057562e-01,-3.654141228485906501e-01,-6.054895971569325130e-01,6.548207309701313816e-01,7.307938487391347770e-01,2.715949235704230302e-01,4.286046735823076936e-01,1.968452716191478880e-01,4.796897157174666027e-01,-1.663918029041094315e-01,7.158502008490313928e-01,4.769570692069692308e-01,4.329375151555733270e-01,5.691538867011560754e-01,-1.391613379841848963e-01,-6.145340499833111536e-02,4.802421594071005773e-01,1.000000000000000000e+00,6.340530972190798753e-01,7.455341693957372451e-01,3.224506805806724441e-01,5.090971704265572217e-01,3.811656683524021760e-01,3.689198820494618003e-01,6.252897434742363814e-01,5.180182788631975122e-01,5.859610493164459921e-01,2.778681528218558405e-01,6.252261331286814716e-01,2.062849992900107898e-01,6.355436931443904092e-01,4.257059701084890402e-01,3.608072997673139048e-01,5.988425652377006303e-01
4.539329335062928794e-01,6.147674926239595772e-01,5.848288717204549458e-01,-4.267703149836455934e-01,5.351066638228416661e-01,3.952356766472563954e-01,-4.025373893450165386e-01,-4.715044644438204924e-01,6.487137911688918290e-01,5.632673939347122571e-01,4.408720468225590938e-01,5.313466409152535208e-01,3.730611636887367077e-01,6.438613287693009113e-01,-1.194102622903609884e-01,6.203117878093361570e-01,4.870501634220483211e-01,2.034771685059792168e-01,4.370594606732469689e-01,-9.615264755849377287e-02,-2.825463928380070322e-01,5.167241300967929662e-01,6.340530972190798753e-01,1.000000000000000000e+00,6.401231597697105702e-01,3.576753585001266611e-01,6.046874624531120013e-01,2.789358396809352159e-01,4.607980687667317388e-01,4.743380328451174965e-01,5.986306016528379903e-01,5.661975010862266844e-01,4.143231871206362604e-01,3.384212987381151616e-01,3.342379919756087170e-01,6.254253647331373678e-01,5.568414657584905836e-01,3.793854011015699856e-01,5.536127789325038240e-01
4.384533663539343928e-01,5.688906336808867703e-01,7.210633540560029697e-01,-1.803691520877635790e-01,5.699433092146474200e-01,4.161529482566089233e-01,-3.390975951964190771e-01,-6.263400504520656442e-01,6.847991295673189205e-01,7.193178745761784620e-01,5.182415509243648577e-01,5.209766141497604863e-01,4.019273875584048472e-01,6.526011401544379309e-01,-3.287879131453085302e-01,6.496657355869090988e-01,5.493341186459084202e-01,2.084834912254872608e-01,6.430661832959797541e-01,-4.315897427757014321e-02,-2.720374422936608916e-01,6.494567522483768451e-01,7.455341693957372451e-01,6.401231597697105702e-01,1.000000000000000000e+00,4.283118125125827680e-01,6.375250179153476582e-01,3.639742268877316778e-01,4.707242983308010387e-01,5.134800093569787949e-01,7.054433280997113309e-01,4.317706724250036099e-01,5.469631476745048237e-01,3.846768557556412560e-01,5.042160956340310252e-01,7.079787190863027213e-01,6.498543497691440241e-01,2.143346738952596475e-01,7.315817392065443459e-01
6.756997035474721081e-01,4.586091228564573297e-01,6.065566101040447133e-01,-1.638256862186386609e-01,5.712041980508023586e-01,5.635130504071541591e-01,-1.465996384567233579e-01,-3.678337405052582443e-01,6.963095163844637003e-01,6.268820657739549995e-01,5.159523925533159305e-01,2.761645185409209446e-01,5.042629656525029480e-01,7.362475656045207595e-01,2.744829596712756725e-01,5.412595379921517624e-01,5.173923266951638844e-01,2.899776610873166516e-01,5.166217524723873966e-01,4.735064971283963753e-01,-5.751125480843884974e-01,6.181246958547966797e-01,3.224506805806724441e-01,3.576753585001266611e-01,4.283118125125827680e-01,1.000000000000000000e+00,5.740336624016566525e-01,6.362634892289018573e-01,8.281301554854411107e-01,5.675054902331898576e-01,5.783290070398395821e-01,-6.157410814645286612e-02,7.364325789193304495e-01,1.880478296969010366e-01,7.486819521904203301e-01,3.698865442997856245e-01,7.289918173307079474e-01,6.284866485958505722e-01,4.153243944823228895e-01
6.366313325748687024e-01,7.822954739477467889e-01,6.061672262973638592e-01,-2.255892276005431740e-01,5.560338100987901599e-01,5.169487745574689042e-01,-3.235546591109222936e-01,-2.773238686786987373e-01,8.650232313020613795e-01,7.141219596251763280e-01,7.185128524964626839e-01,8.249636341336613610e-01,6.523993523553207607e-01,8.393534157849480426e-01,-2.444107828669403182e-01,7.636959274800226849e-01,5.158364336200592648e-01,1.736995256694407463e-01,5.985440108119634006e-01,7.950262639569456724e-02,-7.030495288775114870e-01,7.926882423591786742e-01,5.090971704265572217e-01,6.046874624531120013e-01,6.375250179153476582e-01,5.740336624016566525e-01,1.000000000000000000e+00,2.197101888864007591e-01,7.590981730589526633e-01,5.495193310340689141e-01,8.782469964097986415e-01,5.247177875696509286e-01,6.753692168144996844e-01,7.230885779462627172e-02,6.439720883247218586e-01,5.053816551014528313e-01,8.427753830706006255e-01,4.611123328254004283e-01,8.366230496206850109e-01
4.566364722720678282e-01,1.468227965946288793e-01,5.844513703051164022e-01,8.671662722723794126e-02,5.784607189836868946e-01,1.676212037965611190e-01,6.650648176046421167e-02,-6.314804178239422638e-01,3.898612676395356025e-01,4.697344316434811651e-01,1.479473796764285698e-01,-4.014374156672741861e-02,1.368985028253938141e-01,4.009114021372177650e-01,3.693921334181966554e-01,3.098512157982147297e-01,3.083151112346778633e-01,3.739825969323684052e-01,4.634421865215408998e-01,4.158899341834700891e-01,5.235793528532942803e-02,4.382411574303405333e-01,3.811656683524021760e-01,2.789358396809352159e-01,3.639742268877316778e-01,6.362634892289018573e-01,2.197101888864007591e-01,1.000000000000000000e+00,4.917531169986329442e-01,4.778244090687883694e-01,2.034486928035764142e-01,-1.686390473732276851e-01,4.893448134015231377e-01,5.569929448991508547e-01,2.672720125384238643e-01,4.713045371019100038e-01,3.283262864706635309e-01,6.045903483816656987e-01,1.873819019929534868e-01
7.872190587474717782e-01,6.728066905858401947e-01,5.480697987251581527e-01,-1.895395054797334444e-01,5.600387122304737453e-01,6.015610460907497847e-01,-2.111804811423106665e-01,-2.422672050802028298e-01,7.744181112599539674e-01,6.513455823321108173e-01,5.785967863335504946e-01,4.873899495110858848e-01,5.601705612780070176e-01,8.194276196526150136e-01,1.516424090392984592e-01,6.560181304038316119e-01,4.512294658538836822e-01,2.743708058984564713e-01,4.949327213057750918e-01,3.180540891235661416e-01,-6.913295448375629260e-01,6.655376198168355684e-01,3.689198820494618003e-01,4.607980687667317388e-01,4.707242983308010387e-01,8.281301554854411107e-01,7.590981730589526633e-01,4.917531169986329442e-01,1.000000000000000000e+00,6.434281163120263436e-01,6.680152289203945548e-01,1.855404657579033667e-01,7.117719764770495949e-01,7.159673338721166125e-02,7.360604607843869163e-01,4.492794493189298244e-01,8.181735004648048593e-01,6.726067678843071773e-01,5.316720951714442034e-01
8.338011531704506707e-01,7.311121889681718722e-01,4.894235429431902373e-01,-3.191211350158498772e-02,6.955351155395769203e-01,1.784584423836969302e-01,-1.077574574557832870e-01,-4.377194304144772508e-01,7.252548050281412140e-01,7.517157495898412201e-01,1.681665250582251858e-01,3.818424797471889898e-01,1.578399573269422540e-01,5.540992350621957163e-01,1.857769855720255159e-01,7.893115885072318205e-01,2.425744062894976683e-01,5.987728766947907344e-01,6.313014261228835355e-01,8.432847722102584931e-02,-2.665043762600390331e-01,4.739524943798621992e-01,6.252897434742363814e-01,4.743380328451174965e-01,5.134800093569787949e-01,5.675054902331898576e-01,5.495193310340689141e-01,4.778244090687883694e-01,6.434281163120263436e-01,1.000000000000000000e+00,4.650403371697415245e-01,3.991250097511597206e-01,3.332917510161256813e-01,5.192849732672590868e-01,2.835688721019688496e-01,4.967425189346567627e-01,4.454649713156987323e-01,6.673097649863044545e-01,4.658370896140879291e-01
5.052856303142400085e-01,7.215066869867468036e-01,7.129525935020689653e-01,-2.819080883712877239e-01,5.533499030192303714e-01,5.717382860957344048e-01,-4.081367141697325174e-01,-4.078796025638489753e-01,8.489987964847178770e-01,7.021359502030557476e-01,7.726506007315976365e-01,7.952861159525461687e-01,6.953836064517490145e-01,8.514146776167060837e-01,-3.755255244447233687e-01,7.179362113845818572e-01,6.383015265264817550e-01,1.208682449802866432e-01,6.383347415901344801e-01,9.092895239601751344e-04,-7.010581496890034847e-01,7.848788716645290764e-01,5.180182788631975122e-01,5.986306016528379903e-01,7.054433280997113309e-01,5.783290070398395821e-01,8.782469964097986415e-01,2.034486928035764142e-01,6.680152289203945548e-01,4.650403371697415245e-01,1.000000000000000000e+00,5.104241155252741136e-01,7.100296624180155725e-01,1.053041820965587572e-01,7.171930842159948138e-01,4.927122750981710042e-01,8.557507894362209599e-01,2.938314706121164521e-01,8.309776983390148031e-01
3.845764524242990534e-01,6.997300789824288936e-01,2.423545461184221372e-01,-2.260547157076929770e-01,3.474970377176385683e-01,1.034182467531004623e-01,-3.096754510460115739e-01,-2.145840550659329216e-01,5.018244332467458602e-01,4.717401579482666807e-01,2.666132227832609947e-01,5.930843749072616244e-01,1.611064566132307807e-01,3.222428953711594102e-01,-4.339927640885006266e-01,6.057867018346901888e-01,3.232678062663872920e-01,2.190961353566056868e-01,3.189019504222227464e-01,-5.197648093552561521e-01,-2.062735908033657695e-01,2.826045049931489306e-01,5.859610493164459921e-01,5.661975010862266844e-01,4.317706724250036099e-01,-6.157410814645286612e-02,5.247177875696509286e-01,-1.686390473732276851e-01,1.855404657579033667e-01,3.991250097511597206e-01,5.104241155252741136e-01,1.000000000000000000e+00,-2.663659618915662983e-02,2.724904949773701568e-01,5.366603540572462833e-02,3.500114725990778330e-01,2.699820456975141059e-01,1.122811738853057573e-01,5.297610817576328124e-01
3.790812801625722539e-01,3.624531700632622200e-01,7.164239313546922894e-01,-1.343147617782367576e-01,4.692419570667443196e-01,5.747498873415585185e-01,-2.262782311731912077e-01,-3.958617917849182599e-01,6.604256409158940633e-01,4.932217744501762868e-01,7.087353172312378380e-01,5.035363249217569281e-01,7.389166198167991251e-01,7.861222898778920110e-01,-5.563495442017191150e-02,4.123019259379912538e-01,5.520834304024684336e-01,-9.942972840715734451e-03,5.029916819100338499e-01,3.769843563141027087e-01,-5.676400655668109030e-01,7.554976931693768716e-01,2.778681528218558405e-01,4.143231871206362604e-01,5.469631476745048237e-01,7.364325789193304495e-01,6.753692168144996844e-01,4.893448134015231377e-01,7.117719764770495949e-01,3.332917510161256813e-01,7.100296624180155725e-01,-2.663659618915662983e-02,1.000000000000000000e+00,2.762618486045715152e-02,7.741744632182772090e-01,4.654533720492492477e-01,8.207334111954441846e-01,4.067145994818882060e-01,6.193095538441886205e-01
3.578307877959810979e-01,2.306237663598627030e-01,4.064598607947784714e-01,-5.615976921045323297e-03,5.948061167564557827e-01,-2.602274943329281887e-01,-9.900824267054210426e-02,-6.663730704268354677e-01,3.117520276765322063e-01,4.962971508634305695e-01,-1.999505519633895945e-01,8.502760751833085551e-02,-1.943907734361189632e-01,1.073402342435336998e-01,2.562248979595274645e-01,3.892186174887554695e-01,8.845463343360569775e-02,6.053888579037040030e-01,5.779976714927119730e-01,-2.670754976002983477e-02,3.777009088890735944e-01,2.416798549061523194e-01,6.252261331286814716e-01,3.384212987381151616e-01,3.846768557556412560e-01,1.880478296969010366e-01,7.230885779462627172e-02,5.569929448991508547e-01,7.159673338721166125e-02,5.192849732672590868e-01,1.053041820965587572e-01,2.724904949773701568e-01,2.762618486045715152e-02,1.000000000000000000e+00,-1.706797180466071984e-01,3.711998208168924007e-01,-1.905252884889795800e-02,4.261732956660013727e-01,2.365678811399552217e-01
4.084443264789697214e-01,4.292929778984874711e-01,5.755633142525925505e-01,-2.418067486110145881e-01,3.288831444380013180e-01,7.896469222952574585e-01,-2.454733553723501549e-01,-2.367848182455654926e-01,6.199826976840887571e-01,4.770869723724301403e-01,7.472929445075782162e-01,4.214968019040725711e-01,6.701783336059321528e-01,7.703663430758286301e-01,-1.448912723050362616e-01,4.065924249682356106e-01,5.981004451990427073e-01,-6.841813582968848950e-02,3.544359254624061539e-01,2.604006905784929660e-01,-7.465977515481809768e-01,6.196694848729803473e-01,2.062849992900107898e-01,3.342379919756087170e-01,5.042160956340310252e-01,7.486819521904203301e-01,6.439720883247218586e-01,2.672720125384238643e-01,7.360604607843869163e-01,2.835688721019688496e-01,7.171930842159948138e-01,5.366603540572462833e-02,7.741744632182772090e-01,-1.706797180466071984e-01,1.000000000000000000e+00,3.809766122152767887e-01,8.595382297653810788e-01,2.455603323508030178e-01,5.222096669222398013e-01
4.284765421747462888e-01,4.808871277290983071e-01,6.116983172892122012e-01,-5.455990543108112101e-02,4.945731521659972874e-01,4.082546814771609300e-01,-1.576231508111260726e-01,-5.529662487151920658e-01,5.349290865412734686e-01,5.510217155019193624e-01,3.997589320026552762e-01,3.670146425954138869e-01,3.132451654092131554e-01,5.940286311732724256e-01,-1.241631770527528850e-01,4.954112684700043845e-01,4.853144041249544682e-01,1.107413623868265806e-01,3.776352302781018633e-01,2.857261094362022538e-02,-1.219702792088787069e-01,4.708077386868103065e-01,6.355436931443904092e-01,6.254253647331373678e-01,7.079787190863027213e-01,3.698865442997856245e-01,5.053816551014528313e-01,4.713045371019100038e-01,4.492794493189298244e-01,4.967425189346567627e-01,4.927122750981710042e-01,3.500114725990778330e-01,4.654533720492492477e-01,3.711998208168924007e-01,3.809766122152767887e-01,1.000000000000000000e+00,5.065600862993342446e-01,3.942293769731750608e-01,5.200954649715057165e-01
5.502254256661753828e-01,6.291346432702700220e-01,6.885831078989314014e-01,-2.874519608437074436e-01,5.141088989462383463e-01,7.450511869271746468e-01,-3.756652015329676741e-01,-3.400710147941141681e-01,8.048117517309488766e-01,6.383196508636826971e-01,8.069545265753205188e-01,6.514928280910506908e-01,7.340668918037368540e-01,8.852594144317867952e-01,-2.004444618425119673e-01,6.173462738175792275e-01,6.371208650631179360e-01,6.988699398654242556e-02,5.204198644911777194e-01,1.845890915204749516e-01,-7.607953835398687525e-01,7.582291588294143292e-01,4.257059701084890402e-01,5.568414657584905836e-01,6.498543497691440241e-01,7.289918173307079474e-01,8.427753830706006255e-01,3.283262864706635309e-01,8.181735004648048593e-01,4.454649713156987323e-01,8.557507894362209599e-01,2.699820456975141059e-01,8.207334111954441846e-01,-1.905252884889795800e-02,8.595382297653810788e-01,5.065600862993342446e-01,1.000000000000000000e+00,3.915591754795319512e-01,7.205848648266262035e-01
7.527643338640851445e-01,4.758539586500767915e-01,3.783628914218404304e-01,-6.064268389081646504e-02,5.830067662864645284e-01,1.275806807509461405e-01,3.913249929781377804e-04,-2.724916509849270030e-01,5.708225561244566482e-01,4.950487467963816113e-01,1.227527291296642148e-01,2.945750062249312129e-01,2.352738471449221103e-01,4.975508848520895366e-01,5.218547733654776977e-01,5.385402484144016233e-01,2.050728564814522092e-01,4.367421144442562020e-01,4.092055798715325543e-01,3.850949264851452059e-01,-2.310844657691641379e-01,4.282765455644058639e-01,3.608072997673139048e-01,3.793854011015699856e-01,2.143346738952596475e-01,6.284866485958505722e-01,4.611123328254004283e-01,6.045903483816656987e-01,6.726067678843071773e-01,6.673097649863044545e-01,2.938314706121164521e-01,1.122811738853057573e-01,4.067145994818882060e-01,4.261732956660013727e-01,2.455603323508030178e-01,3.942293769731750608e-01,3.915591754795319512e-01,1.000000000000000000e+00,3.012660587501896914e-01
4.407611675109335825e-01,6.202199896344630092e-01,6.775140347971492227e-01,-1.943975301251682775e-01,5.470920857761569778e-01,3.345992436488908206e-01,-3.516574323045217887e-01,-4.440256657185534528e-01,7.938272494683635827e-01,7.190320014666031767e-01,6.539564369708713576e-01,8.255231298412379903e-01,5.618525544264161287e-01,7.133294659102132895e-01,-3.415858831595109391e-01,6.970900510630981817e-01,4.991605496690749710e-01,1.191669365989333484e-01,6.657617327828957432e-01,-1.894420381836833117e-02,-4.956590821681458592e-01,7.333488207207524701e-01,5.988425652377006303e-01,5.536127789325038240e-01,7.315817392065443459e-01,4.153243944823228895e-01,8.366230496206850109e-01,1.873819019929534868e-01,5.316720951714442034e-01,4.658370896140879291e-01,8.309776983390148031e-01,5.297610817576328124e-01,6.193095538441886205e-01,2.365678811399552217e-01,5.222096669222398013e-01,5.200954649715057165e-01,7.205848648266262035e-01,3.012660587501896914e-01,1.000000000000000000e+00
