1.000000000000000000e+00,6.963845830970615269e-01,4.930590485416234681e-01,-3.847236663221068054e-01,2.768709099587099987e-01,5.641317215523833362e-01,1.439147812301590501e-01,-4.555727000231561963e-01,2.125948276753415467e-01,6.209340886078662525e-01,7.359281352162262702e-02,-3.481598195586728117e-01,9.612542148927961938e-02,1.084123326105817242e-01,1.803104500300421464e-01,2.569220114091164686e-01,2.579386260114529539e-01,4.821007218896538604e-01,1.884142327510324733e-01,-2.132731483669819683e-01,4.460376211359609044e-01,-1.505939023531909782e-01,1.897733783239252941e-03,3.362308833328398472e-01,3.845065750279296757e-01,6.592022595751350078e-01,-2.395425443542640864e-01,6.168536284391407110e-01,5.978847853186353145e-01,6.943320855900867450e-01,-9.593843127361248446e-02,-2.497989711767961141e-01,5.895334459786881753e-01,2.516382022352009473e-02,4.768221004827665754e-01,3.228049868972967529e-01,-5.130741917339805974e-02,5.755126507713662631e-01,-1.921509922023066086e-01
6.963845830970615269e-01,1.000000000000000000e+00,2.215271502027499895e-01,-2.229854403021712950e-01,3.687253709346220432e-01,2.900506771886660062e-01,-1.892376780220687837e-01,-2.153896912867669378e-01,4.438824205707577741e-01,5.468456799677459124e-01,2.051714247659404688e-01,3.253676277464780803e-02,-7.425479307627369518e-02,3.142877865401349502e-01,1.291421737944956072e-01,4.904352063130338335e-01,3.990597147926084887e-01,1.018086372070051288e-01,2.445862305064432640e-01,-1.081819552052804001e-01,1.560284593374360318e-01,1.884843154454317882e-01,1.876969503129435890e-01,3.947616365492574442e-01,3.201387650415726260e-01,2.432410162519484942e-01,7.899386166141884880e-02,2.380933130358681704e-01,3.959172930861749595e-01,5.300977181836885599e-01,1.389972764709715980e-01,1.094904722440977890e-01,3.152283396139365923e-01,2.548753059664934928e-01,6.244625998946771311e-02,4.385134013937508346e-01,2.320882148306956383e-01,2.079488432724603819e-01,1.661523946490666426e-01
4.930590485416234681e-01,2.215271502027499895e-01,1.000000000000000000e+00,-2.329572410505962865e-01,5.210410052727807440e-01,2.999312557456733641e-01,2.576849137422801972e-01,-8.832948249357018833e-01,1.853259567314039791e-01,4.775537327673581856e-01,3.832936203486749238e-01,-1.757590497012276043e-01,-2.477959980160485687e-01,2.396768579482147776e-01,4.807357839957496215e-01,2.995177004108653951e-01,3.796753749435819447e-01,2.475555745512490469e-01,3.255160134517308679e-01,-3.254224586184809587e-01,4.803920910365663266e-01,3.672833695344000608e-03,2.009806027659760963e-01,1.463993841831553455e-01,4.751057720467813383e-01,5.573223188514200288e-01,-1.984718793623737113e-02,6.976408376378252507e-01,3.371651924539642020e-01,4.742535907822434948e-01,2.379882400892113781e-01,-5.714758253138981642e-02,3.752996663551330103e-01,2.931855338499591013e-01,4.193114882101700580e-01,2.623208416911054219e-01,1.586267707527053983e-01,2.709652122107464867e-01,-1.251303643820603773e-01
-3.847236663221068054e-01,-2.229854403021712950e-01,-2.329572410505962865e-01,1.000000000000000000e+00,9.022984438275602481e-02,-3.248200350601038733e-01,-2.116391055035556912e-01,2.134739558361330170e-01,1.280124223210821754e-01,-1.459980954027826905e-01,3.096221800175606997e-01,3.985911972488481170e-01,-2.356651450653371449e-01,1.668498772067463221e-01,-4.047278002960762872e-02,1.359360658881345052e-01,1.985612852045720023e-01,-4.102624873387953341e-01,1.386036963175366898e-01,9.778896509113729762e-02,-3.364867258383498760e-01,3.074913367799249619e-01,2.501577025051817116e-01,7.663289158383805588e-02,-5.342356900555773891e-02,-4.483519621310002035e-01,3.847262612899023382e-01,-4.161768556978355793e-01,-2.717555820678924650e-01,-3.172549633438790928e-01,2.797401076121473484e-01,4.038088081509860761e-01,-4.053788714658308479e-01,2.478264880299636819e-01,-3.764413828380102078e-01,-7.821062793288086068e-02,3.341316974223056402e-01,-4.795167796427388662e-01,3.255774420719728113e-01
2.768709099587099987e-01,3.687253709346220432e-01,5.210410052727807440e-01,9.022984438275602481e-02,1.000000000000000000e+00,3.110907547496978304e-03,-4.225845798651111651e-01,-5.550529884887164256e-01,7.723527063424407979e-01,4.690345490364005165e-01,7.662654179390243625e-01,4.946121341169364971e-01,-6.202232086004575429e-01,7.382649586137167708e-01,2.055326933942540069e-01,7.258170545473612290e-01,7.744399668407361270e-01,-2.937322665829648627e-01,6.984775871245121337e-01,-8.457234800089979965e-02,1.562346331375019937e-01,5.637262585400619752e-01,6.065527582346020852e-01,3.733976412446116666e-01,5.421782754301512908e-01,-3.423276585780445774e-02,5.789747771930029430e-01,1.589451794917275673e-01,1.087561724563758381e-01,3.050292846130197022e-01,7.474022109461526675e-01,5.648872764815728864e-01,2.240301213420077195e-02,7.877489505416798155e-01,-2.262527240112038873e-01,5.367765698002157082e-01,6.540328198147579153e-01,-3.139860882568097367e-01,5.728315527470280166e-01
5.641317215523833362e-01,2.900506771886660062e-01,2.999312557456733641e-01,-3.248200350601038733e-01,3.110907547496978304e-03,1.000000000000000000e+00,3.132989207958448707e-01,-2.518534170876396416e-01,-5.110663207449041984e-02,3.886154933013745705e-01,-1.164737278594571712e-01,-4.936425862433637679e-01,2.021908412465636407e-01,-1.006062411813214152e-01,4.838067467311697040e-02,-3.355670134255035741e-02,-3.597710657484236990e-02,4.442560115112000885e-01,-1.777427152722512588e-02,-2.874450938045640114e-01,4.025476965507738258e-01,-3.467973152127665770e-01,-1.507809223099131901e-01,-4.778800700962476146e-03,2.682583002762757296e-01,6.216181270044774942e-01,-3.787975944606944423e-01,4.869515044151519478e-01,5.485326594502756281e-01,3.853135337314225195e-01,-2.602999017793720671e-01,-3.963684742823193052e-01,5.944544896800226796e-01,-1.962166889644699208e-01,5.794180971067889319e-01,1.959572207417598078e-01,-2.234589632296294925e-01,5.510417973401069425e-01,-4.062471975929650703e-01
1.439147812301590501e-01,-1.892376780220687837e-01,2.576849137422801972e-01,-2.116391055035556912e-01,-4.225845798651111651e-01,3.132989207958448707e-01,1.000000000000000000e+00,-2.252672962517997257e-01,-6.522762549690155343e-01,6.711296146491425862e-02,-3.777188771593001371e-01,-7.030950690565591632e-01,3.785363092263175355e-01,-4.991361016232889192e-01,2.830523300227494876e-01,-4.287565598943001155e-01,-3.900892151452575729e-01,4.460526680850618320e-01,-3.282737384708657724e-01,-3.801735405497914666e-01,2.040991763023606298e-01,-5.597619139215451733e-01,-3.633625025547642107e-01,-1.913529262442870416e-01,7.407450604573191308e-03,5.358454972923236692e-01,-5.905465943596437395e-01,4.233614079463847713e-01,1.650561694408494706e-01,1.367591424062867544e-01,-5.459135144719837740e-01,-5.964820291125287888e-01,2.195872934822279132e-01,-5.532882536283333375e-01,6.165973672513962445e-01,-3.155828355800311402e-01,-4.539122566731822461e-01,5.136638417855452499e-01,-7.203197240000200896e-01
-4.555727000231561963e-01,-2.153896912867669378e-01,-8.832948249357018833e-01,2.134739558361330170e-01,-5.550529884887164256e-01,-2.518534170876396416e-01,-2.252672962517997257e-01,1.000000000000000000e+00,-2.111701562124346787e-01,-4.639499765631348027e-01,-4.290914420394076889e-01,1.094128094907559079e-01,3.006978706239903376e-01,-2.921530126500005431e-01,-4.744117328005263978e-01,-3.480409387100552032e-01,-4.217622690835288179e-01,-1.828707305628328728e-01,-3.407480701234299469e-01,3.072391344287527248e-01,-4.231617030603652130e-01,-5.535336257594086068e-02,-2.541275307598661604e-01,-1.682540889886272317e-01,-4.943524413001432749e-01,-4.987112737407438656e-01,-4.587493089730194235e-02,-6.517623683634962140e-01,-2.817226690036204184e-01,-4.525218666083565822e-01,-2.941375884506020055e-01,-9.634914379397618855e-03,-2.997234515520563192e-01,-3.383296569378154706e-01,-3.570293806854945573e-01,-3.097034110259100914e-01,-2.216948657626221508e-01,-2.036243724903712138e-01,6.968122427792929063e-02
2.125948276753415467e-01,4.438824205707577741e-01,1.853259567314039791e-01,1.280124223210821754e-01,7.723527063424407979e-01,-5.110663207449041984e-02,-6.522762549690155343e-01,-2.111701562124346787e-01,1.000000000000000000e+00,4.028007794149714438e-01,6.691328363274454682e-01,6.282452845836318245e-01,-5.837714963982312266e-01,7.495861006609464416e-01,-1.972714003174984645e-02,7.295308343558233322e-01,7.326003726345133860e-01,-3.845206305644853217e-01,7.091938876906525024e-01,3.572234196429887459e-02,-1.231221740586748619e-03,6.403376962285874940e-01,6.009829309563629041e-01,4.106453170092529414e-01,4.189080894719174331e-01,-2.340993607309342084e-01,6.532368849595600047e-01,-1.140989166032293917e-01,3.711175999817722948e-02,2.407249406716554796e-01,7.342425018238063483e-01,6.402205335945978515e-01,-4.231514917100558798e-02,7.655100660878985108e-01,-4.320176882989837930e-01,5.720382177200536988e-01,6.541780418095349825e-01,-4.078381690545877514e-01,7.359126263260673539e-01
6.209340886078662525e-01,5.468456799677459124e-01,4.775537327673581856e-01,-1.459980954027826905e-01,4.690345490364005165e-01,3.886154933013745705e-01,6.711296146491425862e-02,-4.639499765631348027e-01,4.028007794149714438e-01,1.000000000000000000e+00,3.183493908230840552e-01,-6.180466944567399729e-02,-1.283241979680807276e-01,3.846015547334250551e-01,1.346419884644030618e-01,5.319300738282006780e-01,4.552972036728528127e-01,1.575006568444039523e-01,5.160498735850139740e-01,-3.404954118548519926e-01,3.044708008309670033e-01,1.759893023068301032e-01,3.248768200789693972e-01,4.720264678879679265e-01,6.886859847835047344e-01,3.988673947259013253e-01,9.195277246863167719e-02,3.792367909963478279e-01,3.290482388886369347e-01,6.531200379602386530e-01,2.291342639457427388e-01,6.333304135085705833e-02,3.085127326443743989e-01,2.421200881912450309e-01,1.837895045627338797e-01,4.006346368437327943e-01,2.574654199832183132e-01,1.774719388959653255e-01,1.193621581716676067e-01
7.359281352162262702e-02,2.051714247659404688e-01,3.832936203486749238e-01,3.096221800175606997e-01,7.662654179390243625e-01,-1.164737278594571712e-01,-3.777188771593001371e-01,-4.290914420394076889e-01,6.691328363274454682e-01,3.183493908230840552e-01,1.000000000000000000e+00,5.980582872853170695e-01,-6.824958615773440984e-01,7.351527375430272349e-01,2.402573351277761116e-01,6.888627433053129412e-01,8.176851222440303379e-01,-4.993545970465732564e-01,5.987412047779905322e-01,-6.651076480398680768e-02,-1.088371970836070485e-01,6.135689033065583331e-01,7.029313807226618138e-01,3.801266392934756766e-01,4.529825679190629950e-01,-2.343448208327225668e-01,7.045451638638658975e-01,-6.752421882427359079e-02,-7.735654856767358589e-02,1.132589731281115064e-01,7.988560036077422266e-01,6.788498376634299891e-01,-2.300946827532065198e-01,7.450321596887923281e-01,-3.531340181740344475e-01,5.179292807935154119e-01,7.496950722223985064e-01,-5.082349465778376318e-01,6.359486791034750786e-01
-3.481598195586728117e-01,3.253676277464780803e-02,-1.757590497012276043e-01,3.985911972488481170e-01,4.946121341169364971e-01,-4.936425862433637679e-01,-7.030950690565591632e-01,1.094128094907559079e-01,6.282452845836318245e-01,-6.180466944567399729e-02,5.980582872853170695e-01,1.000000000000000000e+00,-6.510615816256818400e-01,6.784195621175035384e-01,-5.515863194204461556e-02,5.980811933221763521e-01,5.569927735489015319e-01,-7.683407430238222702e-01,4.137390509444419662e-01,2.832841100477080931e-01,-4.855305300051229178e-01,7.399381354998094684e-01,6.522886218308142636e-01,2.834979885196885485e-01,1.431666531666038744e-01,-7.290684247875373059e-01,8.539433177468094271e-01,-5.829909628228284735e-01,-4.383672109686494456e-01,-2.136908495496017690e-01,7.665268674000846882e-01,8.494839375669911430e-01,-5.700861675520374483e-01,7.169538296129894794e-01,-7.800670559346658539e-01,4.310426421524095608e-01,7.436391466722203081e-01,-8.022992587119517349e-01,8.528527781548274067e-01
9.612542148927961938e-02,-7.425479307627369518e-02,-2.477959980160485687e-01,-2.356651450653371449e-01,-6.202232086004575429e-01,2.021908412465636407e-01,3.785363092263175355e-01,3.006978706239903376e-01,-5.837714963982312266e-01,-1.283241979680807276e-01,-6.824958615773440984e-01,-6.510615816256818400e-01,1.000000000000000000e+00,-6.962385507745803004e-01,-1.784428592990439100e-01,-6.613620227285271769e-01,-6.462009013951871550e-01,6.223553097442594551e-01,-4.711412190566337532e-01,5.945209432162893576e-02,2.863341126841973949e-01,-5.454302753829582961e-01,-7.318367712648372603e-01,-2.504265830703423235e-01,-3.935161192411557041e-01,3.759011747989212116e-01,-7.382048887805846560e-01,2.563658305005053761e-01,2.614746422261510772e-01,-4.087332331713492556e-02,-7.673420242410603498e-01,-7.072778690536184465e-01,3.934579790718751302e-01,-7.323520026105743153e-01,4.478374777867220602e-01,-5.687659250729106830e-01,-7.662534628802202263e-01,5.785914794009053841e-01,-6.435835420471140988e-01
1.084123326105817242e-01,3.142877865401349502e-01,2.396768579482147776e-01,1.668498772067463221e-01,7.382649586137167708e-01,-1.006062411813214152e-01,-4.991361016232889192e-01,-2.921530126500005431e-01,7.495861006609464416e-01,3.846015547334250551e-01,7.351527375430272349e-01,6.784195621175035384e-01,-6.962385507745803004e-01,1.000000000000000000e+00,1.021252665178244007e-01,8.046992411393831812e-01,7.514897065116393771e-01,-5.441547610205966778e-01,6.507125807694816855e-01,2.561706394653706642e-02,-2.136254382545832720e-01,6.448738201179540219e-01,7.818899387076246876e-01,5.003052600920564474e-01,4.950789501483099375e-01,-3.254055169968143590e-01,7.653188538747056624e-01,-2.018371133409740947e-01,-6.935659449828524004e-02,2.449624959448414852e-01,7.986247489417385159e-01,7.476483276890480978e-01,-2.906330413673263169e-01,7.618309118591496398e-01,-4.546914595435289641e-01,6.354517024163579553e-01,7.845529327712132961e-01,-5.472484748882552319e-01,7.258715191372721032e-01
1.803104500300421464e-01,1.291421737944956072e-01,4.807357839957496215e-01,-4.047278002960762872e-02,2.055326933942540069e-01,4.838067467311697040e-02,2.830523300227494876e-01,-4.744117328005263978e-01,-1.972714003174984645e-02,1.346419884644030618e-01,2.402573351277761116e-01,-5.515863194204461556e-02,-1.784428592990439100e-01,1.021252665178244007e-01,1.000000000000000000e+00,1.521285562802588975e-01,2.231330962639782034e-01,-5.824057208242316985e-02,8.808608293973071990e-02,-2.500986832021453998e-01,8.431545456876114730e-02,1.077043394518839153e-01,8.504224286748603145e-02,7.493005669556199178e-02,1.113879425300583620e-01,2.166092302634583244e-01,5.750763309935662954e-02,3.027877643505906269e-01,1.536677001599212056e-01,6.111690838964990019e-02,1.263059533201531803e-01,6.946430878079740134e-02,6.489781458695313698e-02,2.000932731185728897e-01,2.053973307610399979e-01,7.583882782416108415e-02,1.829277823767807010e-01,6.804146499840310613e-02,-9.654664344002567011e-02
2.569220114091164686e-01,4.904352063130338335e-01,2.995177004108653951e-01,1.359360658881345052e-01,7.258170545473612290e-01,-3.355670134255035741e-02,-4.287565598943001155e-01,-3.480409387100552032e-01,7.295308343558233322e-01,5.319300738282006780e-01,6.888627433053129412e-01,5.980811933221763521e-01,-6.613620227285271769e-01,8.046992411393831812e-01,1.521285562802588975e-01,1.000000000000000000e+00,7.690524608114036598e-01,-4.719244230723698696e-01,6.006743045461725439e-01,-4.950285986386050024e-02,-1.816733594198014223e-01,6.232685625361776838e-01,7.526217545606869175e-01,5.380964081126066167e-01,6.019739961123198313e-01,-2.147634153310541694e-01,6.995555991597622869e-01,-1.112734879164053864e-01,-6.504468466439743135e-02,3.625134922980978169e-01,7.389584631690068184e-01,6.796932936035066097e-01,-2.121574449560484910e-01,7.391476468954168988e-01,-4.037060579705673002e-01,6.919780795265668694e-01,7.818312142992805969e-01,-4.319059317918872987e-01,6.680724754510424246e-01
2.579386260114529539e-01,3.990597147926084887e-01,3.796753749435819447e-01,1.985612852045720023e-01,7.744399668407361270e-01,-3.597710657484236990e-02,-3.900892151452575729e-01,-4.217622690835288179e-01,7.326003726345133860e-01,4.552972036728528127e-01,8.176851222440303379e-01,5.569927735489015319e-01,-6.462009013951871550e-01,7.514897065116393771e-01,2.231330962639782034e-01,7.690524608114036598e-01,1.000000000000000000e+00,-4.184643693250326146e-01,6.309727371193637468e-01,-3.745054582183361680e-02,-9.612141932256770827e-02,5.760956670529840951e-01,7.222108533036381006e-01,4.793556125507629773e-01,5.478488840691217998e-01,-1.523852586480298199e-01,6.723832139026564292e-01,-2.154362069506400232e-02,-4.824106953349067972e-02,2.779259288392517124e-01,7.451817730464814771e-01,6.407401313874673265e-01,-1.547806854708771440e-01,7.344525644376445062e-01,-3.424400457968049816e-01,6.264826686021452984e-01,7.395577473351866438e-01,-3.909103963086975608e-01,6.414622910235456832e-01
4.821007218896538604e-01,1.018086372070051288e-01,2.475555745512490469e-01,-4.102624873387953341e-01,-2.937322665829648627e-01,4.442560115112000885e-01,4.460526680850618320e-01,-1.828707305628328728e-01,-3.845206305644853217e-01,1.575006568444039523e-01,-4.993545970465732564e-01,-7.683407430238222702e-01,6.223553097442594551e-01,-5.441547610205966778e-01,-5.824057208242316985e-02,-4.719244230723698696e-01,-4.184643693250326146e-01,1.000000000000000000e+00,-2.468320451124712267e-01,-7.237715169458233677e-02,6.225860757243583121e-01,-6.550196620808688142e-01,-6.114731051894933822e-01,-2.082888666636666941e-01,-1.228731972904181652e-01,7.575212607440598989e-01,-7.803287579703257482e-01,6.758846380790891617e-01,4.989905859292807500e-01,3.421962682508729592e-01,-6.460447212521347460e-01,-7.883391202690117616e-01,6.571803928339282619e-01,-5.507014071368386832e-01,7.218007013937363103e-01,-3.265499831901784722e-01,-7.051251854512564643e-01,8.273874196860409036e-01,-7.010363885605451761e-01
1.884142327510324733e-01,2.445862305064432640e-01,3.255160134517308679e-01,1.386036963175366898e-01,6.984775871245121337e-01,-1.777427152722512588e-02,-3.282737384708657724e-01,-3.407480701234299469e-01,7.091938876906525024e-01,5.160498735850139740e-01,5.987412047779905322e-01,4.137390509444419662e-01,-4.711412190566337532e-01,6.507125807694816855e-01,8.808608293973071990e-02,6.006743045461725439e-01,6.309727371193637468e-01,-2.468320451124712267e-01,1.000000000000000000e+00,-1.952348298480496014e-01,9.824334494516215321e-02,5.413639759510129323e-01,5.245405726991243522e-01,3.979043078416229506e-01,5.332627612901136294e-01,-6.561273155762029075e-02,4.956219208125796083e-01,3.343328950833306806e-02,7.737995398502667266e-02,3.012068040729219964e-01,6.146477761054067734e-01,4.791221347084607673e-01,-2.069697698389517948e-02,6.023903602984027605e-01,-2.497071524095933470e-01,3.906305716889698076e-01,5.195733445334350664e-01,-3.200409483302855684e-01,5.356537311562390435e-01
-2.132731483669819683e-01,-1.081819552052804001e-01,-3.254224586184809587e-01,9.778896509113729762e-02,-8.457234800089979965e-02,-2.874450938045640114e-01,-3.801735405497914666e-01,3.072391344287527248e-01,3.572234196429887459e-02,-3.404954118548519926e-01,-6.651076480398680768e-02,2.832841100477080931e-01,5.945209432162893576e-02,2.561706394653706642e-02,-2.500986832021453998e-01,-4.950285986386050024e-02,-3.745054582183361680e-02,-7.237715169458233677e-02,-1.952348298480496014e-01,1.000000000000000000e+00,-1.608642465114046016e-01,-4.747556595511929697e-03,-1.976743319122981415e-02,9.686582170639782691e-03,-2.752175927799000443e-01,-3.133838022692869152e-01,1.609954293392573121e-01,-2.100612532880940519e-01,-1.972418097829103656e-01,-2.085749206042677439e-01,6.348243332143323203e-02,1.672355071212868471e-01,-2.231239958890041675e-01,5.905818458371556862e-02,-3.194185101404172777e-01,-1.136179771642273698e-02,-2.118385897432274734e-02,-1.782204328883288114e-01,2.123246044100727536e-01
4.460376211359609044e-01,1.560284593374360318e-01,4.803920910365663266e-01,-3.364867258383498760e-01,1.562346331375019937e-01,4.025476965507738258e-01,2.040991763023606298e-01,-4.231617030603652130e-01,-1.231221740586748619e-03,3.044708008309670033e-01,-1.088371970836070485e-01,-4.855305300051229178e-01,2.863341126841973949e-01,-2.136254382545832720e-01,8.431545456876114730e-02,-1.816733594198014223e-01,-9.612141932256770827e-02,6.225860757243583121e-01,9.824334494516215321e-02,-1.608642465114046016e-01,1.000000000000000000e+00,-2.991882055029060905e-01,-3.518863593960998015e-01,-1.185618686049085962e-01,9.600512388423296239e-02,6.613817616059479709e-01,-4.712688955389174872e-01,7.170958947582042331e-01,5.498748055035099780e-01,3.615947010389286564e-01,-2.227571400745749219e-01,-4.721880883172403509e-01,6.909257521576610550e-01,-1.264275726321601179e-01,5.781573276716269749e-01,-1.784696823324293524e-01,-3.761904111656942384e-01,5.612315929481206389e-01,-3.855480851306727352e-01
-1.505939023531909782e-01,1.884843154454317882e-01,3.672833695344000608e-03,3.074913367799249619e-01,5.637262585400619752e-01,-3.467973152127665770e-01,-5.597619139215451733e-01,-5.535336257594086068e-02,6.403376962285874940e-01,1.759893023068301032e-01,6.135689033065583331e-01,7.399381354998094684e-01,-5.454302753829582961e-01,6.448738201179540219e-01,1.077043394518839153e-01,6.232685625361776838e-01,5.760956670529840951e-01,-6.550196620808688142e-01,5.413639759510129323e-01,-4.747556595511929697e-03,-2.991882055029060905e-01,1.000000000000000000e+00,5.590591373524887997e-01,4.146569899991043306e-01,2.833879509782621930e-01,-5.102184987272114780e-01,7.374185245545201717e-01,-3.828396268131348812e-01,-2.087103965517350945e-01,-7.986609799758216666e-02,7.122657632895548208e-01,7.528644809361186852e-01,-3.417968539297580044e-01,6.959428582145841258e-01,-6.013923411910293559e-01,4.275082181647327784e-01,6.998845170200664878e-01,-6.450163451023256389e-01,7.426093049287725290e-01
1.897733783239252941e-03,1.876969503129435890e-01,2.009806027659760963e-01,2.501577025051817116e-01,6.065527582346020852e-01,-1.507809223099131901e-01,-3.633625025547642107e-01,-2.541275307598661604e-01,6.009829309563629041e-01,3.248768200789693972e-01,7.029313807226618138e-01,6.522886218308142636e-01,-7.318367712648372603e-01,7.818899387076246876e-01,8.504224286748603145e-02,7.526217545606869175e-01,7.222108533036381006e-01,-6.114731051894933822e-01,5.245405726991243522e-01,-1.976743319122981415e-02,-3.518863593960998015e-01,5.590591373524887997e-01,1.000000000000000000e+00,4.410601026149309489e-01,5.340460589157700610e-01,-3.883632336339378210e-01,7.644379306152261355e-01,-2.825647956633433044e-01,-2.805336066386910909e-01,2.274354652444572356e-01,7.585135674152772012e-01,7.287077936553854052e-01,-4.316076367993468277e-01,6.901217241888971676e-01,-4.895041126288615652e-01,5.859588303468182824e-01,7.950232271558635988e-01,-5.929261845805885445e-01,6.849091210774279626e-01
3.362308833328398472e-01,3.947616365492574442e-01,1.463993841831553455e-01,7.663289158383805588e-02,3.733976412446116666e-01,-4.778800700962476146e-03,-1.913529262442870416e-01,-1.682540889886272317e-01,4.106453170092529414e-01,4.720264678879679265e-01,3.801266392934756766e-01,2.834979885196885485e-01,-2.504265830703423235e-01,5.003052600920564474e-01,7.493005669556199178e-02,5.380964081126066167e-01,4.793556125507629773e-01,-2.082888666636666941e-01,3.979043078416229506e-01,9.686582170639782691e-03,-1.185618686049085962e-01,4.146569899991043306e-01,4.410601026149309489e-01,1.000000000000000000e+00,4.966620696354680509e-01,-1.836825782709998814e-02,3.751255701120597696e-01,-2.993959435818274381e-02,1.343299059742248391e-01,3.951416953130238441e-01,3.557088205788114799e-01,3.789781454823868412e-01,-6.843420772928335283e-02,3.246085777597663147e-01,-1.375899915057355871e-01,4.373068026014128029e-01,4.558199557350529063e-01,-1.381429402906340642e-01,3.671164357715030468e-01
3.845065750279296757e-01,3.201387650415726260e-01,4.751057720467813383e-01,-5.342356900555773891e-02,5.421782754301512908e-01,2.682583002762757296e-01,7.407450604573191308e-03,-4.943524413001432749e-01,4.189080894719174331e-01,6.886859847835047344e-01,4.529825679190629950e-01,1.431666531666038744e-01,-3.935161192411557041e-01,4.950789501483099375e-01,1.113879425300583620e-01,6.019739961123198313e-01,5.478488840691217998e-01,-1.228731972904181652e-01,5.332627612901136294e-01,-2.752175927799000443e-01,9.600512388423296239e-02,2.833879509782621930e-01,5.340460589157700610e-01,4.966620696354680509e-01,1.000000000000000000e+00,2.026931202283767108e-01,3.137736137583067020e-01,2.226103058898093179e-01,9.097030022584698394e-02,4.722279285406407734e-01,4.245570107194654441e-01,2.659959840177324453e-01,5.335405249041731690e-02,3.829679175133599012e-01,7.855000669063265731e-03,4.994828873646615097e-01,4.679527906868154452e-01,-7.018321432337865096e-02,2.595473196506951630e-01
6.592022595751350078e-01,2.432410162519484942e-01,5.573223188514200288e-01,-4.483519621310002035e-01,-3.423276585780445774e-02,6.216181270044774942e-01,5.358454972923236692e-01,-4.987112737407438656e-01,-2.340993607309342084e-01,3.988673947259013253e-01,-2.343448208327225668e-01,-7.290684247875373059e-01,3.759011747989212116e-01,-3.254055169968143590e-01,2.166092302634583244e-01,-2.147634153310541694e-01,-1.523852586480298199e-01,7.575212607440598989e-01,-6.561273155762029075e-02,-3.133838022692869152e-01,6.613817616059479709e-01,-5.102184987272114780e-01,-3.883632336339378210e-01,-1.836825782709998814e-02,2.026931202283767108e-01,1.000000000000000000e+00,-6.304261837232542076e-01,8.210309103711228573e-01,5.975157496561142034e-01,4.800479176925867009e-01,-4.315918297292176686e-01,-6.504689385110655753e-01,7.143363511577017766e-01,-3.328256117041322182e-01,8.003227713823287681e-01,-7.310981363488712470e-02,-4.569326904632932673e-01,8.046682535913572965e-01,-6.372878113586792903e-01
-2.395425443542640864e-01,7.899386166141884880e-02,-1.984718793623737113e-02,3.847262612899023382e-01,5.789747771930029430e-01,-3.787975944606944423e-01,-5.905465943596437395e-01,-4.587493089730194235e-02,6.532368849595600047e-01,9.195277246863167719e-02,7.045451638638658975e-01,8.539433177468094271e-01,-7.382048887805846560e-01,7.653188538747056624e-01,5.750763309935662954e-02,6.995555991597622869e-01,6.723832139026564292e-01,-7.803287579703257482e-01,4.956219208125796083e-01,1.609954293392573121e-01,-4.712688955389174872e-01,7.374185245545201717e-01,7.644379306152261355e-01,3.751255701120597696e-01,3.137736137583067020e-01,-6.304261837232542076e-01,1.000000000000000000e+00,-4.949886742205889534e-01,-3.818290643128139927e-01,-1.031591018110806779e-01,8.272610145898162681e-01,8.742838316521178710e-01,-5.505702541258792326e-01,7.579971753868822715e-01,-7.052662900100125087e-01,5.299427749191826242e-01,8.311026549260815965e-01,-7.807260860454774409e-01,8.392496155738515817e-01
6.168536284391407110e-01,2.380933130358681704e-01,6.976408376378252507e-01,-4.161768556978355793e-01,1.589451794917275673e-01,4.869515044151519478e-01,4.233614079463847713e-01,-6.517623683634962140e-01,-1.140989166032293917e-01,3.792367909963478279e-01,-6.752421882427359079e-02,-5.829909628228284735e-01,2.563658305005053761e-01,-2.018371133409740947e-01,3.027877643505906269e-01,-1.112734879164053864e-01,-2.154362069506400232e-02,6.758846380790891617e-01,3.343328950833306806e-02,-2.100612532880940519e-01,7.170958947582042331e-01,-3.828396268131348812e-01,-2.825647956633433044e-01,-2.993959435818274381e-02,2.226103058898093179e-01,8.210309103711228573e-01,-4.949886742205889534e-01,1.000000000000000000e+00,5.459294378894072874e-01,4.648524490128709274e-01,-2.453733913379323450e-01,-5.123410622195664343e-01,6.755431640722544540e-01,-1.378480910146193117e-01,7.032745973942235995e-01,-3.983745106990447399e-02,-3.346068626351709763e-01,6.807583832386475686e-01,-5.116407508115730085e-01
5.978847853186353145e-01,3.959172930861749595e-01,3.371651924539642020e-01,-2.717555820678924650e-01,1.087561724563758381e-01,5.485326594502756281e-01,1.650561694408494706e-01,-2.817226690036204184e-01,3.711175999817722948e-02,3.290482388886369347e-01,-7.735654856767358589e-02,-4.383672109686494456e-01,2.614746422261510772e-01,-6.935659449828524004e-02,1.536677001599212056e-01,-6.504468466439743135e-02,-4.824106953349067972e-02,4.989905859292807500e-01,7.737995398502667266e-02,-1.972418097829103656e-01,5.498748055035099780e-01,-2.087103965517350945e-01,-2.805336066386910909e-01,1.343299059742248391e-01,9.097030022584698394e-02,5.975157496561142034e-01,-3.818290643128139927e-01,5.459294378894072874e-01,1.000000000000000000e+00,3.911567490478741194e-01,-2.414613905630525748e-01,-3.317059322690489864e-01,6.964206984572461900e-01,-1.368255056688821858e-01,5.582440097589327355e-01,-3.818810181566146406e-02,-2.512781083373041291e-01,5.411892598011224242e-01,-3.458242465357965756e-01
6.943320855900867450e-01,5.300977181836885599e-01,4.742535907822434948e-01,-3.172549633438790928e-01,3.050292846130197022e-01,3.853135337314225195e-01,1.367591424062867544e-01,-4.525218666083565822e-01,2.407249406716554796e-01,6.531200379602386530e-01,1.132589731281115064e-01,-2.136908495496017690e-01,-4.087332331713492556e-02,2.449624959448414852e-01,6.111690838964990019e-02,3.625134922980978169e-01,2.779259288392517124e-01,3.421962682508729592e-01,3.012068040729219964e-01,-2.085749206042677439e-01,3.615947010389286564e-01,-7.986609799758216666e-02,2.274354652444572356e-01,3.951416953130238441e-01,4.722279285406407734e-01,4.800479176925867009e-01,-1.031591018110806779e-01,4.648524490128709274e-01,3.911567490478741194e-01,1.000000000000000000e+00,3.040401973740077674e-02,-1.232898893793506201e-01,3.655119171013603840e-01,8.648863337956734509e-02,2.986384770153791002e-01,3.280867075625023555e-01,5.553242014726744030e-02,3.655385530138873795e-01,-7.051683621153288783e-02
-9.593843127361248446e-02,1.389972764709715980e-01,2.379882400892113781e-01,2.797401076121473484e-01,7.474022109461526675e-01,-2.602999017793720671e-01,-5.459135144719837740e-01,-2.941375884506020055e-01,7.342425018238063483e-01,2.291342639457427388e-01,7.988560036077422266e-01,7.665268674000846882e-01,-7.673420242410603498e-01,7.986247489417385159e-01,1.263059533201531803e-01,7.389584631690068184e-01,7.451817730464814771e-01,-6.460447212521347460e-01,6.146477761054067734e-01,6.348243332143323203e-02,-2.227571400745749219e-01,7.122657632895548208e-01,7.585135674152772012e-01,3.557088205788114799e-01,4.245570107194654441e-01,-4.315918297292176686e-01,8.272610145898162681e-01,-2.453733913379323450e-01,-2.414613905630525748e-01,3.040401973740077674e-02,1.000000000000000000e+00,8.033942190945068118e-01,-3.581019230315327095e-01,8.234110776807347376e-01,-5.514084896942959002e-01,5.566587769772313177e-01,8.105947338133733249e-01,-6.743516043319687236e-01,7.798831414206526258e-01
-2.497989711767961141e-01,1.094904722440977890e-01,-5.714758253138981642e-02,4.038088081509860761e-01,5.648872764815728864e-01,-3.963684742823193052e-01,-5.964820291125287888e-01,-9.634914379397618855e-03,6.402205335945978515e-01,6.333304135085705833e-02,6.788498376634299891e-01,8.494839375669911430e-01,-7.072778690536184465e-01,7.476483276890480978e-01,6.946430878079740134e-02,6.796932936035066097e-01,6.407401313874673265e-01,-7.883391202690117616e-01,4.791221347084607673e-01,1.672355071212868471e-01,-4.721880883172403509e-01,7.528644809361186852e-01,7.287077936553854052e-01,3.789781454823868412e-01,2.659959840177324453e-01,-6.504689385110655753e-01,8.742838316521178710e-01,-5.123410622195664343e-01,-3.317059322690489864e-01,-1.232898893793506201e-01,8.033942190945068118e-01,1.000000000000000000e+00,-5.430540244929414895e-01,7.449051953173759788e-01,-7.148350441834587787e-01,4.800803666947554560e-01,8.200678492099260364e-01,-7.871637081364465383e-01,8.261221283633730650e-01
5.895334459786881753e-01,3.152283396139365923e-01,3.752996663551330103e-01,-4.053788714658308479e-01,2.240301213420077195e-02,5.944544896800226796e-01,2.195872934822279132e-01,-2.997234515520563192e-01,-4.231514917100558798e-02,3.085127326443743989e-01,-2.300946827532065198e-01,-5.700861675520374483e-01,3.934579790718751302e-01,-2.906330413673263169e-01,6.489781458695313698e-02,-2.121574449560484910e-01,-1.547806854708771440e-01,6.571803928339282619e-01,-2.069697698389517948e-02,-2.231239958890041675e-01,6.909257521576610550e-01,-3.417968539297580044e-01,-4.316076367993468277e-01,-6.843420772928335283e-02,5.335405249041731690e-02,7.143363511577017766e-01,-5.505702541258792326e-01,6.755431640722544540e-01,6.964206984572461900e-01,3.655119171013603840e-01,-3.581019230315327095e-01,-5.430540244929414895e-01,1.000000000000000000e+00,-2.252943946033457712e-01,6.447864325253248596e-01,-9.994471749418838702e-02,-4.318959092246668630e-01,6.989011579861168499e-01,-4.607798194350767318e-01
2.516382022352009473e-02,2.548753059664934928e-01,2.931855338499591013e-01,2.478264880299636819e-01,7.877489505416798155e-01,-1.962166889644699208e-01,-5.532882536283333375e-01,-3.383296569378154706e-01,7.655100660878985108e-01,2.421200881912450309e-01,7.450321596887923281e-01,7.169538296129894794e-01,-7.323520026105743153e-01,7.618309118591496398e-01,2.000932731185728897e-01,7.391476468954168988e-01,7.344525644376445062e-01,-5.507014071368386832e-01,6.023903602984027605e-01,5.905818458371556862e-02,-1.264275726321601179e-01,6.959428582145841258e-01,6.901217241888971676e-01,3.246085777597663147e-01,3.829679175133599012e-01,-3.328256117041322182e-01,7.579971753868822715e-01,-1.378480910146193117e-01,-1.368255056688821858e-01,8.648863337956734509e-02,8.234110776807347376e-01,7.449051953173759788e-01,-2.252943946033457712e-01,1.000000000000000000e+00,-4.691655702126125149e-01,5.587619737215353544e-01,7.673165628645483016e-01,-5.436240169921442433e-01,7.247813131328786351e-01
4.768221004827665754e-01,6.244625998946771311e-02,4.193114882101700580e-01,-3.764413828380102078e-01,-2.262527240112038873e-01,5.794180971067889319e-01,6.165973672513962445e-01,-3.570293806854945573e-01,-4.320176882989837930e-01,1.837895045627338797e-01,-3.531340181740344475e-01,-7.800670559346658539e-01,4.478374777867220602e-01,-4.546914595435289641e-01,2.053973307610399979e-01,-4.037060579705673002e-01,-3.424400457968049816e-01,7.218007013937363103e-01,-2.497071524095933470e-01,-3.194185101404172777e-01,5.781573276716269749e-01,-6.013923411910293559e-01,-4.895041126288615652e-01,-1.375899915057355871e-01,7.855000669063265731e-03,8.003227713823287681e-01,-7.052662900100125087e-01,7.032745973942235995e-01,5.582440097589327355e-01,2.986384770153791002e-01,-5.514084896942959002e-01,-7.148350441834587787e-01,6.447864325253248596e-01,-4.691655702126125149e-01,1.000000000000000000e+00,-2.176436948660431803e-01,-5.426797107458267710e-01,7.790173135088096501e-01,-7.452586370620930545e-01
3.228049868972967529e-01,4.385134013937508346e-01,2.623208416911054219e-01,-7.821062793288086068e-02,5.367765698002157082e-01,1.959572207417598078e-01,-3.155828355800311402e-01,-3.097034110259100914e-01,5.720382177200536988e-01,4.006346368437327943e-01,5.179292807935154119e-01,4.310426421524095608e-01,-5.687659250729106830e-01,6.354517024163579553e-01,7.583882782416108415e-02,6.919780795265668694e-01,6.264826686021452984e-01,-3.265499831901784722e-01,3.906305716889698076e-01,-1.136179771642273698e-02,-1.784696823324293524e-01,4.275082181647327784e-01,5.859588303468182824e-01,4.373068026014128029e-01,4.994828873646615097e-01,-7.310981363488712470e-02,5.299427749191826242e-01,-3.983745106990447399e-02,-3.818810181566146406e-02,3.280867075625023555e-01,5.566587769772313177e-01,4.800803666947554560e-01,-9.994471749418838702e-02,5.587619737215353544e-01,-2.176436948660431803e-01,1.000000000000000000e+00,6.100692547868513671e-01,-2.222805188969116941e-01,4.865925423172258180e-01
-5.130741917339805974e-02,2.320882148306956383e-01,1.586267707527053983e-01,3.341316974223056402e-01,6.540328198147579153e-01,-2.234589632296294925e-01,-4.539122566731822461e-01,-2.216948657626221508e-01,6.541780418095349825e-01,2.574654199832183132e-01,7.496950722223985064e-01,7.436391466722203081e-01,-7.662534628802202263e-01,7.845529327712132961e-01,1.829277823767807010e-01,7.818312142992805969e-01,7.395577473351866438e-01,-7.051251854512564643e-01,5.195733445334350664e-01,-2.118385897432274734e-02,-3.761904111656942384e-01,6.998845170200664878e-01,7.950232271558635988e-01,4.558199557350529063e-01,4.679527906868154452e-01,-4.569326904632932673e-01,8.311026549260815965e-01,-3.346068626351709763e-01,-2.512781083373041291e-01,5.553242014726744030e-02,8.105947338133733249e-01,8.200678492099260364e-01,-4.318959092246668630e-01,7.673165628645483016e-01,-5.426797107458267710e-01,6.100692547868513671e-01,1.000000000000000000e+00,-6.582056934021726091e-01,7.495021497564825497e-01
5.755126507713662631e-01,2.079488432724603819e-01,2.709652122107464867e-01,-4.795167796427388662e-01,-3.139860882568097367e-01,5.510417973401069425e-01,5.136638417855452499e-01,-2.036243724903712138e-01,-4.078381690545877514e-01,1.774719388959653255e-01,-5.082349465778376318e-01,-8.022992587119517349e-01,5.785914794009053841e-01,-5.472484748882552319e-01,6.804146499840310613e-02,-4.319059317918872987e-01,-3.909103963086975608e-01,8.273874196860409036e-01,-3.200409483302855684e-01,-1.782204328883288114e-01,5.612315929481206389e-01,-6.450163451023256389e-01,-5.929261845805885445e-01,-1.381429402906340642e-01,-7.018321432337865096e-02,8.046682535913572965e-01,-7.807260860454774409e-01,6.807583832386475686e-01,5.411892598011224242e-01,3.655385530138873795e-01,-6.743516043319687236e-01,-7.871637081364465383e-01,6.989011579861168499e-01,-5.436240169921442433e-01,7.790173135088096501e-01,-2.222805188969116941e-01,-6.582056934021726091e-01,1.000000000000000000e+00,-7.322488501441027919e-01
-1.921509922023066086e-01,1.661523946490666426e-01,-1.251303643820603773e-01,3.255774420719728113e-01,5.728315527470280166e-01,-4.062471975929650703e-01,-7.203197240000200896e-01,6.968122427792929063e-02,7.359126263260673539e-01,1.193621581716676067e-01,6.359486791034750786e-01,8.528527781548274067e-01,-6.435835420471140988e-01,7.258715191372721032e-01,-9.654664344002567011e-02,6.680724754510424246e-01,6.414622910235456832e-01,-7.010363885605451761e-01,5.356537311562390435e-01,2.123246044100727536e-01,-3.855480851306727352e-01,7.426093049287725290e-01,6.849091210774279626e-01,3.671164357715030468e-01,2.595473196506951630e-01,-6.372878113586792903e-01,8.392496155738515817e-01,-5.116407508115730085e-01,-3.458242465357965756e-01,-7.051683621153288783e-02,7.798831414206526258e-01,8.261221283633730650e-01,-4.607798194350767318e-01,7.247813131328786351e-01,-7.452586370620930545e-01,4.865925423172258180e-01,7.495021497564825497e-01,-7.322488501441027919e-01,1.000000000000000000e+00
