1.000000000000000000e+00,5.113656973189945054e-01,5.209515359501446508e-01,1.100171879442015943e-01,5.864006847765241837e-01,-2.570050733608330099e-02,2.579170535016980792e-01,-5.505096179961668224e-01,6.009967611279252164e-01,3.616399584417017699e-01,3.445080214006580044e-01,2.812729201571809723e-01,-1.511211056685903865e-02,4.980936037530375171e-01,6.248954282707746000e-01,7.430664925107107743e-01,-1.597430407187870882e-01,7.572544733117867466e-01,4.443370824386437823e-01,3.876247895852102943e-01,1.983682203381964826e-01,3.501859339704392338e-01,2.126521110285581606e-01,1.620433682021959476e-01,5.406047058672312083e-02,5.318614192242436811e-01,1.988845796347336603e-01,6.468222278526954971e-01,5.644575516486541877e-01,7.599985241616040721e-01,2.545901623462467622e-01,8.969432803568980206e-02,3.272254443746679953e-01,7.175946819045222469e-01,4.730533707758609596e-01,4.629834485709239389e-01,1.567186822718634187e-01,6.973801199693413500e-01,4.155056408451386907e-01
5.113656973189945054e-01,1.000000000000000000e+00,4.647015500592385773e-01,3.373650692480328894e-01,4.935167599782610548e-01,5.584093028378686041e-01,7.487817755725162047e-03,-5.014233401095041787e-01,7.370936031442192338e-01,7.919318008665191533e-01,-2.827526547038672899e-01,6.235218243278078942e-01,-1.244689865535361095e-01,5.550471519401420917e-01,2.246319838604581703e-02,5.718174504634936373e-01,9.697063232336550209e-02,2.184078445102789479e-01,2.016951774100159134e-01,1.913678165227577499e-01,4.140285505942432609e-01,4.052954609488483850e-01,6.773364629456068986e-01,5.331504287828827682e-01,6.124556138054662036e-01,3.976249692163301153e-01,4.792456464609786138e-01,4.701746967567924651e-01,4.369779212420611958e-01,4.882468076512547217e-01,5.390324127600149007e-01,-2.853322644215224857e-01,4.719983192750787926e-01,4.010028914077348183e-01,3.465255771617178904e-01,5.139243923795180358e-01,4.961796334597201596e-01,6.667716589541845540e-01,7.070541684433154783e-01
5.209515359501446508e-01,4.647015500592385773e-01,1.000000000000000000e+00,5.961068129865482179e-01,7.905212248660088425e-01,1.768317531558292743e-01,4.940971603440035276e-01,-9.273329481307720501e-01,7.422027253990767237e-01,6.220443174009001597e-01,1.395317684122188984e-01,6.662688844577181468e-01,9.433561031571863209e-02,7.731703622431760348e-01,5.027685635340460868e-01,4.600992290367849624e-01,2.784819300475169235e-01,5.611286684367616795e-01,6.004490690087814775e-01,4.014040887587951301e-01,7.614367012904521559e-02,4.672276884284590204e-01,5.063744613896460356e-01,3.040273455808903957e-01,2.869694320963255829e-01,7.980812683819212827e-01,6.253321664904369914e-01,7.511416391664854642e-01,5.941403976879424675e-01,6.275903947586949361e-01,8.081632970544490036e-01,-9.219858434132448266e-02,6.656855823113039250e-01,6.157131756819950175e-01,6.591722402296696925e-01,5.566515773464925099e-01,5.241299929901125365e-01,4.370320437934754332e-01,5.119433479589396985e-01
1.100171879442015943e-01,3.373650692480328894e-01,5.961068129865482179e-01,1.000000000000000000e+00,3.415395187550966938e-01,4.099983337383416582e-01,5.602894782525140727e-01,-4.916784798049284588e-01,5.298254336213750193e-01,4.981941239674435584e-01,-9.395432535032289742e-03,5.465416602416963698e-01,4.572905978405658600e-01,6.272069031943062756e-01,1.540780332500457928e-01,-4.159468215243476708e-02,5.023078275845935803e-01,2.273821490686538660e-01,3.951662112102012347e-01,4.006618144103002432e-01,1.387830752486987063e-01,4.843731745104832842e-01,5.816917151643875572e-01,4.099797443293419774e-01,3.903426873839864197e-01,6.368305511726719548e-01,7.240290063890199024e-01,4.222257699678683696e-01,5.667556383552784238e-01,1.393656837509220092e-01,6.169284135354552445e-01,-1.558813767788616300e-01,7.151264023884280618e-01,2.307501565669551127e-02,6.641905754087303881e-01,9.471832571015245672e-02,6.779201469419178228e-01,6.307995204126776168e-02,3.388472833209763002e-01
5.864006847765241837e-01,4.935167599782610548e-01,7.905212248660088425e-01,3.415395187550966938e-01,1.000000000000000000e+00,1.834817372120650936e-01,2.359421284818968290e-01,-8.531574703158633088e-01,7.406408568920392899e-01,6.156557649451175340e-01,8.974136274055435902e-02,5.150278473507726718e-01,-1.995122250007708153e-01,6.760414957552780546e-01,3.242342572242020160e-01,6.661512948000541945e-01,4.812543660200474527e-02,5.166549333969762126e-01,4.446220521015806226e-01,3.146394416886195700e-01,2.240800603414507541e-01,3.158610850873556641e-01,4.439846027454056876e-01,3.423541098184684217e-01,3.354177085834056382e-01,5.364771188285702985e-01,4.028559617982754304e-01,7.444815498377240770e-01,4.865319106029834528e-01,7.188245187704221939e-01,6.605306051683784707e-01,-1.735552220212232266e-01,4.870480531688908266e-01,7.415565304700121319e-01,4.497697942030591256e-01,6.415725331122310582e-01,3.854298079594325466e-01,6.383675984878934839e-01,6.287021135507732117e-01
-2.570050733608330099e-02,5.584093028378686041e-01,1.768317531558292743e-01,4.099983337383416582e-01,1.834817372120650936e-01,1.000000000000000000e+00,-4.373379056089137656e-02,-1.790954140942915551e-01,4.410226372997239075e-01,6.388995729427113801e-01,-4.527544101036169444e-01,4.912850409430831178e-01,-7.749098242391265490e-02,4.428871878609322854e-01,-3.600211883910059418e-01,8.142352341691964923e-02,2.173011818813221085e-01,-9.762662672660331331e-02,-5.249789436857695002e-02,1.912903406535456374e-01,6.578939027682196850e-01,2.533423758718640340e-01,8.177227433159575121e-01,8.342716722632269599e-01,8.786990731340967864e-01,1.565624886558349693e-01,5.307481586766971127e-01,2.854356748042906067e-01,3.604226857244269278e-01,2.570714566088472958e-02,4.410213225183396424e-01,-2.732521705521318567e-01,5.398788112845240850e-01,-8.175575975504097148e-02,2.981700157965508358e-01,1.220716764378185770e-01,6.744296562624636504e-01,2.427166361337530498e-01,4.621749926886757343e-01
2.579170535016980792e-01,7.487817755725162047e-03,4.940971603440035276e-01,5.602894782525140727e-01,2.359421284818968290e-01,-4.373379056089137656e-02,1.000000000000000000e+00,-3.805340745745608988e-01,2.575374282656937019e-01,1.311953505407864873e-01,3.433552272112708748e-01,3.140276226756647526e-01,4.719619140040579031e-01,5.010902397675821573e-01,4.979630205261036946e-01,-2.841887827042241521e-02,3.248550073688212247e-01,4.474609391916569145e-01,4.877170360974034669e-01,6.230291028066929915e-01,-1.497815670728076254e-01,2.288213668675949386e-01,1.446893002304803777e-01,4.441105473393061609e-02,-7.791149573130699835e-02,6.147609029931390134e-01,3.882845938400180663e-01,3.649326347374074464e-01,4.391296364428401988e-01,1.967169701512438695e-01,4.080630946807483062e-01,1.216655657358281795e-01,4.647768662792716721e-01,1.582799102587048867e-01,5.629002628360798566e-01,1.890036533065735450e-02,3.556701558118592343e-01,-2.892556778692780516e-03,7.647429624846276142e-02
-5.505096179961668224e-01,-5.014233401095041787e-01,-9.273329481307720501e-01,-4.916784798049284588e-01,-8.531574703158633088e-01,-1.790954140942915551e-01,-3.805340745745608988e-01,1.000000000000000000e+00,-7.521402672999860650e-01,-6.458621529926098503e-01,-9.849313405602382054e-02,-6.409481201633132619e-01,5.731712919466089989e-02,-7.479847419919819496e-01,-4.374128028443851068e-01,-5.657404072768104086e-01,-1.754495706044691128e-01,-5.396209460168084338e-01,-5.314996785900013565e-01,-3.423658763061676602e-01,-1.286565117851641848e-01,-4.178287436009032740e-01,-4.890395596909568598e-01,-3.175164373940778662e-01,-3.223135709545052463e-01,-7.147086696478002210e-01,-5.644640662110945728e-01,-7.765194902862767590e-01,-5.338098935646142795e-01,-6.828302461982758143e-01,-7.933570794793463055e-01,1.143209953252023736e-01,-5.943411641340686780e-01,-6.829249886064396868e-01,-5.682039677289464352e-01,-6.297700903988916465e-01,-4.682280352128574963e-01,-5.245840620992001657e-01,-5.739629555230421065e-01
6.009967611279252164e-01,7.370936031442192338e-01,7.422027253990767237e-01,5.298254336213750193e-01,7.406408568920392899e-01,4.410226372997239075e-01,2.575374282656937019e-01,-7.521402672999860650e-01,1.000000000000000000e+00,8.193236976811604233e-01,-6.169906825201301737e-02,6.956106425529936521e-01,2.584627416989162402e-02,7.644741570054744972e-01,3.210761553094697018e-01,6.186483571687181326e-01,2.988354074613359668e-01,5.046782614708285042e-01,5.080090169194632077e-01,4.358224718755238092e-01,3.623440894415808078e-01,5.584272008850453828e-01,7.220891418765974512e-01,4.986584584413693011e-01,5.320394315175236422e-01,6.919334735467187469e-01,5.959122066990489852e-01,6.843421984467037422e-01,6.829285931104315255e-01,6.892681402570347560e-01,6.909156853584325075e-01,-2.945835901575846183e-01,7.004526414460332528e-01,5.793669584454547161e-01,6.013255661023007015e-01,5.738950978085681776e-01,5.590039536943417486e-01,7.105725188391031066e-01,7.312829486729184314e-01
3.616399584417017699e-01,7.919318008665191533e-01,6.220443174009001597e-01,4.981941239674435584e-01,6.156557649451175340e-01,6.388995729427113801e-01,1.311953505407864873e-01,-6.458621529926098503e-01,8.193236976811604233e-01,1.000000000000000000e+00,-3.524165149887597548e-01,7.503046592831847938e-01,-6.761415492831873708e-02,6.916877634987216306e-01,4.727506490388513893e-02,5.192982824509077000e-01,3.506353261233482455e-01,2.491937818754308420e-01,3.697544860358967789e-01,3.535831028405768683e-01,4.933352885912810626e-01,5.240689506075597581e-01,8.192706752117919766e-01,6.153541853427912933e-01,7.238112569477446190e-01,5.163419774754108849e-01,5.755636108071832124e-01,5.704746953545214438e-01,5.228660886570098976e-01,5.226428416346555750e-01,7.193823110197240522e-01,-4.468299875952745914e-01,6.818014186005393329e-01,4.408305553567773982e-01,4.562364647466402023e-01,5.516701763535368785e-01,6.117131035113047011e-01,6.235232540530994960e-01,7.141515165909008145e-01
3.445080214006580044e-01,-2.827526547038672899e-01,1.395317684122188984e-01,-9.395432535032289742e-03,8.974136274055435902e-02,-4.527544101036169444e-01,3.433552272112708748e-01,-9.849313405602382054e-02,-6.169906825201301737e-02,-3.524165149887597548e-01,1.000000000000000000e+00,-2.234294960722738865e-01,2.886227865914959279e-01,1.137725949660624430e-01,5.680851520756264872e-01,1.208617963281524710e-01,-1.447086961540884065e-01,5.097854754600164018e-01,2.803204331140942696e-01,1.949878480874691900e-01,-2.066549092991795122e-01,5.969047954424266250e-02,-3.340110841721974921e-01,-2.223963941148608403e-01,-4.796722730771912357e-01,2.645469851208018253e-01,5.359227508581874792e-03,2.148954349180371703e-01,2.704670707686346875e-01,2.925526917470478994e-01,-9.157155652566935367e-02,6.415885165681430857e-01,6.056471134465821193e-02,2.460980809648075640e-01,3.880333129764044764e-01,3.865741953339054543e-02,2.789684560712213813e-03,-7.722904826380329324e-02,-2.093697357506223433e-01
2.812729201571809723e-01,6.235218243278078942e-01,6.662688844577181468e-01,5.465416602416963698e-01,5.150278473507726718e-01,4.912850409430831178e-01,3.140276226756647526e-01,-6.409481201633132619e-01,6.956106425529936521e-01,7.503046592831847938e-01,-2.234294960722738865e-01,1.000000000000000000e+00,1.052361646552189139e-01,6.853176233690073671e-01,2.131490616726930964e-01,2.982377677156720086e-01,4.201550470391385850e-01,3.358592620700499576e-01,4.539499164787645924e-01,4.130153693561510186e-01,2.780607711092107359e-01,4.203985734652733175e-01,6.671737672430996247e-01,4.661818201247914240e-01,5.239491155029218916e-01,6.012172149459822368e-01,6.351222814557648810e-01,5.027694951519586786e-01,5.255971141647703959e-01,3.986769693808220327e-01,7.195901707617436971e-01,-2.267302922599495063e-01,6.665543954760441148e-01,3.989461869026428298e-01,4.786374663705174615e-01,4.916446955446368561e-01,5.869774422712535911e-01,4.140161865038053945e-01,5.211339801861502030e-01
-1.511211056685903865e-02,-1.244689865535361095e-01,9.433561031571863209e-02,4.572905978405658600e-01,-1.995122250007708153e-01,-7.749098242391265490e-02,4.719619140040579031e-01,5.731712919466089989e-02,2.584627416989162402e-02,-6.761415492831873708e-02,2.886227865914959279e-01,1.052361646552189139e-01,1.000000000000000000e+00,1.379942201987326700e-01,4.086317967633859016e-01,-4.048460773426411641e-01,5.702815444477130624e-01,2.311809122159949048e-01,4.911550080192100820e-01,3.846923121026338266e-01,-2.387872348648966969e-01,4.297079352227795579e-01,7.596742686124943744e-02,-1.284141965105602690e-01,-2.498046951047074027e-01,4.428088090535006738e-01,2.413570905651417076e-01,-1.276984449522889364e-01,4.002724805163793698e-01,-1.462958627021067326e-01,1.246146150178597482e-03,7.215937739761134340e-02,4.077357926369187813e-01,-1.529726177165014189e-01,4.781569639976051556e-01,-3.052433401794014678e-01,2.072722292690830082e-01,-2.242384649990409318e-01,-2.892455150211603043e-01
4.980936037530375171e-01,5.550471519401420917e-01,7.731703622431760348e-01,6.272069031943062756e-01,6.760414957552780546e-01,4.428871878609322854e-01,5.010902397675821573e-01,-7.479847419919819496e-01,7.644741570054744972e-01,6.916877634987216306e-01,1.137725949660624430e-01,6.853176233690073671e-01,1.379942201987326700e-01,1.000000000000000000e+00,3.545764100524978479e-01,4.297260068237180874e-01,2.888728645118245897e-01,5.101630316113240360e-01,5.123620843796049540e-01,4.494231763673442459e-01,2.622700255736874486e-01,4.534926983715005244e-01,6.941701599916373366e-01,6.038229533966126272e-01,4.987576576054738586e-01,7.683289170491068854e-01,7.239827510561007706e-01,7.203723246338636921e-01,7.226019973809350017e-01,5.463563395581270132e-01,7.997436158736431766e-01,-7.287596212842675780e-02,7.924865738629373046e-01,4.620001070875560667e-01,7.604849195960609043e-01,5.242574381304383468e-01,7.476288704835630794e-01,4.880035163936128351e-01,5.924899920249441232e-01
6.248954282707746000e-01,2.246319838604581703e-02,5.027685635340460868e-01,1.540780332500457928e-01,3.242342572242020160e-01,-3.600211883910059418e-01,4.979630205261036946e-01,-4.374128028443851068e-01,3.210761553094697018e-01,4.727506490388513893e-02,5.680851520756264872e-01,2.131490616726930964e-01,4.086317967633859016e-01,3.545764100524978479e-01,1.000000000000000000e+00,2.638204222726001635e-01,2.349876295495954837e-01,8.071963287205108362e-01,7.691401251893816848e-01,4.454376059111005426e-01,-2.029569554806734122e-01,4.333410313951365223e-01,-3.296368174474874346e-02,-2.223027701920844701e-01,-3.781496871667641146e-01,6.804329017080652520e-01,9.139790716410393923e-02,3.494362068959521728e-01,5.521826221348585806e-01,5.202306582029498916e-01,1.683893367877337122e-01,2.241755041897106338e-01,3.611755131726623880e-01,5.779948207025346063e-01,5.577169250014974988e-01,2.274105975994656637e-01,3.266661157492354445e-02,2.265257843380035496e-01,-1.101499678846295655e-01
7.430664925107107743e-01,5.718174504634936373e-01,4.600992290367849624e-01,-4.159468215243476708e-02,6.661512948000541945e-01,8.142352341691964923e-02,-2.841887827042241521e-02,-5.657404072768104086e-01,6.186483571687181326e-01,5.192982824509077000e-01,1.208617963281524710e-01,2.982377677156720086e-01,-4.048460773426411641e-01,4.297260068237180874e-01,2.638204222726001635e-01,1.000000000000000000e+00,-3.045472701431810592e-01,5.112748425085014148e-01,1.711647849470413207e-01,1.999224166558435933e-01,3.618776625929193691e-01,2.025514451439834052e-01,2.538636352117191186e-01,2.653623336560319568e-01,2.665098575965321737e-01,2.690310323642217671e-01,1.389328548530548157e-01,6.578265195129315845e-01,3.133114384203646297e-01,8.267071954653896215e-01,3.059453698633522456e-01,-5.284988175897757656e-02,1.828162208777917852e-01,7.056255062421423752e-01,2.222913675216559581e-01,6.329846619400225638e-01,1.247962806449832984e-01,7.632291879701282866e-01,6.283709981549705503e-01
-1.597430407187870882e-01,9.697063232336550209e-02,2.784819300475169235e-01,5.023078275845935803e-01,4.812543660200474527e-02,2.173011818813221085e-01,3.248550073688212247e-01,-1.754495706044691128e-01,2.988354074613359668e-01,3.506353261233482455e-01,-1.447086961540884065e-01,4.201550470391385850e-01,5.702815444477130624e-01,2.888728645118245897e-01,2.349876295495954837e-01,-3.045472701431810592e-01,1.000000000000000000e+00,8.503190675147746791e-02,5.865852074918541659e-01,3.791696218883494063e-01,-4.338754159991003306e-02,5.414012515693756855e-01,3.930188856908496953e-01,5.510850905779836328e-02,1.206120925820410028e-01,4.833433078777915615e-01,3.354075085800010680e-01,-8.276759161019169031e-02,3.742078566846871457e-01,-6.988567990902441740e-02,3.274436527738850966e-01,-2.634969366002913316e-01,5.616301201962971001e-01,-7.507295564486487702e-03,3.516228093907440844e-01,-1.645227226798184894e-02,2.726454421884341728e-01,-1.627446989900669522e-02,-3.533721688648082393e-02
7.572544733117867466e-01,2.184078445102789479e-01,5.611286684367616795e-01,2.273821490686538660e-01,5.166549333969762126e-01,-9.762662672660331331e-02,4.474609391916569145e-01,-5.396209460168084338e-01,5.046782614708285042e-01,2.491937818754308420e-01,5.097854754600164018e-01,3.358592620700499576e-01,2.311809122159949048e-01,5.101630316113240360e-01,8.071963287205108362e-01,5.112748425085014148e-01,8.503190675147746791e-02,1.000000000000000000e+00,6.921638548850744810e-01,5.763607932128926858e-01,1.615254506911024401e-01,4.483244511440950819e-01,1.772958152226722095e-01,1.114957130248692002e-01,-7.014389742487781021e-02,6.316566504281131422e-01,1.821752639673933916e-01,5.894830663470504994e-01,6.661993070354389479e-01,7.062563789055177343e-01,2.261286165051566155e-01,1.962125553400026479e-01,4.746239904529240272e-01,7.069630290626188751e-01,6.221424780573820978e-01,3.980875148845623990e-01,2.071814786107032680e-01,4.078203411035383752e-01,1.077407226996386774e-01
4.443370824386437823e-01,2.016951774100159134e-01,6.004490690087814775e-01,3.951662112102012347e-01,4.446220521015806226e-01,-5.249789436857695002e-02,4.877170360974034669e-01,-5.314996785900013565e-01,5.080090169194632077e-01,3.697544860358967789e-01,2.803204331140942696e-01,4.539499164787645924e-01,4.911550080192100820e-01,5.123620843796049540e-01,7.691401251893816848e-01,1.711647849470413207e-01,5.865852074918541659e-01,6.921638548850744810e-01,1.000000000000000000e+00,5.642263584046278702e-01,-4.928155651187347830e-02,6.665160476709954818e-01,2.957627435264115201e-01,-1.649919160719336142e-02,-9.272643205273019273e-02,7.418068896394137690e-01,2.373200439486752022e-01,3.146349350129889477e-01,6.556954171143617449e-01,4.828027926411653237e-01,3.900174466142095064e-01,-1.115725794077299660e-01,6.303403930102453590e-01,6.064468786366660202e-01,6.458367476125159712e-01,3.177956217691704777e-01,2.848363636646144004e-01,2.361542088728840194e-01,-5.086561164497579481e-03
3.876247895852102943e-01,1.913678165227577499e-01,4.014040887587951301e-01,4.006618144103002432e-01,3.146394416886195700e-01,1.912903406535456374e-01,6.230291028066929915e-01,-3.423658763061676602e-01,4.358224718755238092e-01,3.535831028405768683e-01,1.949878480874691900e-01,4.130153693561510186e-01,3.846923121026338266e-01,4.494231763673442459e-01,4.454376059111005426e-01,1.999224166558435933e-01,3.791696218883494063e-01,5.763607932128926858e-01,5.642263584046278702e-01,1.000000000000000000e+00,3.600990794749044377e-01,5.076418716059429848e-01,3.292975177179912616e-01,2.317051044797136805e-01,1.597380192070535221e-01,4.878013712522857315e-01,2.875050288420121225e-01,4.732524191464628771e-01,5.894846870145961093e-01,3.891062371641795248e-01,2.773346011210632844e-01,-9.733024786029262354e-02,5.764810006680822774e-01,4.111311736033586572e-01,5.227066531791805248e-01,1.524148623431801630e-01,3.327610948646147482e-01,2.778896776071709263e-01,1.561375598270016152e-01
1.983682203381964826e-01,4.140285505942432609e-01,7.614367012904521559e-02,1.387830752486987063e-01,2.240800603414507541e-01,6.578939027682196850e-01,-1.497815670728076254e-01,-1.286565117851641848e-01,3.623440894415808078e-01,4.933352885912810626e-01,-2.066549092991795122e-01,2.780607711092107359e-01,-2.387872348648966969e-01,2.622700255736874486e-01,-2.029569554806734122e-01,3.618776625929193691e-01,-4.338754159991003306e-02,1.615254506911024401e-01,-4.928155651187347830e-02,3.600990794749044377e-01,1.000000000000000000e+00,3.102023231123593461e-01,5.555848327695269706e-01,6.902460006131332371e-01,6.971883103635536649e-01,-6.001376534488122270e-03,2.781519854009787407e-01,4.649543902671061102e-01,3.769345870726996672e-01,2.570127553319001557e-01,1.881484722048148706e-01,-1.789087959679708240e-01,4.076584966857740855e-01,1.889164056719811191e-01,2.150949914958406040e-01,1.509179485319197822e-01,4.068497885155828997e-01,3.681947251910395180e-01,3.806710959945418526e-01
3.501859339704392338e-01,4.052954609488483850e-01,4.672276884284590204e-01,4.843731745104832842e-01,3.158610850873556641e-01,2.533423758718640340e-01,2.288213668675949386e-01,-4.178287436009032740e-01,5.584272008850453828e-01,5.240689506075597581e-01,5.969047954424266250e-02,4.203985734652733175e-01,4.297079352227795579e-01,4.534926983715005244e-01,4.333410313951365223e-01,2.025514451439834052e-01,5.414012515693756855e-01,4.483244511440950819e-01,6.665160476709954818e-01,5.076418716059429848e-01,3.102023231123593461e-01,1.000000000000000000e+00,4.846844233926794754e-01,2.052611801375680556e-01,2.167376170453872430e-01,5.908198350935462972e-01,3.866062899554477683e-01,3.716359277292534680e-01,6.554543581211464964e-01,3.591779221609286976e-01,3.843465134582862985e-01,-2.571150779699312716e-01,6.681665139288569533e-01,3.780772706898299362e-01,6.024652705928468244e-01,1.720628986646121350e-01,4.069014186580299786e-01,3.036220789511068219e-01,1.614572098589964200e-01
2.126521110285581606e-01,6.773364629456068986e-01,5.063744613896460356e-01,5.816917151643875572e-01,4.439846027454056876e-01,8.177227433159575121e-01,1.446893002304803777e-01,-4.890395596909568598e-01,7.220891418765974512e-01,8.192706752117919766e-01,-3.340110841721974921e-01,6.671737672430996247e-01,7.596742686124943744e-02,6.941701599916373366e-01,-3.296368174474874346e-02,2.538636352117191186e-01,3.930188856908496953e-01,1.772958152226722095e-01,2.957627435264115201e-01,3.292975177179912616e-01,5.555848327695269706e-01,4.846844233926794754e-01,1.000000000000000000e+00,7.964904370052156013e-01,8.225957567216062305e-01,5.114200134068017656e-01,6.716423029098457231e-01,4.829908815613656037e-01,6.075713139325462642e-01,2.775124661571984896e-01,6.694781066717833129e-01,-3.662200291310368505e-01,7.790931094326124517e-01,1.959435448799477786e-01,5.621849842181153578e-01,3.411111828836476123e-01,7.710111185861394656e-01,4.249287986443834320e-01,5.700124426540290612e-01
1.620433682021959476e-01,5.331504287828827682e-01,3.040273455808903957e-01,4.099797443293419774e-01,3.423541098184684217e-01,8.342716722632269599e-01,4.441105473393061609e-02,-3.175164373940778662e-01,4.986584584413693011e-01,6.153541853427912933e-01,-2.223963941148608403e-01,4.661818201247914240e-01,-1.284141965105602690e-01,6.038229533966126272e-01,-2.223027701920844701e-01,2.653623336560319568e-01,5.510850905779836328e-02,1.114957130248692002e-01,-1.649919160719336142e-02,2.317051044797136805e-01,6.902460006131332371e-01,2.052611801375680556e-01,7.964904370052156013e-01,1.000000000000000000e+00,8.555174819639870254e-01,2.514646331039149807e-01,6.074635485767088117e-01,5.084142797213307974e-01,4.714365979071306056e-01,1.954504370519787593e-01,5.021734929381949097e-01,-1.016109582119485849e-01,5.984028009962530925e-01,7.637031087696774523e-02,4.413360496618914386e-01,2.672127154124890880e-01,7.327745211684006943e-01,3.257530646117995921e-01,5.291570951332128514e-01
5.406047058672312083e-02,6.124556138054662036e-01,2.869694320963255829e-01,3.903426873839864197e-01,3.354177085834056382e-01,8.786990731340967864e-01,-7.791149573130699835e-02,-3.223135709545052463e-01,5.320394315175236422e-01,7.238112569477446190e-01,-4.796722730771912357e-01,5.239491155029218916e-01,-2.498046951047074027e-01,4.987576576054738586e-01,-3.781496871667641146e-01,2.665098575965321737e-01,1.206120925820410028e-01,-7.014389742487781021e-02,-9.272643205273019273e-02,1.597380192070535221e-01,6.971883103635536649e-01,2.167376170453872430e-01,8.225957567216062305e-01,8.555174819639870254e-01,1.000000000000000000e+00,1.655357142777160728e-01,5.720393215425567668e-01,4.313549979865893835e-01,3.130649617074127145e-01,1.544246845301371907e-01,5.286237054140987546e-01,-2.959981148568222586e-01,5.179874070006166287e-01,4.651294294254064432e-02,2.566135140357437283e-01,2.839919219286880514e-01,6.436307572682412603e-01,3.704665039876822719e-01,6.158713669532600576e-01
5.318614192242436811e-01,3.976249692163301153e-01,7.980812683819212827e-01,6.368305511726719548e-01,5.364771188285702985e-01,1.565624886558349693e-01,6.147609029931390134e-01,-7.147086696478002210e-01,6.919334735467187469e-01,5.163419774754108849e-01,2.645469851208018253e-01,6.012172149459822368e-01,4.428088090535006738e-01,7.683289170491068854e-01,6.804329017080652520e-01,2.690310323642217671e-01,4.833433078777915615e-01,6.316566504281131422e-01,7.418068896394137690e-01,4.878013712522857315e-01,-6.001376534488122270e-03,5.908198350935462972e-01,5.114200134068017656e-01,2.514646331039149807e-01,1.655357142777160728e-01,1.000000000000000000e+00,6.550808973583767125e-01,5.753140062085043693e-01,7.660196298077642796e-01,5.073879647999067766e-01,6.799174057771147917e-01,7.829166873704048596e-03,7.691458126134976814e-01,4.551087440649516647e-01,8.023181866521508221e-01,3.651444771092412500e-01,5.252123241811376131e-01,3.685167589707386560e-01,3.474421395408675006e-01
1.988845796347336603e-01,4.792456464609786138e-01,6.253321664904369914e-01,7.240290063890199024e-01,4.028559617982754304e-01,5.307481586766971127e-01,3.882845938400180663e-01,-5.644640662110945728e-01,5.959122066990489852e-01,5.755636108071832124e-01,5.359227508581874792e-03,6.351222814557648810e-01,2.413570905651417076e-01,7.239827510561007706e-01,9.139790716410393923e-02,1.389328548530548157e-01,3.354075085800010680e-01,1.821752639673933916e-01,2.373200439486752022e-01,2.875050288420121225e-01,2.781519854009787407e-01,3.866062899554477683e-01,6.716423029098457231e-01,6.074635485767088117e-01,5.720393215425567668e-01,6.550808973583767125e-01,1.000000000000000000e+00,5.828959210993093221e-01,5.782524471070094041e-01,2.124597038902459323e-01,7.643759089669011075e-01,6.874886379338876474e-02,7.347059299685012590e-01,9.241087820179413881e-02,6.420244000364964121e-01,2.363611110193641618e-01,7.356795024016256068e-01,2.493254418918905979e-01,5.580957197949627524e-01
6.468222278526954971e-01,4.701746967567924651e-01,7.511416391664854642e-01,4.222257699678683696e-01,7.444815498377240770e-01,2.854356748042906067e-01,3.649326347374074464e-01,-7.765194902862767590e-01,6.843421984467037422e-01,5.704746953545214438e-01,2.148954349180371703e-01,5.027694951519586786e-01,-1.276984449522889364e-01,7.203723246338636921e-01,3.494362068959521728e-01,6.578265195129315845e-01,-8.276759161019169031e-02,5.894830663470504994e-01,3.146349350129889477e-01,4.732524191464628771e-01,4.649543902671061102e-01,3.716359277292534680e-01,4.829908815613656037e-01,5.084142797213307974e-01,4.313549979865893835e-01,5.753140062085043693e-01,5.828959210993093221e-01,1.000000000000000000e+00,6.114729822308034857e-01,6.897456030001127836e-01,6.534465874926274065e-01,1.472560748359748144e-02,5.892160364632503811e-01,5.992043425568959192e-01,6.063333341637924256e-01,5.054113910670634535e-01,5.290906686232633716e-01,5.684458419102272897e-01,6.172027106569942800e-01
5.644575516486541877e-01,4.369779212420611958e-01,5.941403976879424675e-01,5.667556383552784238e-01,4.865319106029834528e-01,3.604226857244269278e-01,4.391296364428401988e-01,-5.338098935646142795e-01,6.829285931104315255e-01,5.228660886570098976e-01,2.704670707686346875e-01,5.255971141647703959e-01,4.002724805163793698e-01,7.226019973809350017e-01,5.521826221348585806e-01,3.133114384203646297e-01,3.742078566846871457e-01,6.661993070354389479e-01,6.556954171143617449e-01,5.894846870145961093e-01,3.769345870726996672e-01,6.554543581211464964e-01,6.075713139325462642e-01,4.714365979071306056e-01,3.130649617074127145e-01,7.660196298077642796e-01,5.782524471070094041e-01,6.114729822308034857e-01,1.000000000000000000e+00,5.131178827561697631e-01,5.190477676405982344e-01,-3.902368590997200293e-02,8.200623707850234201e-01,4.467317505164419278e-01,8.330967057239178075e-01,2.807301878159708663e-01,6.123410979540016008e-01,4.285031349610349261e-01,3.379499459931597505e-01
7.599985241616040721e-01,4.882468076512547217e-01,6.275903947586949361e-01,1.393656837509220092e-01,7.188245187704221939e-01,2.570714566088472958e-02,1.967169701512438695e-01,-6.828302461982758143e-01,6.892681402570347560e-01,5.226428416346555750e-01,2.925526917470478994e-01,3.986769693808220327e-01,-1.462958627021067326e-01,5.463563395581270132e-01,5.202306582029498916e-01,8.267071954653896215e-01,-6.988567990902441740e-02,7.062563789055177343e-01,4.828027926411653237e-01,3.891062371641795248e-01,2.570127553319001557e-01,3.591779221609286976e-01,2.775124661571984896e-01,1.954504370519787593e-01,1.544246845301371907e-01,5.073879647999067766e-01,2.124597038902459323e-01,6.897456030001127836e-01,5.131178827561697631e-01,1.000000000000000000e+00,3.983964414232001316e-01,-1.656044606342075773e-02,3.808785025246316236e-01,7.983369303207006329e-01,4.664180948410919791e-01,6.615838278830676877e-01,2.328773808196946959e-01,6.593885065091740216e-01,5.091886546779667011e-01
2.545901623462467622e-01,5.390324127600149007e-01,8.081632970544490036e-01,6.169284135354552445e-01,6.605306051683784707e-01,4.410213225183396424e-01,4.080630946807483062e-01,-7.933570794793463055e-01,6.909156853584325075e-01,7.193823110197240522e-01,-9.157155652566935367e-02,7.195901707617436971e-01,1.246146150178597482e-03,7.997436158736431766e-01,1.683893367877337122e-01,3.059453698633522456e-01,3.274436527738850966e-01,2.261286165051566155e-01,3.900174466142095064e-01,2.773346011210632844e-01,1.881484722048148706e-01,3.843465134582862985e-01,6.694781066717833129e-01,5.021734929381949097e-01,5.286237054140987546e-01,6.799174057771147917e-01,7.643759089669011075e-01,6.534465874926274065e-01,5.190477676405982344e-01,3.983964414232001316e-01,1.000000000000000000e+00,-1.886856359594535903e-01,7.058128819742297555e-01,3.673079517462611299e-01,5.847652835149620421e-01,4.880802486380791394e-01,6.929041568721602262e-01,3.713180648980953236e-01,6.308085606558623271e-01
8.969432803568980206e-02,-2.853322644215224857e-01,-9.219858434132448266e-02,-1.558813767788616300e-01,-1.735552220212232266e-01,-2.732521705521318567e-01,1.216655657358281795e-01,1.143209953252023736e-01,-2.945835901575846183e-01,-4.468299875952745914e-01,6.415885165681430857e-01,-2.267302922599495063e-01,7.215937739761134340e-02,-7.287596212842675780e-02,2.241755041897106338e-01,-5.284988175897757656e-02,-2.634969366002913316e-01,1.962125553400026479e-01,-1.115725794077299660e-01,-9.733024786029262354e-02,-1.789087959679708240e-01,-2.571150779699312716e-01,-3.662200291310368505e-01,-1.016109582119485849e-01,-2.959981148568222586e-01,7.829166873704048596e-03,6.874886379338876474e-02,1.472560748359748144e-02,-3.902368590997200293e-02,-1.656044606342075773e-02,-1.886856359594535903e-01,1.000000000000000000e+00,-1.618717978709581784e-01,-5.827853342378555568e-02,5.301587239157837944e-02,-9.356642705318131414e-02,-1.061980972460008082e-01,-2.210623381412979149e-01,-2.297583833010875265e-01
3.272254443746679953e-01,4.719983192750787926e-01,6.656855823113039250e-01,7.151264023884280618e-01,4.870480531688908266e-01,5.398788112845240850e-01,4.647768662792716721e-01,-5.943411641340686780e-01,7.004526414460332528e-01,6.818014186005393329e-01,6.056471134465821193e-02,6.665543954760441148e-01,4.077357926369187813e-01,7.924865738629373046e-01,3.611755131726623880e-01,1.828162208777917852e-01,5.616301201962971001e-01,4.746239904529240272e-01,6.303403930102453590e-01,5.764810006680822774e-01,4.076584966857740855e-01,6.681665139288569533e-01,7.790931094326124517e-01,5.984028009962530925e-01,5.179874070006166287e-01,7.691458126134976814e-01,7.347059299685012590e-01,5.892160364632503811e-01,8.200623707850234201e-01,3.808785025246316236e-01,7.058128819742297555e-01,-1.618717978709581784e-01,1.000000000000000000e+00,3.348955393177429074e-01,8.291341207523470480e-01,2.962014761321190570e-01,7.787714384198850537e-01,3.396197090237920713e-01,3.881417025444451330e-01
7.175946819045222469e-01,4.010028914077348183e-01,6.157131756819950175e-01,2.307501565669551127e-02,7.415565304700121319e-01,-8.175575975504097148e-02,1.582799102587048867e-01,-6.829249886064396868e-01,5.793669584454547161e-01,4.408305553567773982e-01,2.460980809648075640e-01,3.989461869026428298e-01,-1.529726177165014189e-01,4.620001070875560667e-01,5.779948207025346063e-01,7.056255062421423752e-01,-7.507295564486487702e-03,7.069630290626188751e-01,6.064468786366660202e-01,4.111311736033586572e-01,1.889164056719811191e-01,3.780772706898299362e-01,1.959435448799477786e-01,7.637031087696774523e-02,4.651294294254064432e-02,4.551087440649516647e-01,9.241087820179413881e-02,5.992043425568959192e-01,4.467317505164419278e-01,7.983369303207006329e-01,3.673079517462611299e-01,-5.827853342378555568e-02,3.348955393177429074e-01,1.000000000000000000e+00,3.590659181591974169e-01,6.657363687510250427e-01,1.192804921603317081e-01,5.977362047757699415e-01,3.208008785591972001e-01
4.730533707758609596e-01,3.465255771617178904e-01,6.591722402296696925e-01,6.641905754087303881e-01,4.497697942030591256e-01,2.981700157965508358e-01,5.629002628360798566e-01,-5.682039677289464352e-01,6.013255661023007015e-01,4.562364647466402023e-01,3.880333129764044764e-01,4.786374663705174615e-01,4.781569639976051556e-01,7.604849195960609043e-01,5.577169250014974988e-01,2.222913675216559581e-01,3.516228093907440844e-01,6.221424780573820978e-01,6.458367476125159712e-01,5.227066531791805248e-01,2.150949914958406040e-01,6.024652705928468244e-01,5.621849842181153578e-01,4.413360496618914386e-01,2.566135140357437283e-01,8.023181866521508221e-01,6.420244000364964121e-01,6.063333341637924256e-01,8.330967057239178075e-01,4.664180948410919791e-01,5.847652835149620421e-01,5.301587239157837944e-02,8.291341207523470480e-01,3.590659181591974169e-01,1.000000000000000000e+00,2.368947199106131996e-01,7.386062187068327400e-01,2.253458307280865325e-01,2.665443371647280846e-01
4.629834485709239389e-01,5.139243923795180358e-01,5.566515773464925099e-01,9.471832571015245672e-02,6.415725331122310582e-01,1.220716764378185770e-01,1.890036533065735450e-02,-6.297700903988916465e-01,5.738950978085681776e-01,5.516701763535368785e-01,3.865741953339054543e-02,4.916446955446368561e-01,-3.052433401794014678e-01,5.242574381304383468e-01,2.274105975994656637e-01,6.329846619400225638e-01,-1.645227226798184894e-02,3.980875148845623990e-01,3.177956217691704777e-01,1.524148623431801630e-01,1.509179485319197822e-01,1.720628986646121350e-01,3.411111828836476123e-01,2.672127154124890880e-01,2.839919219286880514e-01,3.651444771092412500e-01,2.363611110193641618e-01,5.054113910670634535e-01,2.807301878159708663e-01,6.615838278830676877e-01,4.880802486380791394e-01,-9.356642705318131414e-02,2.962014761321190570e-01,6.657363687510250427e-01,2.368947199106131996e-01,1.000000000000000000e+00,2.377286151990105068e-01,5.492757420266760615e-01,4.986710431136494592e-01
1.567186822718634187e-01,4.961796334597201596e-01,5.241299929901125365e-01,6.779201469419178228e-01,3.854298079594325466e-01,6.744296562624636504e-01,3.556701558118592343e-01,-4.682280352128574963e-01,5.590039536943417486e-01,6.117131035113047011e-01,2.789684560712213813e-03,5.869774422712535911e-01,2.072722292690830082e-01,7.476288704835630794e-01,3.266661157492354445e-02,1.247962806449832984e-01,2.726454421884341728e-01,2.071814786107032680e-01,2.848363636646144004e-01,3.327610948646147482e-01,4.068497885155828997e-01,4.069014186580299786e-01,7.710111185861394656e-01,7.327745211684006943e-01,6.436307572682412603e-01,5.252123241811376131e-01,7.356795024016256068e-01,5.290906686232633716e-01,6.123410979540016008e-01,2.328773808196946959e-01,6.929041568721602262e-01,-1.061980972460008082e-01,7.787714384198850537e-01,1.192804921603317081e-01,7.386062187068327400e-01,2.377286151990105068e-01,1.000000000000000000e+00,1.563991209342731059e-01,4.332782621386778166e-01
6.973801199693413500e-01,6.667716589541845540e-01,4.370320437934754332e-01,6.307995204126776168e-02,6.383675984878934839e-01,2.427166361337530498e-01,-2.892556778692780516e-03,-5.245840620992001657e-01,7.105725188391031066e-01,6.235232540530994960e-01,-7.722904826380329324e-02,4.140161865038053945e-01,-2.242384649990409318e-01,4.880035163936128351e-01,2.265257843380035496e-01,7.632291879701282866e-01,-1.627446989900669522e-02,4.078203411035383752e-01,2.361542088728840194e-01,2.778896776071709263e-01,3.681947251910395180e-01,3.036220789511068219e-01,4.249287986443834320e-01,3.257530646117995921e-01,3.704665039876822719e-01,3.685167589707386560e-01,2.493254418918905979e-01,5.684458419102272897e-01,4.285031349610349261e-01,6.593885065091740216e-01,3.713180648980953236e-01,-2.210623381412979149e-01,3.396197090237920713e-01,5.977362047757699415e-01,2.253458307280865325e-01,5.492757420266760615e-01,1.563991209342731059e-01,1.000000000000000000e+00,6.982644701286702116e-01
4.155056408451386907e-01,7.070541684433154783e-01,5.119433479589396985e-01,3.388472833209763002e-01,6.287021135507732117e-01,4.621749926886757343e-01,7.647429624846276142e-02,-5.739629555230421065e-01,7.312829486729184314e-01,7.141515165909008145e-01,-2.093697357506223433e-01,5.211339801861502030e-01,-2.892455150211603043e-01,5.924899920249441232e-01,-1.101499678846295655e-01,6.283709981549705503e-01,-3.533721688648082393e-02,1.077407226996386774e-01,-5.086561164497579481e-03,1.561375598270016152e-01,3.806710959945418526e-01,1.614572098589964200e-01,5.700124426540290612e-01,5.291570951332128514e-01,6.158713669532600576e-01,3.474421395408675006e-01,5.580957197949627524e-01,6.172027106569942800e-01,3.379499459931597505e-01,5.091886546779667011e-01,6.308085606558623271e-01,-2.297583833010875265e-01,3.881417025444451330e-01,3.208008785591972001e-01,2.665443371647280846e-01,4.986710431136494592e-01,4.332782621386778166e-01,6.982644701286702116e-01,1.000000000000000000e+00
