1.000000000000000000e+00,6.982247139048771700e-01,2.946163331835724986e-01,2.244385720091401082e-01,3.245355165645860129e-01,8.203730514895354875e-02,1.065566792475599878e-01,-3.516310747839997419e-01,6.003588900206516810e-01,6.056963830101385060e-01,2.342998435979977145e-01,3.688798400422904633e-01,1.988330434459677221e-01,4.954015231339327086e-01,6.645297184115579736e-02,5.908834286338925379e-01,4.015621214700034192e-01,1.688871107361306634e-01,2.122890979057699967e-01,2.392349843823528832e-01,3.835638031695234873e-01,4.919286504792046433e-01,5.505635228903428269e-01,3.441919529922194965e-01,5.541955145283449236e-01,6.799865634452315621e-01,5.030639161028161999e-01,5.733648937626446562e-01,5.613489566930083274e-01,5.232299216232050298e-01,5.586413543632479106e-01,5.744350339219591595e-01,6.322632576085746026e-01,4.591474247330493141e-01,1.896644474544859349e-01,3.360458550009440826e-01,6.078069557349066176e-01,6.409488212266263307e-01,4.569477919375403707e-01
6.982247139048771700e-01,1.000000000000000000e+00,3.703863489186421387e-01,2.637742538639822332e-01,3.347047241594817701e-01,-1.309301069770698878e-01,3.054602147897525488e-01,-4.087279444329239841e-01,7.831697887196891195e-01,8.699669401063738761e-01,5.331553733992377281e-02,2.606107550448050758e-01,-1.140738832161152516e-01,6.254978811973664898e-01,-3.753039458333941314e-02,8.155186626633362801e-01,1.331390967202175091e-01,2.481057725252165669e-02,2.869384422368417287e-01,3.124034401062665833e-01,3.748931702276978584e-01,6.182127075462499066e-01,5.638761874202796731e-01,4.254521960229606381e-01,6.821753107811655559e-01,7.043763600097574518e-01,7.186910119120343277e-01,6.823772870539024371e-01,5.567820156027160072e-01,8.027756886442194428e-01,7.710284784915537593e-01,5.400883531151449146e-01,6.957153961565034628e-01,5.324082297175087852e-01,2.571057723333678990e-01,3.794567791454531713e-01,5.415210442684252889e-01,3.660376235606108697e-01,4.405975330858469263e-01
2.946163331835724986e-01,3.703863489186421387e-01,1.000000000000000000e+00,-1.365750467619275821e-01,4.696311274593565344e-01,-3.327613573926987423e-01,6.217330455298352571e-02,-9.126670977144735186e-01,5.147673732204138819e-01,3.525688456321717790e-01,-2.060434569238009384e-02,2.606291597060164666e-01,-1.905998677221902582e-01,4.596165838765740030e-01,3.528731062190442747e-01,3.722093932454986764e-01,5.374921555262596184e-02,3.908967735038832436e-01,4.610683265659006325e-01,-2.744718986276707406e-01,4.628201115267930876e-01,1.402940605749470049e-01,4.669210580480981920e-01,8.396108467346564963e-02,2.578978054087665006e-01,5.047178626182572403e-01,5.145935787812111473e-01,5.888403914872621936e-01,4.864136511323892409e-02,3.628315655553513985e-01,5.170348485834955765e-01,2.205480561374962845e-01,1.874649391923646491e-01,5.867893003975590549e-01,6.950446580605784686e-02,5.086033394341403779e-01,1.067291451620096115e-01,2.012225780017867782e-01,2.355825690780417314e-01
2.244385720091401082e-01,2.637742538639822332e-01,-1.365750467619275821e-01,1.000000000000000000e+00,3.985672471299236408e-01,2.809562986989916911e-01,5.312304854154217271e-01,3.309835591110776160e-02,3.004874540449426479e-01,3.877067016224940432e-01,1.440253088767566234e-02,-1.258485254506373427e-02,1.829647689556042900e-01,2.968971633147741707e-01,-6.749357964581766955e-01,3.337668903131454923e-01,-9.315532104901711949e-03,1.753676622632054649e-01,4.813335353303490050e-01,4.082252604658352380e-01,-4.706395072201415009e-02,3.930573835257050175e-01,1.138276909781360258e-01,3.852100973679770668e-01,5.201315090236344751e-01,1.876238618966036553e-01,4.909578550002198505e-02,3.056919626664575396e-01,4.258108569768486729e-01,3.641957221503462350e-01,2.351959150412410993e-01,1.961969558109859235e-01,4.067974026495411177e-01,2.315056634205357178e-01,1.317376493825022921e-01,-1.640692643352728020e-01,4.299516440082918334e-01,-5.410171720860122019e-02,1.190815874440389471e-01
3.245355165645860129e-01,3.347047241594817701e-01,4.696311274593565344e-01,3.985672471299236408e-01,1.000000000000000000e+00,-1.348048028641432453e-03,3.344121583294332178e-01,-5.413030062283948896e-01,5.541699661512512476e-01,4.482034614096592762e-01,2.489781319618113511e-02,2.629305364466191786e-01,5.164427366469121622e-02,5.429918902771359024e-01,-5.547428911454282269e-02,4.068983078809927378e-01,5.385898356672947501e-02,3.862868331746823758e-01,7.516146155208534019e-01,2.576720679645513185e-02,1.974140991377850429e-01,2.592338115170975676e-01,4.293133527250355685e-01,3.293424555676059406e-01,5.258515482131963514e-01,4.693061047994039892e-01,3.636020261843766477e-01,6.607192224644338197e-01,2.798414152923706655e-01,3.960346748726272792e-01,4.746773699779627820e-01,2.626264132763516668e-01,4.002910046617552675e-01,7.753744813961295224e-01,8.964139124523169688e-02,2.850655490302141382e-01,3.432366222546587853e-01,1.999020824926184547e-01,2.695176367517126970e-01
8.203730514895354875e-02,-1.309301069770698878e-01,-3.327613573926987423e-01,2.809562986989916911e-01,-1.348048028641432453e-03,1.000000000000000000e+00,3.852956978500523544e-01,2.894287926205436068e-01,-1.347844685192109981e-01,-1.497803151993951642e-01,4.990688072024668243e-01,-2.519677312509037148e-01,1.193871775578759648e-01,2.342618847652258238e-02,-2.436018115978834109e-01,-1.905828458788748625e-01,2.876495365464500353e-01,1.962676212529492203e-01,-1.203838030314669932e-01,1.462429822847204353e-01,9.093041315604090402e-02,1.639325742125836149e-01,5.293540180321743005e-02,4.766941218891946330e-01,2.380205493900113545e-01,-1.291245651504197289e-01,-3.108150659552173511e-01,-1.665246515875251632e-02,5.043701479240236818e-01,6.523322681552107261e-02,-7.883069544385486183e-02,3.846153037482774595e-01,3.427099343849286939e-01,-1.960124351886861627e-01,2.497233636509388344e-01,-2.129360265722995693e-01,4.587390019336119451e-01,1.725464027215548590e-01,2.704951628063371333e-02
1.065566792475599878e-01,3.054602147897525488e-01,6.217330455298352571e-02,5.312304854154217271e-01,3.344121583294332178e-01,3.852956978500523544e-01,1.000000000000000000e+00,-8.621658813237344232e-02,2.627252804293118138e-01,3.402602794064338299e-01,1.844273811413279507e-01,-4.597656850267195505e-01,-2.400290088065448191e-01,4.007489386986985980e-01,-4.909569131878556147e-01,2.686523193720711800e-01,1.350878580951693775e-01,1.200614263092083384e-01,2.816723554252542616e-01,2.663633017627085042e-01,9.801132921779225071e-02,4.445997108718333091e-01,2.333172688228898894e-01,5.460919966693581484e-01,4.742457146191196293e-01,1.123178271666627759e-01,2.949724500367520083e-02,3.982961266033778758e-01,6.069795173349985529e-01,5.254087295920526479e-01,3.650735764515496973e-01,4.211304511253667338e-01,4.744771115720913257e-01,1.952038385299445233e-01,4.325345854031246717e-01,-5.804694658237292276e-02,5.439851260444443781e-01,-1.603684747672269317e-01,-8.855083057832291438e-02
-3.516310747839997419e-01,-4.087279444329239841e-01,-9.126670977144735186e-01,3.309835591110776160e-02,-5.413030062283948896e-01,2.894287926205436068e-01,-8.621658813237344232e-02,1.000000000000000000e+00,-5.625295016533202741e-01,-4.116236226743680282e-01,4.302445559987964213e-02,-3.201107482792612813e-01,1.033666889309398373e-01,-5.144427840889000958e-01,-2.928627553365393266e-01,-4.409572913964079355e-01,-4.644774663232201922e-02,-4.153964595634492274e-01,-5.312505194632917149e-01,2.295503948494953539e-01,-4.439792421238397124e-01,-2.284561205580302456e-01,-4.558152097717805273e-01,-1.406971562648047236e-01,-3.172836873859573581e-01,-5.458671840519824237e-01,-5.076031243224444767e-01,-6.416942127069712454e-01,-7.598280397000604924e-02,-3.952002783349752302e-01,-5.158548653923212823e-01,-2.266903093917788659e-01,-2.490728669299863141e-01,-6.485156043494162414e-01,-6.054028660271826290e-02,-4.961609143034789171e-01,-1.492555850183081567e-01,-2.208848459419209542e-01,-2.813650341153109968e-01
6.003588900206516810e-01,7.831697887196891195e-01,5.147673732204138819e-01,3.004874540449426479e-01,5.541699661512512476e-01,-1.347844685192109981e-01,2.627252804293118138e-01,-5.625295016533202741e-01,1.000000000000000000e+00,8.279688801824292010e-01,-5.364649585081961158e-02,4.117412181602351229e-01,-9.222168598186697430e-02,6.997386668455634062e-01,-1.051786294858085324e-04,7.837040465008967560e-01,4.405713881826259920e-02,1.128185331976804817e-01,5.422095390606654908e-01,2.596540220153588652e-01,3.192308695702485433e-01,4.921772755030902613e-01,6.057337838567193877e-01,4.623987356608104671e-01,7.128215386115251961e-01,7.933838630469622899e-01,6.942267578115830506e-01,7.646345654996135055e-01,4.894904843055382093e-01,7.626022718384032340e-01,7.637004728941395593e-01,3.970348780034981262e-01,6.507752542781068961e-01,7.342307586104056538e-01,1.747274961949017713e-01,3.588794286123344057e-01,4.620179099010972013e-01,3.714925571836556473e-01,4.694511412161930242e-01
6.056963830101385060e-01,8.699669401063738761e-01,3.525688456321717790e-01,3.877067016224940432e-01,4.482034614096592762e-01,-1.497803151993951642e-01,3.402602794064338299e-01,-4.116236226743680282e-01,8.279688801824292010e-01,1.000000000000000000e+00,-1.683311050492881378e-01,3.005686548115120704e-01,-4.708200026834660074e-02,6.720495513850608393e-01,-1.457191176845425151e-01,8.788464730661778024e-01,-5.095912661723280696e-02,8.677408182733601857e-03,4.544027486755169987e-01,3.702984496273706294e-01,2.914912485236119122e-01,5.979593326080416826e-01,5.471037046847403440e-01,4.516262261037093939e-01,7.213853522713888911e-01,7.157656097065737688e-01,6.446352512608330976e-01,7.066619348793454769e-01,4.818012604834154833e-01,8.323242193902190555e-01,7.507354107788086761e-01,3.690939493708076391e-01,6.690792477635922886e-01,6.200399382778142288e-01,1.669819160854521256e-01,4.069924607586538068e-01,4.631653912870506984e-01,2.618925909531700791e-01,3.786280210260047907e-01
2.342998435979977145e-01,5.331553733992377281e-02,-2.060434569238009384e-02,1.440253088767566234e-02,2.489781319618113511e-02,4.990688072024668243e-01,1.844273811413279507e-01,4.302445559987964213e-02,-5.364649585081961158e-02,-1.683311050492881378e-01,1.000000000000000000e+00,-1.597801478353790550e-01,-1.271756965820029783e-01,1.426263723899619598e-02,1.449899758671554517e-01,-2.436363842252405876e-01,7.245548356717215199e-01,4.299074063879370633e-01,-1.723720210167253852e-01,-8.617379671106914496e-02,2.867691598812659448e-01,4.424880646592184441e-02,1.821515371342496692e-01,3.122163328997035192e-01,1.400757638300171859e-01,-1.778670839386120237e-02,-4.011073059504126001e-03,6.219695698596948430e-02,4.932440631993873503e-01,-2.443263114839584055e-02,1.139073062707732925e-01,6.617620715461580705e-01,2.865200002627380504e-01,-1.323665495794502933e-01,2.149424454248404781e-01,-3.230896886661602241e-02,4.828170711350803779e-01,3.782432619974309129e-01,1.893077321363497434e-01
3.688798400422904633e-01,2.606107550448050758e-01,2.606291597060164666e-01,-1.258485254506373427e-02,2.629305364466191786e-01,-2.519677312509037148e-01,-4.597656850267195505e-01,-3.201107482792612813e-01,4.117412181602351229e-01,3.005686548115120704e-01,-1.597801478353790550e-01,1.000000000000000000e+00,2.825175045747499447e-01,2.656158379759401278e-01,3.810859789131612052e-01,3.827198308030034801e-01,-1.302618027075626295e-01,1.333032286405856637e-01,3.065406677926023615e-01,1.838111461833231430e-01,1.792176174358706409e-01,1.848650980854444903e-01,1.153217489814735014e-01,-8.393566837795709201e-04,1.927141864999826759e-01,4.301963123720641269e-01,4.532447270901628356e-01,3.462094948105888803e-01,-5.226774857677110586e-02,1.085205894912304875e-01,2.414298877183024550e-01,-3.026158694872220153e-02,1.895878269124656179e-01,4.774052086507877268e-01,-2.362608395298082808e-01,2.252716084494201243e-01,6.908240313438449194e-03,5.209192098485584399e-01,5.579682307330501301e-01
1.988330434459677221e-01,-1.140738832161152516e-01,-1.905998677221902582e-01,1.829647689556042900e-01,5.164427366469121622e-02,1.193871775578759648e-01,-2.400290088065448191e-01,1.033666889309398373e-01,-9.222168598186697430e-02,-4.708200026834660074e-02,-1.271756965820029783e-01,2.825175045747499447e-01,1.000000000000000000e+00,-1.059132838225960473e-02,2.587298634782832923e-02,2.692248766569943844e-02,2.968975767516973154e-03,9.594945617687690442e-02,-1.052622678994213218e-02,7.299705308820766958e-02,2.682614257473580482e-02,1.046650336674947723e-01,-4.745633135572623063e-02,-1.027371644410585427e-01,-4.955122008799131561e-02,5.109671526437737678e-03,-2.458471167955746661e-01,-4.211064516718647510e-02,-1.341925138656355210e-01,-1.716671498204927759e-01,-3.297002627568357269e-01,-9.206387915551059176e-02,-4.383037903068277841e-02,-1.171914052720027764e-02,-1.257459576898424525e-01,-6.689429401021233790e-03,-3.050048034700690233e-02,2.821192970154833835e-01,4.142795715801126516e-02
4.954015231339327086e-01,6.254978811973664898e-01,4.596165838765740030e-01,2.968971633147741707e-01,5.429918902771359024e-01,2.342618847652258238e-02,4.007489386986985980e-01,-5.144427840889000958e-01,6.997386668455634062e-01,6.720495513850608393e-01,1.426263723899619598e-02,2.656158379759401278e-01,-1.059132838225960473e-02,1.000000000000000000e+00,-4.088918860016510460e-04,7.271639087179476713e-01,1.000161039018498399e-01,1.529371190128850366e-01,4.675917889221331003e-01,2.440878527095528550e-01,3.271303665193261434e-01,4.825977700435598594e-01,5.630715252178832841e-01,6.103748780192190804e-01,6.405375096983533245e-01,5.682501258386242204e-01,4.056058596471193711e-01,7.253825446552232270e-01,4.963890071808345072e-01,6.636256786450074330e-01,6.514798898196427768e-01,4.212543523494030051e-01,6.417302175469767889e-01,6.335253514279748366e-01,3.391089589073387756e-01,4.243424661265307596e-01,5.437379676482951840e-01,2.927214283578848941e-01,2.601793756991897522e-01
6.645297184115579736e-02,-3.753039458333941314e-02,3.528731062190442747e-01,-6.749357964581766955e-01,-5.547428911454282269e-02,-2.436018115978834109e-01,-4.909569131878556147e-01,-2.928627553365393266e-01,-1.051786294858085324e-04,-1.457191176845425151e-01,1.449899758671554517e-01,3.810859789131612052e-01,2.587298634782832923e-02,-4.088918860016510460e-04,1.000000000000000000e+00,-1.176317088172658676e-01,1.542197347328664037e-01,2.427821713125018210e-01,-1.456424796023224333e-01,-2.479825441983057044e-01,3.433972564049736498e-01,-1.576161360216608576e-01,1.553427146479235410e-01,-1.150853134381350090e-01,-2.369225850192617777e-01,6.234003351187587111e-02,1.782108294825731909e-01,3.135841120097997842e-02,-2.508829466067066805e-01,-2.104465013796247563e-01,1.964806400776159152e-03,7.950970583428219884e-02,-1.369965283251396992e-01,1.116597311515714341e-01,-1.497133402700959459e-01,3.939902686599822679e-01,-2.068165143230740466e-01,4.799662776219959515e-01,1.786760713921020649e-01
5.908834286338925379e-01,8.155186626633362801e-01,3.722093932454986764e-01,3.337668903131454923e-01,4.068983078809927378e-01,-1.905828458788748625e-01,2.686523193720711800e-01,-4.409572913964079355e-01,7.837040465008967560e-01,8.788464730661778024e-01,-2.436363842252405876e-01,3.827198308030034801e-01,2.692248766569943844e-02,7.271639087179476713e-01,-1.176317088172658676e-01,1.000000000000000000e+00,-1.050885235127865525e-01,-3.109567063791021657e-02,4.264939366008708710e-01,3.968219847833868719e-01,2.506945966069181186e-01,5.939217067684411377e-01,5.159118786093029874e-01,4.097940329052866537e-01,6.611773290202846987e-01,6.953672139260332896e-01,5.680293047190136946e-01,7.032402046477117530e-01,3.959673722633629267e-01,7.595622605622226464e-01,7.050227644851475572e-01,2.778973385011255237e-01,6.364767930094851200e-01,6.139493166964690163e-01,1.258669066945189707e-01,4.014668526118304603e-01,4.027132481164562572e-01,2.528416107793063916e-01,3.317175812854760153e-01
4.015621214700034192e-01,1.331390967202175091e-01,5.374921555262596184e-02,-9.315532104901711949e-03,5.385898356672947501e-02,2.876495365464500353e-01,1.350878580951693775e-01,-4.644774663232201922e-02,4.405713881826259920e-02,-5.095912661723280696e-02,7.245548356717215199e-01,-1.302618027075626295e-01,2.968975767516973154e-03,1.000161039018498399e-01,1.542197347328664037e-01,-1.050885235127865525e-01,1.000000000000000000e+00,3.567685965442522478e-01,-1.609397799797267214e-01,-7.420726251234510684e-02,2.294220172079103892e-01,1.153891672946373848e-01,2.528091493270830381e-01,2.091589012198364905e-01,5.411805090465464374e-02,1.818877632055209137e-01,-4.055461605114323714e-02,6.591549419559913914e-02,4.778704618258631798e-01,-4.849633356285010070e-03,1.010909140305142062e-01,5.873899011705285833e-01,2.556607007047557723e-01,-4.586140944050610957e-02,3.112262726129231272e-01,-2.375320863889512218e-02,4.971841415919408536e-01,4.097253184472459120e-01,2.041261201501726880e-02
1.688871107361306634e-01,2.481057725252165669e-02,3.908967735038832436e-01,1.753676622632054649e-01,3.862868331746823758e-01,1.962676212529492203e-01,1.200614263092083384e-01,-4.153964595634492274e-01,1.128185331976804817e-01,8.677408182733601857e-03,4.299074063879370633e-01,1.333032286405856637e-01,9.594945617687690442e-02,1.529371190128850366e-01,2.427821713125018210e-01,-3.109567063791021657e-02,3.567685965442522478e-01,1.000000000000000000e+00,3.822492112992433855e-01,-1.489162468318586396e-01,2.789414229076537244e-01,6.858610422330845002e-02,2.771826295874637025e-01,2.592966843806873700e-01,1.532775880098894150e-01,1.838799214650379543e-01,6.264748328092302476e-02,3.086355514870560146e-01,1.527041070375948495e-01,1.243952420668421746e-03,1.630754753408538704e-01,3.476785730915053496e-01,1.376076491179330785e-01,2.036168351611480076e-01,-1.008510308182601900e-01,2.536438316612129595e-01,2.121498674857302258e-01,3.375959327507366270e-01,1.723696502014224474e-01
2.122890979057699967e-01,2.869384422368417287e-01,4.610683265659006325e-01,4.813335353303490050e-01,7.516146155208534019e-01,-1.203838030314669932e-01,2.816723554252542616e-01,-5.312505194632917149e-01,5.422095390606654908e-01,4.544027486755169987e-01,-1.723720210167253852e-01,3.065406677926023615e-01,-1.052622678994213218e-02,4.675917889221331003e-01,-1.456424796023224333e-01,4.264939366008708710e-01,-1.609397799797267214e-01,3.822492112992433855e-01,1.000000000000000000e+00,1.081696151418317098e-01,1.094858422071058740e-01,2.535323454797982490e-01,3.060685256824134948e-01,2.881398378816219519e-01,4.780973954109293822e-01,4.098684647622600208e-01,3.623680076626787927e-01,6.263295604770625635e-01,1.317097124285417642e-01,3.700971226648820944e-01,4.775455099642171297e-01,5.424352052448400130e-02,2.797464495991844879e-01,6.992915251505674723e-01,-4.494695008096099426e-02,2.430093899347734454e-01,1.694845368128503060e-01,2.973503975410340255e-02,2.797175094462776013e-01
2.392349843823528832e-01,3.124034401062665833e-01,-2.744718986276707406e-01,4.082252604658352380e-01,2.576720679645513185e-02,1.462429822847204353e-01,2.663633017627085042e-01,2.295503948494953539e-01,2.596540220153588652e-01,3.702984496273706294e-01,-8.617379671106914496e-02,1.838111461833231430e-01,7.299705308820766958e-02,2.440878527095528550e-01,-2.479825441983057044e-01,3.968219847833868719e-01,-7.420726251234510684e-02,-1.489162468318586396e-01,1.081696151418317098e-01,1.000000000000000000e+00,3.566116780427165678e-02,5.244228625616883521e-01,6.058042340391341790e-02,3.052210976906939988e-01,3.582416606845030271e-01,1.718956467470450777e-01,8.627867238966523133e-02,2.103334707518922653e-01,3.246295217616063100e-01,3.124141716172535999e-01,2.165046809384439663e-01,1.499724368570808652e-01,3.948153519353434504e-01,9.427883603866292483e-02,9.715073026042532478e-02,-1.267428466828067479e-01,2.656428253296131969e-01,1.072065966438436324e-01,1.576326000803620064e-01
3.835638031695234873e-01,3.748931702276978584e-01,4.628201115267930876e-01,-4.706395072201415009e-02,1.974140991377850429e-01,9.093041315604090402e-02,9.801132921779225071e-02,-4.439792421238397124e-01,3.192308695702485433e-01,2.914912485236119122e-01,2.867691598812659448e-01,1.792176174358706409e-01,2.682614257473580482e-02,3.271303665193261434e-01,3.433972564049736498e-01,2.506945966069181186e-01,2.294220172079103892e-01,2.789414229076537244e-01,1.094858422071058740e-01,3.566116780427165678e-02,1.000000000000000000e+00,3.559782389738332387e-01,4.672491405594659808e-01,3.205891494604888314e-01,3.289746989568644864e-01,3.281275157664209630e-01,3.764574215231346055e-01,4.146790406794895745e-01,2.745887532516620433e-01,3.606671533918862638e-01,3.762256327175218518e-01,4.850510553522783819e-01,4.181456374571176915e-01,2.863554768090036395e-01,2.411787167506258822e-01,4.176535135940506183e-01,3.423901768854172301e-01,4.006782184859885021e-01,2.797066103607004361e-01
4.919286504792046433e-01,6.182127075462499066e-01,1.402940605749470049e-01,3.930573835257050175e-01,2.592338115170975676e-01,1.639325742125836149e-01,4.445997108718333091e-01,-2.284561205580302456e-01,4.921772755030902613e-01,5.979593326080416826e-01,4.424880646592184441e-02,1.848650980854444903e-01,1.046650336674947723e-01,4.825977700435598594e-01,-1.576161360216608576e-01,5.939217067684411377e-01,1.153891672946373848e-01,6.858610422330845002e-02,2.535323454797982490e-01,5.244228625616883521e-01,3.559782389738332387e-01,1.000000000000000000e+00,2.442203280365364826e-01,4.884672007243128222e-01,5.229137130383499921e-01,4.114028384359476043e-01,3.532597531823764569e-01,5.260042154891046984e-01,5.154879413032412705e-01,6.197569415821724270e-01,4.717518957427019877e-01,4.778152679447401074e-01,6.086236972384674315e-01,3.714340649073206158e-01,3.438054715435842068e-01,1.141572490880634894e-01,5.230440384897492301e-01,2.677125649584665146e-01,3.529327144973564145e-01
5.505635228903428269e-01,5.638761874202796731e-01,4.669210580480981920e-01,1.138276909781360258e-01,4.293133527250355685e-01,5.293540180321743005e-02,2.333172688228898894e-01,-4.558152097717805273e-01,6.057337838567193877e-01,5.471037046847403440e-01,1.821515371342496692e-01,1.153217489814735014e-01,-4.745633135572623063e-02,5.630715252178832841e-01,1.553427146479235410e-01,5.159118786093029874e-01,2.528091493270830381e-01,2.771826295874637025e-01,3.060685256824134948e-01,6.058042340391341790e-02,4.672491405594659808e-01,2.442203280365364826e-01,1.000000000000000000e+00,4.765806806401908791e-01,6.519197003752190689e-01,5.655674830784882534e-01,4.301099810304919169e-01,5.997487038715284546e-01,4.783226311354351057e-01,5.397045856307256528e-01,5.893535390022776044e-01,4.863771050505529825e-01,5.606217105799756739e-01,4.815732571551636365e-01,1.939442402115517106e-01,5.055631819927466353e-01,4.786664144281187472e-01,4.228002548422876705e-01,2.636918872015747706e-01
3.441919529922194965e-01,4.254521960229606381e-01,8.396108467346564963e-02,3.852100973679770668e-01,3.293424555676059406e-01,4.766941218891946330e-01,5.460919966693581484e-01,-1.406971562648047236e-01,4.623987356608104671e-01,4.516262261037093939e-01,3.122163328997035192e-01,-8.393566837795709201e-04,-1.027371644410585427e-01,6.103748780192190804e-01,-1.150853134381350090e-01,4.097940329052866537e-01,2.091589012198364905e-01,2.592966843806873700e-01,2.881398378816219519e-01,3.052210976906939988e-01,3.205891494604888314e-01,4.884672007243128222e-01,4.765806806401908791e-01,1.000000000000000000e+00,6.445795361067140350e-01,3.060766488691308851e-01,1.736270474843154277e-01,4.737166462405026368e-01,6.895103003455579360e-01,5.707256883690818849e-01,4.347938193517032479e-01,5.526306874217475906e-01,6.966138727912032369e-01,2.932593441596363371e-01,4.113889049489968253e-01,1.846238651371710782e-01,6.799326905852220992e-01,2.883002337173380947e-01,2.617578744268295177e-01
5.541955145283449236e-01,6.821753107811655559e-01,2.578978054087665006e-01,5.201315090236344751e-01,5.258515482131963514e-01,2.380205493900113545e-01,4.742457146191196293e-01,-3.172836873859573581e-01,7.128215386115251961e-01,7.213853522713888911e-01,1.400757638300171859e-01,1.927141864999826759e-01,-4.955122008799131561e-02,6.405375096983533245e-01,-2.369225850192617777e-01,6.611773290202846987e-01,5.411805090465464374e-02,1.532775880098894150e-01,4.780973954109293822e-01,3.582416606845030271e-01,3.289746989568644864e-01,5.229137130383499921e-01,6.519197003752190689e-01,6.445795361067140350e-01,1.000000000000000000e+00,5.888788647456338898e-01,5.209273738814549359e-01,7.038333694858062151e-01,6.795547052900174911e-01,7.243088404377324707e-01,6.846775900479580290e-01,5.247612355336193080e-01,7.870867913206500699e-01,5.436594853693983431e-01,2.734753741872908428e-01,2.575098104173748070e-01,6.563059300545820429e-01,3.305552312577934582e-01,4.824215151168654847e-01
6.799865634452315621e-01,7.043763600097574518e-01,5.047178626182572403e-01,1.876238618966036553e-01,4.693061047994039892e-01,-1.291245651504197289e-01,1.123178271666627759e-01,-5.458671840519824237e-01,7.933838630469622899e-01,7.157656097065737688e-01,-1.778670839386120237e-02,4.301963123720641269e-01,5.109671526437737678e-03,5.682501258386242204e-01,6.234003351187587111e-02,6.953672139260332896e-01,1.818877632055209137e-01,1.838799214650379543e-01,4.098684647622600208e-01,1.718956467470450777e-01,3.281275157664209630e-01,4.114028384359476043e-01,5.655674830784882534e-01,3.060766488691308851e-01,5.888788647456338898e-01,1.000000000000000000e+00,6.294457205006092071e-01,6.453485212165768203e-01,4.321305732586170345e-01,6.161492614798032008e-01,6.848929783682261574e-01,3.564608051168178804e-01,6.007573771957351871e-01,6.173724346816559239e-01,1.164105953010758365e-01,3.254969539157258063e-01,4.343041839603244414e-01,4.404696757345216152e-01,3.378011452001656867e-01
5.030639161028161999e-01,7.186910119120343277e-01,5.145935787812111473e-01,4.909578550002198505e-02,3.636020261843766477e-01,-3.108150659552173511e-01,2.949724500367520083e-02,-5.076031243224444767e-01,6.942267578115830506e-01,6.446352512608330976e-01,-4.011073059504126001e-03,4.532447270901628356e-01,-2.458471167955746661e-01,4.056058596471193711e-01,1.782108294825731909e-01,5.680293047190136946e-01,-4.055461605114323714e-02,6.264748328092302476e-02,3.623680076626787927e-01,8.627867238966523133e-02,3.764574215231346055e-01,3.532597531823764569e-01,4.301099810304919169e-01,1.736270474843154277e-01,5.209273738814549359e-01,6.294457205006092071e-01,1.000000000000000000e+00,6.019652387062901511e-01,2.833365102641088318e-01,5.723414923179905855e-01,6.865655580519195444e-01,3.689961604401851836e-01,4.215661781264230523e-01,5.734212356400091304e-01,6.558481104154946506e-02,3.078195388418011325e-01,2.543966529713808100e-01,3.305201217594123664e-01,6.271514655771710522e-01
5.733648937626446562e-01,6.823772870539024371e-01,5.888403914872621936e-01,3.056919626664575396e-01,6.607192224644338197e-01,-1.665246515875251632e-02,3.982961266033778758e-01,-6.416942127069712454e-01,7.646345654996135055e-01,7.066619348793454769e-01,6.219695698596948430e-02,3.462094948105888803e-01,-4.211064516718647510e-02,7.253825446552232270e-01,3.135841120097997842e-02,7.032402046477117530e-01,6.591549419559913914e-02,3.086355514870560146e-01,6.263295604770625635e-01,2.103334707518922653e-01,4.146790406794895745e-01,5.260042154891046984e-01,5.997487038715284546e-01,4.737166462405026368e-01,7.038333694858062151e-01,6.453485212165768203e-01,6.019652387062901511e-01,1.000000000000000000e+00,4.696560339846950760e-01,6.767826080505815467e-01,7.914501850297072094e-01,4.620044175215336502e-01,6.565711234359643544e-01,7.949978258412033760e-01,1.719415339919227459e-01,4.296024944702679926e-01,5.106061358628932734e-01,3.401827127873078838e-01,4.238505797094174743e-01
5.613489566930083274e-01,5.567820156027160072e-01,4.864136511323892409e-02,4.258108569768486729e-01,2.798414152923706655e-01,5.043701479240236818e-01,6.069795173349985529e-01,-7.598280397000604924e-02,4.894904843055382093e-01,4.818012604834154833e-01,4.932440631993873503e-01,-5.226774857677110586e-02,-1.341925138656355210e-01,4.963890071808345072e-01,-2.508829466067066805e-01,3.959673722633629267e-01,4.778704618258631798e-01,1.527041070375948495e-01,1.317097124285417642e-01,3.246295217616063100e-01,2.745887532516620433e-01,5.154879413032412705e-01,4.783226311354351057e-01,6.895103003455579360e-01,6.795547052900174911e-01,4.321305732586170345e-01,2.833365102641088318e-01,4.696560339846950760e-01,1.000000000000000000e+00,6.008561029834659228e-01,5.276715057584533408e-01,7.359987837475422401e-01,7.903972105957903782e-01,2.425819731827962844e-01,5.218329494292787141e-01,2.598340635954347975e-03,8.586272178490178542e-01,3.903934600295042023e-01,2.965502301242619043e-01
5.232299216232050298e-01,8.027756886442194428e-01,3.628315655553513985e-01,3.641957221503462350e-01,3.960346748726272792e-01,6.523322681552107261e-02,5.254087295920526479e-01,-3.952002783349752302e-01,7.626022718384032340e-01,8.323242193902190555e-01,-2.443263114839584055e-02,1.085205894912304875e-01,-1.716671498204927759e-01,6.636256786450074330e-01,-2.104465013796247563e-01,7.595622605622226464e-01,-4.849633356285010070e-03,1.243952420668421746e-03,3.700971226648820944e-01,3.124141716172535999e-01,3.606671533918862638e-01,6.197569415821724270e-01,5.397045856307256528e-01,5.707256883690818849e-01,7.243088404377324707e-01,6.161492614798032008e-01,5.723414923179905855e-01,6.767826080505815467e-01,6.008561029834659228e-01,1.000000000000000000e+00,7.350111369245466708e-01,4.640924660420916448e-01,6.846016251777667927e-01,5.506009385087867747e-01,2.884604333332498882e-01,3.638885468914134225e-01,5.400172927304570658e-01,1.775782834906594609e-01,3.113824977610754052e-01
5.586413543632479106e-01,7.710284784915537593e-01,5.170348485834955765e-01,2.351959150412410993e-01,4.746773699779627820e-01,-7.883069544385486183e-02,3.650735764515496973e-01,-5.158548653923212823e-01,7.637004728941395593e-01,7.507354107788086761e-01,1.139073062707732925e-01,2.414298877183024550e-01,-3.297002627568357269e-01,6.514798898196427768e-01,1.964806400776159152e-03,7.050227644851475572e-01,1.010909140305142062e-01,1.630754753408538704e-01,4.775455099642171297e-01,2.165046809384439663e-01,3.762256327175218518e-01,4.717518957427019877e-01,5.893535390022776044e-01,4.347938193517032479e-01,6.846775900479580290e-01,6.848929783682261574e-01,6.865655580519195444e-01,7.914501850297072094e-01,5.276715057584533408e-01,7.350111369245466708e-01,1.000000000000000000e+00,5.055696143063411752e-01,6.644392496521733804e-01,6.539171401647100312e-01,1.394859416390369367e-01,4.459880095403395139e-01,5.091133768383040437e-01,2.788125201252549257e-01,3.488706754441701641e-01
5.744350339219591595e-01,5.400883531151449146e-01,2.205480561374962845e-01,1.961969558109859235e-01,2.626264132763516668e-01,3.846153037482774595e-01,4.211304511253667338e-01,-2.266903093917788659e-01,3.970348780034981262e-01,3.690939493708076391e-01,6.617620715461580705e-01,-3.026158694872220153e-02,-9.206387915551059176e-02,4.212543523494030051e-01,7.950970583428219884e-02,2.778973385011255237e-01,5.873899011705285833e-01,3.476785730915053496e-01,5.424352052448400130e-02,1.499724368570808652e-01,4.850510553522783819e-01,4.778152679447401074e-01,4.863771050505529825e-01,5.526306874217475906e-01,5.247612355336193080e-01,3.564608051168178804e-01,3.689961604401851836e-01,4.620044175215336502e-01,7.359987837475422401e-01,4.640924660420916448e-01,5.055696143063411752e-01,1.000000000000000000e+00,6.516807840743458202e-01,2.168790334646550910e-01,4.027857056762752519e-01,1.731549922970278543e-01,7.609916821403855947e-01,5.131927951783901154e-01,3.736767415382662993e-01
6.322632576085746026e-01,6.957153961565034628e-01,1.874649391923646491e-01,4.067974026495411177e-01,4.002910046617552675e-01,3.427099343849286939e-01,4.744771115720913257e-01,-2.490728669299863141e-01,6.507752542781068961e-01,6.690792477635922886e-01,2.865200002627380504e-01,1.895878269124656179e-01,-4.383037903068277841e-02,6.417302175469767889e-01,-1.369965283251396992e-01,6.364767930094851200e-01,2.556607007047557723e-01,1.376076491179330785e-01,2.797464495991844879e-01,3.948153519353434504e-01,4.181456374571176915e-01,6.086236972384674315e-01,5.606217105799756739e-01,6.966138727912032369e-01,7.870867913206500699e-01,6.007573771957351871e-01,4.215661781264230523e-01,6.565711234359643544e-01,7.903972105957903782e-01,6.846016251777667927e-01,6.644392496521733804e-01,6.516807840743458202e-01,1.000000000000000000e+00,4.422307564420159820e-01,3.866349799995424386e-01,1.925423374858368231e-01,7.637426146602589450e-01,4.668048209364560330e-01,4.160701666263494358e-01
4.591474247330493141e-01,5.324082297175087852e-01,5.867893003975590549e-01,2.315056634205357178e-01,7.753744813961295224e-01,-1.960124351886861627e-01,1.952038385299445233e-01,-6.485156043494162414e-01,7.342307586104056538e-01,6.200399382778142288e-01,-1.323665495794502933e-01,4.774052086507877268e-01,-1.171914052720027764e-02,6.335253514279748366e-01,1.116597311515714341e-01,6.139493166964690163e-01,-4.586140944050610957e-02,2.036168351611480076e-01,6.992915251505674723e-01,9.427883603866292483e-02,2.863554768090036395e-01,3.714340649073206158e-01,4.815732571551636365e-01,2.932593441596363371e-01,5.436594853693983431e-01,6.173724346816559239e-01,5.734212356400091304e-01,7.949978258412033760e-01,2.425819731827962844e-01,5.506009385087867747e-01,6.539171401647100312e-01,2.168790334646550910e-01,4.422307564420159820e-01,1.000000000000000000e+00,-5.020727918527960291e-03,4.640235877446290957e-01,2.764543974878684307e-01,2.907218248457795196e-01,3.934298564089377948e-01
1.896644474544859349e-01,2.571057723333678990e-01,6.950446580605784686e-02,1.317376493825022921e-01,8.964139124523169688e-02,2.497233636509388344e-01,4.325345854031246717e-01,-6.054028660271826290e-02,1.747274961949017713e-01,1.669819160854521256e-01,2.149424454248404781e-01,-2.362608395298082808e-01,-1.257459576898424525e-01,3.391089589073387756e-01,-1.497133402700959459e-01,1.258669066945189707e-01,3.112262726129231272e-01,-1.008510308182601900e-01,-4.494695008096099426e-02,9.715073026042532478e-02,2.411787167506258822e-01,3.438054715435842068e-01,1.939442402115517106e-01,4.113889049489968253e-01,2.734753741872908428e-01,1.164105953010758365e-01,6.558481104154946506e-02,1.719415339919227459e-01,5.218329494292787141e-01,2.884604333332498882e-01,1.394859416390369367e-01,4.027857056762752519e-01,3.866349799995424386e-01,-5.020727918527960291e-03,1.000000000000000000e+00,-2.061213233314810045e-01,5.727162372924540223e-01,5.942641781771730580e-02,5.765028049962887813e-02
3.360458550009440826e-01,3.794567791454531713e-01,5.086033394341403779e-01,-1.640692643352728020e-01,2.850655490302141382e-01,-2.129360265722995693e-01,-5.804694658237292276e-02,-4.961609143034789171e-01,3.588794286123344057e-01,4.069924607586538068e-01,-3.230896886661602241e-02,2.252716084494201243e-01,-6.689429401021233790e-03,4.243424661265307596e-01,3.939902686599822679e-01,4.014668526118304603e-01,-2.375320863889512218e-02,2.536438316612129595e-01,2.430093899347734454e-01,-1.267428466828067479e-01,4.176535135940506183e-01,1.141572490880634894e-01,5.055631819927466353e-01,1.846238651371710782e-01,2.575098104173748070e-01,3.254969539157258063e-01,3.078195388418011325e-01,4.296024944702679926e-01,2.598340635954347975e-03,3.638885468914134225e-01,4.459880095403395139e-01,1.731549922970278543e-01,1.925423374858368231e-01,4.640235877446290957e-01,-2.061213233314810045e-01,1.000000000000000000e+00,5.786791688554585034e-02,3.238005127680178008e-01,1.546498142080427185e-01
6.078069557349066176e-01,5.415210442684252889e-01,1.067291451620096115e-01,4.299516440082918334e-01,3.432366222546587853e-01,4.587390019336119451e-01,5.439851260444443781e-01,-1.492555850183081567e-01,4.620179099010972013e-01,4.631653912870506984e-01,4.828170711350803779e-01,6.908240313438449194e-03,-3.050048034700690233e-02,5.437379676482951840e-01,-2.068165143230740466e-01,4.027132481164562572e-01,4.971841415919408536e-01,2.121498674857302258e-01,1.694845368128503060e-01,2.656428253296131969e-01,3.423901768854172301e-01,5.230440384897492301e-01,4.786664144281187472e-01,6.799326905852220992e-01,6.563059300545820429e-01,4.343041839603244414e-01,2.543966529713808100e-01,5.106061358628932734e-01,8.586272178490178542e-01,5.400172927304570658e-01,5.091133768383040437e-01,7.609916821403855947e-01,7.637426146602589450e-01,2.764543974878684307e-01,5.727162372924540223e-01,5.786791688554585034e-02,1.000000000000000000e+00,4.344985502263746802e-01,2.893137188150083361e-01
6.409488212266263307e-01,3.660376235606108697e-01,2.012225780017867782e-01,-5.410171720860122019e-02,1.999020824926184547e-01,1.725464027215548590e-01,-1.603684747672269317e-01,-2.208848459419209542e-01,3.714925571836556473e-01,2.618925909531700791e-01,3.782432619974309129e-01,5.209192098485584399e-01,2.821192970154833835e-01,2.927214283578848941e-01,4.799662776219959515e-01,2.528416107793063916e-01,4.097253184472459120e-01,3.375959327507366270e-01,2.973503975410340255e-02,1.072065966438436324e-01,4.006782184859885021e-01,2.677125649584665146e-01,4.228002548422876705e-01,2.883002337173380947e-01,3.305552312577934582e-01,4.404696757345216152e-01,3.305201217594123664e-01,3.401827127873078838e-01,3.903934600295042023e-01,1.775782834906594609e-01,2.788125201252549257e-01,5.131927951783901154e-01,4.668048209364560330e-01,2.907218248457795196e-01,5.942641781771730580e-02,3.238005127680178008e-01,4.344985502263746802e-01,1.000000000000000000e+00,5.373984704512094757e-01
4.569477919375403707e-01,4.405975330858469263e-01,2.355825690780417314e-01,1.190815874440389471e-01,2.695176367517126970e-01,2.704951628063371333e-02,-8.855083057832291438e-02,-2.813650341153109968e-01,4.694511412161930242e-01,3.786280210260047907e-01,1.893077321363497434e-01,5.579682307330501301e-01,4.142795715801126516e-02,2.601793756991897522e-01,1.786760713921020649e-01,3.317175812854760153e-01,2.041261201501726880e-02,1.723696502014224474e-01,2.797175094462776013e-01,1.576326000803620064e-01,2.797066103607004361e-01,3.529327144973564145e-01,2.636918872015747706e-01,2.617578744268295177e-01,4.824215151168654847e-01,3.378011452001656867e-01,6.271514655771710522e-01,4.238505797094174743e-01,2.965502301242619043e-01,3.113824977610754052e-01,3.488706754441701641e-01,3.736767415382662993e-01,4.160701666263494358e-01,3.934298564089377948e-01,5.765028049962887813e-02,1.546498142080427185e-01,2.893137188150083361e-01,5.373984704512094757e-01,1.000000000000000000e+00
