1.000000000000000000e+00,6.890842877744773887e-01,3.974823438908754447e-01,-3.232102209136293314e-01,2.170648633290172824e-01,4.818885923280574746e-01,1.472385153388992562e-01,-3.989426015172782281e-01,-1.759952370963376866e-01,7.655939338032907715e-01,5.858913658986542039e-01,-3.002249164915093971e-01,-3.044459418304611420e-01,6.756447027056488031e-01,-4.234568675598408549e-01,7.068662953779393243e-01,6.485394229108459863e-01,-2.618733467797965120e-01,-1.114992931205436022e-01,4.212252583748924729e-03,2.763881504338499932e-03,4.921137838180506541e-01,6.858084811352449517e-01,6.771237592845902320e-01,3.297813598498693377e-01,2.529168399406098167e-01,5.807556046051068899e-01,5.359792553998186243e-02,7.524886722228538716e-01,4.033901336865882148e-01,5.497326681673767590e-01,4.681760488305384271e-01,5.747821096784955230e-01,-3.290569484489632157e-01,5.591951572719373598e-01,5.708510522940200005e-01,5.032413551615991798e-01,-1.512507795170914549e-01,1.750943418456337164e-01
6.890842877744773887e-01,1.000000000000000000e+00,-9.219446612201785685e-02,-5.157190055773711590e-01,-2.283580781089173395e-01,7.425043671562033820e-01,1.474436481613271288e-01,6.718470653810539039e-02,-5.347878631723110843e-01,4.256656992243145754e-01,8.374501846759985213e-01,-8.626162598387894509e-02,-6.050402557121408176e-01,4.811373564713223860e-01,-7.914917723913287295e-01,3.355337113995645604e-01,6.901746404488099396e-01,-4.152814345284276953e-01,-2.453292034985255499e-01,-4.827475446146000104e-01,-5.177122355849994584e-01,3.883929330625536247e-01,4.934467021934945130e-01,5.517232002294867321e-01,-5.666622970697043210e-02,-3.104877094887938394e-01,7.576921582013484979e-01,-4.739218575910194575e-01,6.472391314145869989e-01,-1.395594212120676580e-02,7.481755347027128078e-01,7.751822684884061010e-01,6.424864234377621885e-01,-7.323296620333031859e-01,7.674350774114830909e-01,8.002179226235660581e-01,7.641579956607047475e-01,-6.335788730194632512e-01,4.767062547669966011e-02
3.974823438908754447e-01,-9.219446612201785685e-02,1.000000000000000000e+00,3.544787749018735168e-02,6.785332601699416433e-01,-6.199407639616844740e-02,1.517484242452165066e-01,-9.357944413040943932e-01,3.656434865385945199e-01,5.761062346345026119e-01,-8.534972822607835019e-02,-2.827253471987794531e-01,-3.112043177234488645e-02,5.407056282071778242e-01,2.562901748956998293e-01,5.203415754070780386e-01,1.557929999811788202e-01,6.919099781496126922e-02,2.125840343031183133e-01,6.496831243107402676e-01,7.463352975733610339e-01,4.896811617559306273e-01,2.905293579619918076e-01,4.749116813914981972e-01,3.887628820133941510e-01,8.144843843252242976e-01,1.603335885854433873e-01,8.127001484254685604e-01,3.968501308785236104e-01,5.383334341133995116e-01,1.692705355788411969e-01,-1.118018117504715608e-01,3.706490111564367251e-01,3.926554760164513436e-01,1.154097202564955266e-01,1.598975421958402643e-02,-1.894631625799357566e-02,4.522292780979803584e-01,1.760622865683599270e-01
-3.232102209136293314e-01,-5.157190055773711590e-01,3.544787749018735168e-02,1.000000000000000000e+00,4.309544219496777018e-01,-7.048911650524710693e-01,9.645194736180089101e-02,-1.085263629549508141e-01,6.512475414966956144e-01,-1.476233543946980087e-01,-6.836532746155217222e-01,3.627218721248269828e-01,5.249776351182778855e-01,-2.649509100721861854e-01,6.416831485394389745e-01,2.613949941742044203e-02,-6.260453830184160573e-01,7.996071968539658625e-01,5.580170305142198028e-01,1.742718221373349974e-01,3.587929460889303090e-01,-5.163490878058717426e-01,-1.471490418399578060e-01,-3.892519163790121306e-01,2.459670223329689653e-01,2.345161461848680740e-01,-7.237529929497623638e-01,2.600400783124025561e-01,-5.057765925565088638e-01,3.195072189296596088e-01,-7.070435485799162478e-01,-6.647948756389249203e-01,-5.891034344860960337e-01,6.820298721153980059e-01,-6.108500887937926560e-01,-6.695168975950387402e-01,-7.142494104532951527e-01,5.387810980188486587e-01,2.920428904772903733e-01
2.170648633290172824e-01,-2.283580781089173395e-01,6.785332601699416433e-01,4.309544219496777018e-01,1.000000000000000000e+00,-2.948618046595956055e-01,9.191146130304049533e-02,-7.623504428098891728e-01,5.816792299816222478e-01,4.564937824688435342e-01,-2.611693507741803533e-01,-7.939835853703448854e-02,1.185402334334229590e-01,4.160561726409388039e-01,4.032757253287094223e-01,4.980029132643577494e-01,-5.306718036312392528e-02,5.187140135409558095e-01,2.417229304325153871e-01,3.854710467438363097e-01,6.418892602453211138e-01,-4.858942545967585153e-02,3.371058279038370298e-01,2.393322184264432828e-01,5.555741429688640931e-01,6.304151742431508554e-01,-2.479922261824686613e-01,6.263679652920666197e-01,5.118901427525483772e-02,5.483477995886917311e-01,-1.193673610021862008e-01,-4.192030463095681725e-01,-4.974805677430116889e-04,5.747211061068155935e-01,-9.190256491646274506e-02,-2.097548689164866476e-01,-3.471327868602087086e-01,5.284131838112726687e-01,1.488644618679775544e-01
4.818885923280574746e-01,7.425043671562033820e-01,-6.199407639616844740e-02,-7.048911650524710693e-01,-2.948618046595956055e-01,1.000000000000000000e+00,4.555364833401862393e-03,8.780856556991864514e-02,-7.819313037852329007e-01,2.406822391604048761e-01,9.205385741988032500e-01,-2.631921436263461311e-01,-6.027531209179730620e-01,4.018112124075685632e-01,-8.793874741519809302e-01,6.831260461713334342e-02,8.466980372031622792e-01,-7.019669632951871519e-01,-5.552425734354836662e-01,-3.476123582259953992e-01,-5.676883357493981430e-01,4.984117405707599868e-01,3.872922701479564189e-01,5.423386286534377376e-01,-2.882758576510719983e-01,-3.375510366088133041e-01,8.544015872580928983e-01,-3.775273953753227607e-01,6.749488599412523104e-01,-3.138838937479324631e-01,8.083873999344142192e-01,8.272479482616348356e-01,7.710519433044932258e-01,-8.327881703986133033e-01,8.369082537082603857e-01,8.732065441090103297e-01,8.915924574543666603e-01,-7.362984819070218512e-01,-3.563780135757522172e-01
1.472385153388992562e-01,1.474436481613271288e-01,1.517484242452165066e-01,9.645194736180089101e-02,9.191146130304049533e-02,4.555364833401862393e-03,1.000000000000000000e+00,-1.546094126356444276e-01,3.017773535044619791e-03,4.018260803781152808e-03,3.924015313455938431e-02,2.437549266686738492e-01,-1.910245376165810305e-02,1.966946463432607817e-01,-6.490861579468586162e-02,1.177317704164343171e-01,6.066023980584697023e-02,-3.279210514043138375e-02,1.279161454731867487e-01,-6.976946515157723266e-03,7.959421950923255273e-02,1.639174507517635604e-01,-4.482633669738842613e-02,1.363055756372974492e-01,-1.257991531188197287e-01,4.432148290482196967e-02,9.704115901111048936e-02,1.854563567859160086e-02,8.175046066422408941e-02,7.920882738058693251e-02,1.288039924656922131e-01,1.792642805658324623e-01,9.452641313805935919e-02,-1.422631701909731622e-02,9.990754974218073181e-02,1.999270453766253258e-02,9.255923124541635960e-02,-2.455206819581785826e-02,2.238280335503915197e-01
-3.989426015172782281e-01,6.718470653810539039e-02,-9.357944413040943932e-01,-1.085263629549508141e-01,-7.623504428098891728e-01,8.780856556991864514e-02,-1.546094126356444276e-01,1.000000000000000000e+00,-4.271793586713951707e-01,-6.096977999771374668e-01,8.000181971463472819e-02,2.367982747886553108e-01,7.299822248771982436e-02,-5.480067573903799616e-01,-2.666603702854143387e-01,-5.573069050058780949e-01,-1.315453543156415994e-01,-1.961147006862125342e-01,-2.265559127431295838e-01,-5.587283977840954430e-01,-7.303603212482050466e-01,-3.741871347961795990e-01,-3.445529167833482065e-01,-4.598610833294728972e-01,-4.776577872118954460e-01,-7.702165920329114845e-01,-9.962943985482201892e-02,-7.603066081846109325e-01,-3.527480991296430002e-01,-5.619669844181948148e-01,-1.721745707588319962e-01,1.676394896328249617e-01,-3.344429167626220001e-01,-4.162548744885056773e-01,-1.185224536240349485e-01,-1.556142739357702608e-02,7.768878334732538804e-02,-4.573570395772170172e-01,-1.985449152419809793e-01
-1.759952370963376866e-01,-5.347878631723110843e-01,3.656434865385945199e-01,6.512475414966956144e-01,5.816792299816222478e-01,-7.819313037852329007e-01,3.017773535044619791e-03,-4.271793586713951707e-01,1.000000000000000000e+00,1.246215723866254954e-01,-7.244226097945805076e-01,8.653669345966169546e-02,2.970409415500800954e-01,1.417812422610529970e-02,8.405270367538595355e-01,2.611935014197713234e-01,-6.012952327302389932e-01,7.943269377523400898e-01,6.348155130504236077e-01,4.410301378775353109e-01,7.474053244151508402e-01,-3.586037411179752721e-01,1.761954228546786308e-02,-1.461055105116394470e-01,5.778055926413186993e-01,5.686703309299385722e-01,-6.380964507425289645e-01,5.807837936773544429e-01,-4.132068960038686734e-01,6.308316860824605410e-01,-5.635422719378990752e-01,-7.177821935668360354e-01,-4.545706475938169899e-01,8.586315172716324495e-01,-5.541823164920712808e-01,-6.301757733860978705e-01,-7.368954364543476299e-01,8.776509001136783006e-01,5.564336363512275563e-01
7.655939338032907715e-01,4.256656992243145754e-01,5.761062346345026119e-01,-1.476233543946980087e-01,4.564937824688435342e-01,2.406822391604048761e-01,4.018260803781152808e-03,-6.096977999771374668e-01,1.246215723866254954e-01,1.000000000000000000e+00,3.215671073702037197e-01,-4.064858772419625010e-01,-2.293822246825455713e-01,6.843346389614083369e-01,-1.237372137621720741e-01,8.428522666425732890e-01,4.261454927655607960e-01,1.928104580093095710e-02,9.108116964008943287e-03,2.076356531762114932e-01,3.110101663913376613e-01,3.071854274817517050e-01,7.103576457025312374e-01,6.017410404581429173e-01,6.239335918576086604e-01,4.739346183571210291e-01,3.146790883001365224e-01,3.327055433603380297e-01,6.621268964488761233e-01,6.483746238168661691e-01,3.746172503050957947e-01,1.145380923606948292e-01,3.964323613786366884e-01,-3.938405104947254043e-02,3.561675285332399077e-01,3.806850672491711163e-01,2.059029618957875507e-01,1.017662341748342553e-01,7.700161841383923456e-02
5.858913658986542039e-01,8.374501846759985213e-01,-8.534972822607835019e-02,-6.836532746155217222e-01,-2.611693507741803533e-01,9.205385741988032500e-01,3.924015313455938431e-02,8.000181971463472819e-02,-7.244226097945805076e-01,3.215671073702037197e-01,1.000000000000000000e+00,-2.283424938456186104e-01,-6.300239283777153698e-01,4.440534387026256469e-01,-8.846139513451599656e-01,1.636732343763020736e-01,8.678957099242978757e-01,-6.307541005499881503e-01,-5.141918603550522660e-01,-4.429595385171907762e-01,-5.765810051252170387e-01,4.222420098048274562e-01,4.523674778167816046e-01,5.733420924277997655e-01,-1.767433883111627080e-01,-3.611823208099657623e-01,8.340418566435292558e-01,-4.466528070229974778e-01,6.717767977417983261e-01,-2.391027623529510815e-01,8.265603805961873052e-01,8.159970427297518203e-01,7.325870312058202494e-01,-8.404553768290937699e-01,8.342125850652236663e-01,8.769300733690906791e-01,8.585102613249177006e-01,-7.222490770090742584e-01,-2.415228496741052833e-01
-3.002249164915093971e-01,-8.626162598387894509e-02,-2.827253471987794531e-01,3.627218721248269828e-01,-7.939835853703448854e-02,-2.631921436263461311e-01,2.437549266686738492e-01,2.367982747886553108e-01,8.653669345966169546e-02,-4.064858772419625010e-01,-2.283424938456186104e-01,1.000000000000000000e+00,1.550607541869074291e-01,-2.265821930143871732e-01,8.546593878877116468e-02,-2.629515704645111196e-01,-3.835425085976534310e-01,2.954766685451714059e-01,3.271996144529069062e-01,-3.153370053773437154e-01,-1.846290391881546256e-01,-1.779401148395060583e-01,-3.001685705029304985e-01,-2.552506506532494224e-01,-3.052037040994641237e-01,-3.219976378718910626e-01,-2.409366812330797636e-01,-3.128892221825769759e-01,-3.234299890769098407e-01,-1.798884508460326659e-01,-1.890688770471399827e-01,-1.544624455854256423e-02,-2.359675037160010314e-01,1.446856736634001550e-01,-1.642262817218279880e-01,-3.234985036142318249e-01,-1.634913832165293401e-01,-1.108038905129267726e-01,2.131741337226307487e-01
-3.044459418304611420e-01,-6.050402557121408176e-01,-3.112043177234488645e-02,5.249776351182778855e-01,1.185402334334229590e-01,-6.027531209179730620e-01,-1.910245376165810305e-02,7.299822248771982436e-02,2.970409415500800954e-01,-2.293822246825455713e-01,-6.300239283777153698e-01,1.550607541869074291e-01,1.000000000000000000e+00,-4.184369178416781354e-01,5.477517163879516149e-01,-1.540795675324103109e-01,-5.387264565127691807e-01,3.272634808005338014e-01,2.387549021750608735e-01,3.713605729594746108e-01,2.825846850700846069e-01,-2.647275722440982082e-01,-3.808095340813628105e-01,-5.050885002872201879e-01,6.575691807488172336e-02,2.541584580353103417e-01,-6.473649660243434578e-01,2.577303984460396769e-01,-3.659022543524471649e-01,1.340274125309071085e-01,-7.596543305679337443e-01,-5.587219696727212526e-01,-6.517101514193728296e-01,4.922786042119214889e-01,-7.096379385688049712e-01,-6.866319899534288895e-01,-6.121036555910090993e-01,3.767908812383510830e-01,-6.506375170897737981e-02
6.756447027056488031e-01,4.811373564713223860e-01,5.407056282071778242e-01,-2.649509100721861854e-01,4.160561726409388039e-01,4.018112124075685632e-01,1.966946463432607817e-01,-5.480067573903799616e-01,1.417812422610529970e-02,6.843346389614083369e-01,4.440534387026256469e-01,-2.265821930143871732e-01,-4.184369178416781354e-01,1.000000000000000000e+00,-2.626636527325235115e-01,6.180988383329569791e-01,5.532011976093994532e-01,-1.009392249288772470e-01,5.657653238697705339e-02,7.913847898052765728e-02,1.836159369234019456e-01,4.712277312789361350e-01,6.769478535724220425e-01,7.920594502653838243e-01,3.294213426490221752e-01,3.486905999185361260e-01,5.144001066549320766e-01,2.544866313318846496e-01,6.632131801098993806e-01,4.041602177150230846e-01,5.412179318399849004e-01,3.853146075094572298e-01,5.897825115439053745e-01,-1.485300134829178886e-01,6.162033736582834820e-01,4.741030692451204120e-01,4.620968924944290346e-01,-5.802895573205814166e-03,1.680479950893839780e-01
-4.234568675598408549e-01,-7.914917723913287295e-01,2.562901748956998293e-01,6.416831485394389745e-01,4.032757253287094223e-01,-8.793874741519809302e-01,-6.490861579468586162e-02,-2.666603702854143387e-01,8.405270367538595355e-01,-1.237372137621720741e-01,-8.846139513451599656e-01,8.546593878877116468e-02,5.477517163879516149e-01,-2.626636527325235115e-01,1.000000000000000000e+00,-3.152950352387946104e-02,-7.369331764501896309e-01,6.540629616034303595e-01,5.153262682570508568e-01,5.682430360105218403e-01,7.382210159649779113e-01,-3.831227344925804967e-01,-3.103895106429765405e-01,-4.140821245537704143e-01,4.130230207098878337e-01,5.521838877466161977e-01,-7.957186915191732934e-01,6.086935057043528774e-01,-5.325643307680160143e-01,4.204220898826280250e-01,-7.650091470923945369e-01,-8.501424039542907485e-01,-6.277524892170071036e-01,9.002664714483402664e-01,-7.805969823834286725e-01,-8.131587532577072563e-01,-8.612646603894908992e-01,8.672070965696604405e-01,3.363560709932840731e-01
7.068662953779393243e-01,3.355337113995645604e-01,5.203415754070780386e-01,2.613949941742044203e-02,4.980029132643577494e-01,6.831260461713334342e-02,1.177317704164343171e-01,-5.573069050058780949e-01,2.611935014197713234e-01,8.428522666425732890e-01,1.636732343763020736e-01,-2.629515704645111196e-01,-1.540795675324103109e-01,6.180988383329569791e-01,-3.152950352387946104e-02,1.000000000000000000e+00,2.777847073940209466e-01,1.671075148458912862e-01,1.787359849684825308e-01,1.466006476651014467e-01,3.392525564175538633e-01,1.955243976974418152e-01,7.012054135062886218e-01,5.320113493057712084e-01,5.471870702659209496e-01,4.458133937975110594e-01,1.915864851909966637e-01,2.929515309231625064e-01,4.523043056076832547e-01,6.890330399898575431e-01,2.524119020048714024e-01,4.104838971463801306e-02,2.282702465351604537e-01,6.175763136798071568e-02,2.393620742918726452e-01,2.333162378122536351e-01,8.204086670020691030e-02,2.075569744504484337e-01,2.373690595298876826e-01
6.485394229108459863e-01,6.901746404488099396e-01,1.557929999811788202e-01,-6.260453830184160573e-01,-5.306718036312392528e-02,8.466980372031622792e-01,6.066023980584697023e-02,-1.315453543156415994e-01,-6.012952327302389932e-01,4.261454927655607960e-01,8.678957099242978757e-01,-3.835425085976534310e-01,-5.387264565127691807e-01,5.532011976093994532e-01,-7.369331764501896309e-01,2.777847073940209466e-01,1.000000000000000000e+00,-6.303207135857019638e-01,-5.140967500852160477e-01,-1.972175660520173734e-01,-3.243750861092744575e-01,4.914596613785463530e-01,5.074861771916963082e-01,6.825977692188835988e-01,-6.711981339156627979e-02,-8.174219483890574067e-02,7.948028940520620589e-01,-1.491813304870897583e-01,7.196454902636609807e-01,-9.260548375492842765e-02,7.632653793525159269e-01,6.917573303490665015e-01,7.472424122472834940e-01,-6.776020004372838024e-01,7.705190499533174364e-01,7.952591886051961767e-01,7.759766475685263565e-01,-5.220071380229500679e-01,-2.596397029909034426e-01
-2.618733467797965120e-01,-4.152814345284276953e-01,6.919099781496126922e-02,7.996071968539658625e-01,5.187140135409558095e-01,-7.019669632951871519e-01,-3.279210514043138375e-02,-1.961147006862125342e-01,7.943269377523400898e-01,1.928104580093095710e-02,-6.307541005499881503e-01,2.954766685451714059e-01,3.272634808005338014e-01,-1.009392249288772470e-01,6.540629616034303595e-01,1.671075148458912862e-01,-6.303207135857019638e-01,1.000000000000000000e+00,6.429230540769891311e-01,9.108802698361270767e-02,4.031191859444964720e-01,-5.711762679123846276e-01,4.230577208725440352e-02,-2.855432568018995143e-01,4.758195201735062052e-01,2.259725954186979080e-01,-6.939075962607667014e-01,2.379706948169131586e-01,-4.936851596689935673e-01,4.498267957353526136e-01,-5.876787153964491139e-01,-6.736580460952377170e-01,-5.540221763562310775e-01,6.749688538438767260e-01,-5.061095442576974968e-01,-5.961373656815764921e-01,-7.076112390752087311e-01,5.936643128439382799e-01,3.875823057855166121e-01
-1.114992931205436022e-01,-2.453292034985255499e-01,2.125840343031183133e-01,5.580170305142198028e-01,2.417229304325153871e-01,-5.552425734354836662e-01,1.279161454731867487e-01,-2.265559127431295838e-01,6.348155130504236077e-01,9.108116964008943287e-03,-5.141918603550522660e-01,3.271996144529069062e-01,2.387549021750608735e-01,5.657653238697705339e-02,5.153262682570508568e-01,1.787359849684825308e-01,-5.140967500852160477e-01,6.429230540769891311e-01,1.000000000000000000e+00,1.932871765659173180e-01,4.078660796717653025e-01,-1.208287976507633754e-01,-4.053064861140633947e-03,-3.818540959239306865e-02,2.132114500191294726e-01,2.983669965522781076e-01,-3.291612679682158205e-01,2.759641320423823485e-01,-2.353466994334096063e-01,4.315398990065927864e-01,-3.646306710868652545e-01,-3.301835037729485833e-01,-2.771236490751024517e-01,4.965450843548194770e-01,-2.986131083152939181e-01,-4.702921446798661864e-01,-3.823588902845432291e-01,5.112939562026559415e-01,6.431381247121721323e-01
4.212252583748924729e-03,-4.827475446146000104e-01,6.496831243107402676e-01,1.742718221373349974e-01,3.854710467438363097e-01,-3.476123582259953992e-01,-6.976946515157723266e-03,-5.587283977840954430e-01,4.410301378775353109e-01,2.076356531762114932e-01,-4.429595385171907762e-01,-3.153370053773437154e-01,3.713605729594746108e-01,7.913847898052765728e-02,5.682430360105218403e-01,1.466006476651014467e-01,-1.972175660520173734e-01,9.108802698361270767e-02,1.932871765659173180e-01,1.000000000000000000e+00,7.480422608262077278e-01,3.261250211514222230e-01,-9.647452253869706618e-02,4.091497796964467526e-02,2.887243445753069349e-01,7.870342117480352284e-01,-1.996325024912124768e-01,8.460124441365021175e-01,5.952822501567248126e-02,4.403584950181841373e-01,-3.177789925656065995e-01,-3.981933984894501788e-01,-4.224892783690734760e-02,5.867112844171407104e-01,-3.413887769956087115e-01,-3.368027300391830958e-01,-3.218520900336387935e-01,6.242100561712007334e-01,9.049966749242928377e-02
2.763881504338499932e-03,-5.177122355849994584e-01,7.463352975733610339e-01,3.587929460889303090e-01,6.418892602453211138e-01,-5.676883357493981430e-01,7.959421950923255273e-02,-7.303603212482050466e-01,7.474053244151508402e-01,3.110101663913376613e-01,-5.765810051252170387e-01,-1.846290391881546256e-01,2.825846850700846069e-01,1.836159369234019456e-01,7.382210159649779113e-01,3.392525564175538633e-01,-3.243750861092744575e-01,4.031191859444964720e-01,4.078660796717653025e-01,7.480422608262077278e-01,1.000000000000000000e+00,5.218889376709621997e-02,8.441637597357113526e-03,7.544337646199240910e-02,5.251353269849913241e-01,8.516625450197845559e-01,-3.709843597813567428e-01,8.834424552230247807e-01,-7.310278627079273839e-02,6.317700498409664078e-01,-3.356084344312890710e-01,-5.799731178504071716e-01,-1.513852413803026264e-01,7.743004433437041811e-01,-4.082562203851267668e-01,-4.548537593614941921e-01,-5.329398624458221434e-01,8.190438788381929625e-01,3.294213468704711989e-01
4.921137838180506541e-01,3.883929330625536247e-01,4.896811617559306273e-01,-5.163490878058717426e-01,-4.858942545967585153e-02,4.984117405707599868e-01,1.639174507517635604e-01,-3.741871347961795990e-01,-3.586037411179752721e-01,3.071854274817517050e-01,4.222420098048274562e-01,-1.779401148395060583e-01,-2.647275722440982082e-01,4.712277312789361350e-01,-3.831227344925804967e-01,1.955243976974418152e-01,4.914596613785463530e-01,-5.711762679123846276e-01,-1.208287976507633754e-01,3.261250211514222230e-01,5.218889376709621997e-02,1.000000000000000000e+00,1.675269776795800247e-01,5.619604926456611693e-01,-2.354164752454506182e-01,2.855265342791407090e-01,7.118511254746932027e-01,2.513945706642293221e-01,6.685928719986601321e-01,3.443544434765723888e-02,5.469798558092247021e-01,5.961988665720566738e-01,6.924709117328362584e-01,-2.814201502862694881e-01,5.220157120611227386e-01,4.592850238009011377e-01,6.346613339100359852e-01,-2.296823688871771074e-01,-1.229180228537724885e-02
6.858084811352449517e-01,4.934467021934945130e-01,2.905293579619918076e-01,-1.471490418399578060e-01,3.371058279038370298e-01,3.872922701479564189e-01,-4.482633669738842613e-02,-3.445529167833482065e-01,1.761954228546786308e-02,7.103576457025312374e-01,4.523674778167816046e-01,-3.001685705029304985e-01,-3.808095340813628105e-01,6.769478535724220425e-01,-3.103895106429765405e-01,7.012054135062886218e-01,5.074861771916963082e-01,4.230577208725440352e-02,-4.053064861140633947e-03,-9.647452253869706618e-02,8.441637597357113526e-03,1.675269776795800247e-01,1.000000000000000000e+00,6.684398118426715385e-01,4.949169096202601370e-01,1.285087600804238339e-01,3.939506544282223577e-01,3.129259282087244048e-02,5.000893336602526551e-01,3.864046315762605377e-01,4.527898731671750610e-01,2.762959627650637962e-01,4.324341635443365583e-01,-2.244302285100920613e-01,5.549594786052904904e-01,5.081367323821606163e-01,3.641021360259575346e-01,-5.120262604010528129e-02,9.361781007600457338e-02
6.771237592845902320e-01,5.517232002294867321e-01,4.749116813914981972e-01,-3.892519163790121306e-01,2.393322184264432828e-01,5.423386286534377376e-01,1.363055756372974492e-01,-4.598610833294728972e-01,-1.461055105116394470e-01,6.017410404581429173e-01,5.733420924277997655e-01,-2.552506506532494224e-01,-5.050885002872201879e-01,7.920594502653838243e-01,-4.140821245537704143e-01,5.320113493057712084e-01,6.825977692188835988e-01,-2.855432568018995143e-01,-3.818540959239306865e-02,4.091497796964467526e-02,7.544337646199240910e-02,5.619604926456611693e-01,6.684398118426715385e-01,1.000000000000000000e+00,1.708602148224775408e-01,2.393910427041096023e-01,6.731227003558479804e-01,1.610577967861547832e-01,6.648512370449175535e-01,2.745535530656836865e-01,6.641539777923195498e-01,5.260589568502526125e-01,7.012109017943958245e-01,-2.977820277839832719e-01,7.113045706626360820e-01,5.873933029060460775e-01,5.923848353588124782e-01,-1.453800486980667273e-01,1.516190783869592607e-01
3.297813598498693377e-01,-5.666622970697043210e-02,3.887628820133941510e-01,2.459670223329689653e-01,5.555741429688640931e-01,-2.882758576510719983e-01,-1.257991531188197287e-01,-4.776577872118954460e-01,5.778055926413186993e-01,6.239335918576086604e-01,-1.767433883111627080e-01,-3.052037040994641237e-01,6.575691807488172336e-02,3.294213426490221752e-01,4.130230207098878337e-01,5.471870702659209496e-01,-6.711981339156627979e-02,4.758195201735062052e-01,2.132114500191294726e-01,2.887243445753069349e-01,5.251353269849913241e-01,-2.354164752454506182e-01,4.949169096202601370e-01,1.708602148224775408e-01,1.000000000000000000e+00,4.938888173393241598e-01,-2.652877140023815472e-01,4.268327801474190442e-01,1.085124399102582460e-01,6.590606152699324261e-01,-1.575253609003816058e-01,-4.483955967153396283e-01,-1.412909364481032548e-01,4.009821104496124611e-01,-1.394015748317697923e-01,-9.872082278215808804e-02,-3.610275359504486747e-01,5.251748895046359777e-01,2.448913355346059029e-01
2.529168399406098167e-01,-3.104877094887938394e-01,8.144843843252242976e-01,2.345161461848680740e-01,6.304151742431508554e-01,-3.375510366088133041e-01,4.432148290482196967e-02,-7.702165920329114845e-01,5.686703309299385722e-01,4.739346183571210291e-01,-3.611823208099657623e-01,-3.219976378718910626e-01,2.541584580353103417e-01,3.486905999185361260e-01,5.521838877466161977e-01,4.458133937975110594e-01,-8.174219483890574067e-02,2.259725954186979080e-01,2.983669965522781076e-01,7.870342117480352284e-01,8.516625450197845559e-01,2.855265342791407090e-01,1.285087600804238339e-01,2.393910427041096023e-01,4.938888173393241598e-01,1.000000000000000000e+00,-1.537601077241096681e-01,8.975746815280916113e-01,2.206818723197905008e-01,6.943694743175962136e-01,-2.153962180976743135e-01,-3.820916855410817492e-01,4.634745032307418383e-02,6.112564271592916265e-01,-2.261083290852956007e-01,-2.638004857142079440e-01,-3.129499768325069708e-01,6.992881983980240301e-01,2.615747994636209994e-01
5.807556046051068899e-01,7.576921582013484979e-01,1.603335885854433873e-01,-7.237529929497623638e-01,-2.479922261824686613e-01,8.544015872580928983e-01,9.704115901111048936e-02,-9.962943985482201892e-02,-6.380964507425289645e-01,3.146790883001365224e-01,8.340418566435292558e-01,-2.409366812330797636e-01,-6.473649660243434578e-01,5.144001066549320766e-01,-7.957186915191732934e-01,1.915864851909966637e-01,7.948028940520620589e-01,-6.939075962607667014e-01,-3.291612679682158205e-01,-1.996325024912124768e-01,-3.709843597813567428e-01,7.118511254746932027e-01,3.939506544282223577e-01,6.731227003558479804e-01,-2.652877140023815472e-01,-1.537601077241096681e-01,1.000000000000000000e+00,-2.031100514416394609e-01,7.186045816574231360e-01,-1.634597412757946289e-01,8.629828162142029191e-01,8.685896846830056806e-01,8.545552000629752509e-01,-7.256919612521481877e-01,8.623245029229200664e-01,8.341495665363831691e-01,9.241480297355991746e-01,-5.894827201515879800e-01,-9.627926695658475809e-02
5.359792553998186243e-02,-4.739218575910194575e-01,8.127001484254685604e-01,2.600400783124025561e-01,6.263679652920666197e-01,-3.775273953753227607e-01,1.854563567859160086e-02,-7.603066081846109325e-01,5.807837936773544429e-01,3.327055433603380297e-01,-4.466528070229974778e-01,-3.128892221825769759e-01,2.577303984460396769e-01,2.544866313318846496e-01,6.086935057043528774e-01,2.929515309231625064e-01,-1.491813304870897583e-01,2.379706948169131586e-01,2.759641320423823485e-01,8.460124441365021175e-01,8.834424552230247807e-01,2.513945706642293221e-01,3.129259282087244048e-02,1.610577967861547832e-01,4.268327801474190442e-01,8.975746815280916113e-01,-2.031100514416394609e-01,1.000000000000000000e+00,9.543085812967708192e-02,5.712531690057166545e-01,-2.539035051659476183e-01,-4.496067940550945718e-01,1.613998171743098384e-02,6.651361104255997247e-01,-2.779654259447129072e-01,-3.271108770768333396e-01,-3.530617043273423517e-01,7.172259634682622842e-01,1.414519845665065390e-01
7.524886722228538716e-01,6.472391314145869989e-01,3.968501308785236104e-01,-5.057765925565088638e-01,5.118901427525483772e-02,6.749488599412523104e-01,8.175046066422408941e-02,-3.527480991296430002e-01,-4.132068960038686734e-01,6.621268964488761233e-01,6.717767977417983261e-01,-3.234299890769098407e-01,-3.659022543524471649e-01,6.632131801098993806e-01,-5.325643307680160143e-01,4.523043056076832547e-01,7.196454902636609807e-01,-4.936851596689935673e-01,-2.353466994334096063e-01,5.952822501567248126e-02,-7.310278627079273839e-02,6.685928719986601321e-01,5.000893336602526551e-01,6.648512370449175535e-01,1.085124399102582460e-01,2.206818723197905008e-01,7.186045816574231360e-01,9.543085812967708192e-02,1.000000000000000000e+00,2.260728564532459572e-01,6.518970234659610119e-01,6.168601479354308692e-01,7.509604564683409755e-01,-4.600600710535885374e-01,6.655173721954535937e-01,6.548641090120720376e-01,6.814162816768816189e-01,-3.495572256112088327e-01,-1.293935244332304613e-01
4.033901336865882148e-01,-1.395594212120676580e-02,5.383334341133995116e-01,3.195072189296596088e-01,5.483477995886917311e-01,-3.138838937479324631e-01,7.920882738058693251e-02,-5.619669844181948148e-01,6.308316860824605410e-01,6.483746238168661691e-01,-2.391027623529510815e-01,-1.798884508460326659e-01,1.340274125309071085e-01,4.041602177150230846e-01,4.204220898826280250e-01,6.890330399898575431e-01,-9.260548375492842765e-02,4.498267957353526136e-01,4.315398990065927864e-01,4.403584950181841373e-01,6.317700498409664078e-01,3.443544434765723888e-02,3.864046315762605377e-01,2.745535530656836865e-01,6.590606152699324261e-01,6.943694743175962136e-01,-1.634597412757946289e-01,5.712531690057166545e-01,2.260728564532459572e-01,1.000000000000000000e+00,-1.912961167983207589e-01,-3.067992411680566245e-01,-5.309621594536446249e-02,4.616025228576885464e-01,-1.661496112070219022e-01,-1.613001346688704707e-01,-2.820029957877820403e-01,5.989918195559633673e-01,4.059041763429152572e-01
5.497326681673767590e-01,7.481755347027128078e-01,1.692705355788411969e-01,-7.070435485799162478e-01,-1.193673610021862008e-01,8.083873999344142192e-01,1.288039924656922131e-01,-1.721745707588319962e-01,-5.635422719378990752e-01,3.746172503050957947e-01,8.265603805961873052e-01,-1.890688770471399827e-01,-7.596543305679337443e-01,5.412179318399849004e-01,-7.650091470923945369e-01,2.524119020048714024e-01,7.632653793525159269e-01,-5.876787153964491139e-01,-3.646306710868652545e-01,-3.177789925656065995e-01,-3.356084344312890710e-01,5.469798558092247021e-01,4.527898731671750610e-01,6.641539777923195498e-01,-1.575253609003816058e-01,-2.153962180976743135e-01,8.629828162142029191e-01,-2.539035051659476183e-01,6.518970234659610119e-01,-1.912961167983207589e-01,1.000000000000000000e+00,7.734914007331749053e-01,8.382474320657187228e-01,-6.808111564678626104e-01,8.741451775873857466e-01,8.258980799204217460e-01,8.253812499514141532e-01,-5.910049158922505708e-01,-1.262402016737993460e-01
4.681760488305384271e-01,7.751822684884061010e-01,-1.118018117504715608e-01,-6.647948756389249203e-01,-4.192030463095681725e-01,8.272479482616348356e-01,1.792642805658324623e-01,1.676394896328249617e-01,-7.177821935668360354e-01,1.145380923606948292e-01,8.159970427297518203e-01,-1.544624455854256423e-02,-5.587219696727212526e-01,3.853146075094572298e-01,-8.501424039542907485e-01,4.104838971463801306e-02,6.917573303490665015e-01,-6.736580460952377170e-01,-3.301835037729485833e-01,-3.981933984894501788e-01,-5.799731178504071716e-01,5.961988665720566738e-01,2.762959627650637962e-01,5.260589568502526125e-01,-4.483955967153396283e-01,-3.820916855410817492e-01,8.685896846830056806e-01,-4.496067940550945718e-01,6.168601479354308692e-01,-3.067992411680566245e-01,7.734914007331749053e-01,1.000000000000000000e+00,7.215856078763077663e-01,-7.947642344942267290e-01,8.066440902556011316e-01,7.536670003829495368e-01,9.181435787290017636e-01,-7.131329964608568162e-01,-9.425010413900768158e-02
5.747821096784955230e-01,6.424864234377621885e-01,3.706490111564367251e-01,-5.891034344860960337e-01,-4.974805677430116889e-04,7.710519433044932258e-01,9.452641313805935919e-02,-3.344429167626220001e-01,-4.545706475938169899e-01,3.964323613786366884e-01,7.325870312058202494e-01,-2.359675037160010314e-01,-6.517101514193728296e-01,5.897825115439053745e-01,-6.277524892170071036e-01,2.282702465351604537e-01,7.472424122472834940e-01,-5.540221763562310775e-01,-2.771236490751024517e-01,-4.224892783690734760e-02,-1.513852413803026264e-01,6.924709117328362584e-01,4.324341635443365583e-01,7.012109017943958245e-01,-1.412909364481032548e-01,4.634745032307418383e-02,8.545552000629752509e-01,1.613998171743098384e-02,7.509604564683409755e-01,-5.309621594536446249e-02,8.382474320657187228e-01,7.215856078763077663e-01,1.000000000000000000e+00,-5.127287586001071373e-01,8.149666660328310774e-01,7.638174182733155071e-01,7.936818592515113568e-01,-4.177168229918426512e-01,-7.259593508819159324e-02
-3.290569484489632157e-01,-7.323296620333031859e-01,3.926554760164513436e-01,6.820298721153980059e-01,5.747211061068155935e-01,-8.327881703986133033e-01,-1.422631701909731622e-02,-4.162548744885056773e-01,8.586315172716324495e-01,-3.938405104947254043e-02,-8.404553768290937699e-01,1.446856736634001550e-01,4.922786042119214889e-01,-1.485300134829178886e-01,9.002664714483402664e-01,6.175763136798071568e-02,-6.776020004372838024e-01,6.749688538438767260e-01,4.965450843548194770e-01,5.867112844171407104e-01,7.743004433437041811e-01,-2.814201502862694881e-01,-2.244302285100920613e-01,-2.977820277839832719e-01,4.009821104496124611e-01,6.112564271592916265e-01,-7.256919612521481877e-01,6.651361104255997247e-01,-4.600600710535885374e-01,4.616025228576885464e-01,-6.808111564678626104e-01,-7.947642344942267290e-01,-5.127287586001071373e-01,1.000000000000000000e+00,-6.921210580245839017e-01,-7.564876871238666034e-01,-8.085934345668208678e-01,8.409143953611853961e-01,3.539505288298947505e-01
5.591951572719373598e-01,7.674350774114830909e-01,1.154097202564955266e-01,-6.108500887937926560e-01,-9.190256491646274506e-02,8.369082537082603857e-01,9.990754974218073181e-02,-1.185224536240349485e-01,-5.541823164920712808e-01,3.561675285332399077e-01,8.342125850652236663e-01,-1.642262817218279880e-01,-7.096379385688049712e-01,6.162033736582834820e-01,-7.805969823834286725e-01,2.393620742918726452e-01,7.705190499533174364e-01,-5.061095442576974968e-01,-2.986131083152939181e-01,-3.413887769956087115e-01,-4.082562203851267668e-01,5.220157120611227386e-01,5.549594786052904904e-01,7.113045706626360820e-01,-1.394015748317697923e-01,-2.261083290852956007e-01,8.623245029229200664e-01,-2.779654259447129072e-01,6.655173721954535937e-01,-1.661496112070219022e-01,8.741451775873857466e-01,8.066440902556011316e-01,8.149666660328310774e-01,-6.921210580245839017e-01,1.000000000000000000e+00,8.340453483522560774e-01,8.682153496419816596e-01,-5.880817708965169199e-01,-9.810673070009082175e-02
5.708510522940200005e-01,8.002179226235660581e-01,1.598975421958402643e-02,-6.695168975950387402e-01,-2.097548689164866476e-01,8.732065441090103297e-01,1.999270453766253258e-02,-1.556142739357702608e-02,-6.301757733860978705e-01,3.806850672491711163e-01,8.769300733690906791e-01,-3.234985036142318249e-01,-6.866319899534288895e-01,4.741030692451204120e-01,-8.131587532577072563e-01,2.333162378122536351e-01,7.952591886051961767e-01,-5.961373656815764921e-01,-4.702921446798661864e-01,-3.368027300391830958e-01,-4.548537593614941921e-01,4.592850238009011377e-01,5.081367323821606163e-01,5.873933029060460775e-01,-9.872082278215808804e-02,-2.638004857142079440e-01,8.341495665363831691e-01,-3.271108770768333396e-01,6.548641090120720376e-01,-1.613001346688704707e-01,8.258980799204217460e-01,7.536670003829495368e-01,7.638174182733155071e-01,-7.564876871238666034e-01,8.340453483522560774e-01,1.000000000000000000e+00,8.379619768332430274e-01,-6.217214853254329210e-01,-1.914620353751366189e-01
5.032413551615991798e-01,7.641579956607047475e-01,-1.894631625799357566e-02,-7.142494104532951527e-01,-3.471327868602087086e-01,8.915924574543666603e-01,9.255923124541635960e-02,7.768878334732538804e-02,-7.368954364543476299e-01,2.059029618957875507e-01,8.585102613249177006e-01,-1.634913832165293401e-01,-6.121036555910090993e-01,4.620968924944290346e-01,-8.612646603894908992e-01,8.204086670020691030e-02,7.759766475685263565e-01,-7.076112390752087311e-01,-3.823588902845432291e-01,-3.218520900336387935e-01,-5.329398624458221434e-01,6.346613339100359852e-01,3.641021360259575346e-01,5.923848353588124782e-01,-3.610275359504486747e-01,-3.129499768325069708e-01,9.241480297355991746e-01,-3.530617043273423517e-01,6.814162816768816189e-01,-2.820029957877820403e-01,8.253812499514141532e-01,9.181435787290017636e-01,7.936818592515113568e-01,-8.085934345668208678e-01,8.682153496419816596e-01,8.379619768332430274e-01,1.000000000000000000e+00,-7.024455074477388150e-01,-1.965475343331811175e-01
-1.512507795170914549e-01,-6.335788730194632512e-01,4.522292780979803584e-01,5.387810980188486587e-01,5.284131838112726687e-01,-7.362984819070218512e-01,-2.455206819581785826e-02,-4.573570395772170172e-01,8.776509001136783006e-01,1.017662341748342553e-01,-7.222490770090742584e-01,-1.108038905129267726e-01,3.767908812383510830e-01,-5.802895573205814166e-03,8.672070965696604405e-01,2.075569744504484337e-01,-5.220071380229500679e-01,5.936643128439382799e-01,5.112939562026559415e-01,6.242100561712007334e-01,8.190438788381929625e-01,-2.296823688871771074e-01,-5.120262604010528129e-02,-1.453800486980667273e-01,5.251748895046359777e-01,6.992881983980240301e-01,-5.894827201515879800e-01,7.172259634682622842e-01,-3.495572256112088327e-01,5.989918195559633673e-01,-5.910049158922505708e-01,-7.131329964608568162e-01,-4.177168229918426512e-01,8.409143953611853961e-01,-5.880817708965169199e-01,-6.217214853254329210e-01,-7.024455074477388150e-01,1.000000000000000000e+00,4.874616511238679673e-01
1.750943418456337164e-01,4.767062547669966011e-02,1.760622865683599270e-01,2.920428904772903733e-01,1.488644618679775544e-01,-3.563780135757522172e-01,2.238280335503915197e-01,-1.985449152419809793e-01,5.564336363512275563e-01,7.700161841383923456e-02,-2.415228496741052833e-01,2.131741337226307487e-01,-6.506375170897737981e-02,1.680479950893839780e-01,3.363560709932840731e-01,2.373690595298876826e-01,-2.596397029909034426e-01,3.875823057855166121e-01,6.431381247121721323e-01,9.049966749242928377e-02,3.294213468704711989e-01,-1.229180228537724885e-02,9.361781007600457338e-02,1.516190783869592607e-01,2.448913355346059029e-01,2.615747994636209994e-01,-9.627926695658475809e-02,1.414519845665065390e-01,-1.293935244332304613e-01,4.059041763429152572e-01,-1.262402016737993460e-01,-9.425010413900768158e-02,-7.259593508819159324e-02,3.539505288298947505e-01,-9.810673070009082175e-02,-1.914620353751366189e-01,-1.965475343331811175e-01,4.874616511238679673e-01,1.000000000000000000e+00
