1.000000000000000000e+00,4.330647795851657600e-01,3.976179718507140692e-01,4.539284677809215518e-01,4.085703250643986095e-01,-1.561984182035882629e-01,2.128568281141455798e-01,-3.725411359386793797e-01,5.431803653416811262e-01,5.212084700035810592e-01,-1.765248994874998312e-01,2.808928204106176385e-01,-2.357447555028367725e-01,2.500361071646638456e-01,1.698136736187016993e-01,6.174151855222684837e-01,9.688324950249131012e-03,3.571857120093387961e-01,4.144581377462725480e-01,-1.282428061925663665e-01,3.790269692910515076e-01,3.849899806325274843e-01,4.597322582220835230e-01,3.290393407984622542e-01,4.149161809563267078e-01,5.683690629082295276e-01,3.456526235535113400e-01,3.865605664739658609e-01,1.872946881576802169e-01,4.195766654620448621e-01,2.462835780864519319e-01,-4.741650889372493044e-02,3.257459328169151069e-01,4.376942373562842103e-01,-5.088970015695110788e-02,1.821491850731555562e-01,-5.799885826917506454e-02,3.423931821958695609e-01,3.733310970554608588e-01
4.330647795851657600e-01,1.000000000000000000e+00,3.648773705012585133e-01,2.460406570535613457e-01,2.577117848308982384e-01,4.547981463347569031e-01,2.214621242115580035e-01,-4.335327032061944141e-01,2.665916465065530372e-01,2.246097540245637347e-01,3.772682468668228095e-01,-7.796288010967145077e-02,4.761925304655488522e-02,3.203314866816388551e-01,-2.605837910758083686e-01,3.418197630990690294e-01,1.660488626703587323e-01,-5.365128627581192133e-02,1.574585706333425095e-01,1.227149183931691839e-01,3.099594496107372366e-01,-2.908106917415909792e-02,6.325840977784033536e-02,8.771648947990069722e-02,3.248751254332306604e-01,3.273624567088826431e-01,4.144689465214492219e-01,1.181857684320421070e-01,4.865720055210234207e-01,3.341667991256810910e-01,4.956053355245718661e-01,3.423518139295978480e-01,1.581839856089895247e-01,9.036195040233886006e-03,4.358193652986517841e-01,4.572734087596695418e-01,4.797656172294663679e-01,-1.973664222783396704e-01,1.530733998943631380e-01
3.976179718507140692e-01,3.648773705012585133e-01,1.000000000000000000e+00,5.677278649408695754e-01,6.721177487087948155e-01,2.293215444312621601e-02,3.550723999539602271e-01,-7.448259311229445956e-01,7.046609993411527828e-01,7.088299214151462246e-01,-2.655153923402830268e-02,6.147337796035606816e-01,-5.651505467465997024e-01,3.790674525111065174e-01,3.598993333115071969e-01,6.286098170033238564e-01,4.572608175704355460e-02,6.410681496070037566e-01,7.002845759038615059e-01,-4.293754687400391234e-01,8.315632012701407172e-01,5.310287539534120915e-01,5.648282397577685660e-02,2.976501331915509252e-01,3.431905602079140527e-01,8.042488555280881135e-01,7.140401709533565899e-01,7.214862906129968501e-01,4.526252346727907550e-01,6.522092762634843499e-01,7.591748203006803974e-01,7.683070218481596880e-02,7.896342170106489533e-01,5.873679708256923648e-01,2.263864277342064468e-01,2.342210943677584811e-01,6.678461116276704357e-02,4.467278631259373189e-01,5.794270697076404630e-01
4.539284677809215518e-01,2.460406570535613457e-01,5.677278649408695754e-01,1.000000000000000000e+00,4.130941717011760161e-01,-1.533504636867119575e-01,3.203206597551048196e-01,-4.232653106620944405e-01,4.976203961683872690e-01,5.651548630364533476e-01,-8.348278695927432991e-02,4.411513225240927816e-01,-4.524816899917307733e-01,8.048982025671290452e-02,3.006483643089198909e-01,4.293345797064913039e-01,-1.028484006267692541e-01,5.113697046458079987e-01,5.986096242859332284e-01,-4.064480902397109574e-01,5.978032857317607807e-01,4.865276645742604433e-01,5.924787471456398336e-02,1.577387961645472514e-01,1.961731014192906741e-01,4.916070507606190021e-01,3.644860621681906832e-01,5.443052744035600243e-01,5.132665403703283447e-02,4.961028132709816574e-01,4.037134714165879767e-01,-1.045784571360055953e-01,4.578880490346012855e-01,4.373163079936840947e-01,-1.904958050493002486e-01,1.168220501344402057e-01,-1.810836482964807981e-01,2.769190363060343163e-01,3.355643259282183877e-01
4.085703250643986095e-01,2.577117848308982384e-01,6.721177487087948155e-01,4.130941717011760161e-01,1.000000000000000000e+00,1.399537848307969012e-01,1.436734176386183504e-01,-7.270390180027648253e-01,6.845968978970214947e-01,6.161690789773275334e-01,9.289805498935976846e-02,3.849094849198430590e-01,-3.086317364651567363e-01,6.176896530840464417e-01,2.032673523927864268e-01,5.990932440755537547e-01,2.359305585905363267e-01,4.103928654574970358e-01,5.830774416905756263e-01,-1.974134302021250398e-01,5.220476966041647238e-01,3.684499235013698470e-01,1.813861027144776372e-01,4.256297180462412788e-01,4.497068295477691380e-01,6.335525555552609100e-01,4.593520221310409268e-01,4.334176533826653577e-01,4.140532708104824322e-01,4.791687437354557044e-01,5.622170753758957140e-01,1.139479510452244548e-01,5.143818076847493925e-01,6.305905613395276221e-01,1.991063631413552137e-01,1.737322453121766530e-01,2.099333098877365911e-01,4.362332279086949538e-01,6.166493600064553160e-01
-1.561984182035882629e-01,4.547981463347569031e-01,2.293215444312621601e-02,-1.533504636867119575e-01,1.399537848307969012e-01,1.000000000000000000e+00,5.832970426774727185e-02,-2.088846238906666708e-01,-1.596661652756602434e-01,-1.216314467179061276e-01,8.226819472676377698e-01,-4.688283233817240325e-01,1.515427723990316611e-01,3.612201056768460372e-01,-4.123609075381204914e-01,-8.564908491693512538e-02,5.309216883234607609e-01,-4.614675881664583312e-01,-2.802838147863909724e-01,3.168297764725082066e-01,-6.482592308136174430e-02,-4.128501571764248146e-01,-2.628182976783200453e-01,-3.370279188965446399e-02,-8.863180366239092889e-02,-4.019503182759930071e-02,2.051759367779649179e-01,-2.253158171009120303e-01,5.846482127825958219e-01,-8.009553094544835661e-02,4.057512947460318320e-01,6.644743822146544909e-01,-1.964321784783121805e-01,-3.797636230425920911e-01,6.922046531119464552e-01,4.723679364591188423e-01,7.277862738676471599e-01,-4.182528542874758837e-01,-1.154238577168745089e-01
2.128568281141455798e-01,2.214621242115580035e-01,3.550723999539602271e-01,3.203206597551048196e-01,1.436734176386183504e-01,5.832970426774727185e-02,1.000000000000000000e+00,-1.160979670772382677e-01,1.091242634243057008e-01,3.056816130486028626e-01,3.532105157854569660e-02,-7.360022419340105961e-03,-3.871478458288659108e-01,-2.454278002880883741e-02,2.235465970098346467e-01,1.068304909855004176e-01,2.143507070938262538e-01,3.663868108386894584e-01,2.231571826139492065e-01,-3.260913105659352107e-01,3.787939852388139683e-01,3.939825589349650325e-01,-2.047309127582483401e-01,-1.491606974198871338e-01,-2.604854837970571602e-01,3.731636763191733541e-01,2.786025578880362841e-01,4.190195204472694779e-01,3.191310517097381005e-01,3.451449460999713170e-01,2.353382216729995036e-01,8.504581691801664511e-02,4.113218721424610758e-01,-2.254066526014019550e-02,1.375017171087032086e-01,2.272197440150927061e-01,-4.075160202005088245e-02,1.470698880203448640e-02,-1.195200979730712820e-01
-3.725411359386793797e-01,-4.335327032061944141e-01,-7.448259311229445956e-01,-4.232653106620944405e-01,-7.270390180027648253e-01,-2.088846238906666708e-01,-1.160979670772382677e-01,1.000000000000000000e+00,-6.677520038619444431e-01,-5.361076187757561895e-01,-1.919161130903455081e-01,-2.681184036733913478e-01,1.982806978756251060e-01,-6.295699183586024317e-01,3.309527577835749690e-02,-6.417556706903645436e-01,-1.744121313850565125e-01,-2.906864546454013265e-01,-6.083772615596950706e-01,2.336280154682899776e-02,-4.985443008660309094e-01,-2.505785948689535636e-01,-2.767416402773726913e-01,-4.214896456222325116e-01,-5.199233181692529682e-01,-5.729323687014661326e-01,-5.014758131017148512e-01,-3.370149053037758691e-01,-4.576339267498080177e-01,-5.832536672116875875e-01,-6.895758179337443394e-01,-1.523277740099517330e-01,-4.058944941778293014e-01,-4.581822788958764825e-01,-2.951647683317287219e-01,-1.313064164728912353e-01,-3.080178855665889892e-01,-2.068473547106447763e-01,-5.016157361070869847e-01
5.431803653416811262e-01,2.665916465065530372e-01,7.046609993411527828e-01,4.976203961683872690e-01,6.845968978970214947e-01,-1.596661652756602434e-01,1.091242634243057008e-01,-6.677520038619444431e-01,1.000000000000000000e+00,6.906796234575856008e-01,-1.745877585014999900e-01,5.711742041816695314e-01,-3.091453854318946814e-01,5.074182579186237163e-01,3.571239559081282322e-01,6.579815989151616140e-01,-2.105530244641800816e-02,5.803402185008279535e-01,7.197951146089153207e-01,-2.346141715107385450e-01,5.804654234115190770e-01,4.601426284358869911e-01,3.780317782514526770e-01,4.816194182587392736e-01,6.123132331608560630e-01,6.973564861626678768e-01,5.424168705230322240e-01,5.128167423436651440e-01,2.911811254416970529e-01,6.320300168096115723e-01,4.801305464656694388e-01,-7.253828113961857671e-02,6.132346155435821622e-01,7.501487113430546083e-01,1.847426185130742610e-02,2.253048293934133833e-02,4.423911856883511184e-03,5.246582502827649153e-01,6.802792863967136450e-01
5.212084700035810592e-01,2.246097540245637347e-01,7.088299214151462246e-01,5.651548630364533476e-01,6.161690789773275334e-01,-1.216314467179061276e-01,3.056816130486028626e-01,-5.361076187757561895e-01,6.906796234575856008e-01,1.000000000000000000e+00,-1.079538948818046379e-01,5.860376728532880053e-01,-5.661937221494748318e-01,3.500491044659118645e-01,4.405680950150204223e-01,7.481961032111121845e-01,8.421254901999686293e-02,6.473938955623597113e-01,6.394873226563332347e-01,-3.199361257793935653e-01,6.984450332976620546e-01,6.697890995411124315e-01,1.612818481967091544e-01,3.327440477741165359e-01,3.525809890194225860e-01,7.178556743153069464e-01,5.301338977731788749e-01,7.068525729963268667e-01,2.735174910616173793e-01,6.448391923994999386e-01,5.243858908837131239e-01,-1.022633192002887596e-02,6.593707756583785384e-01,6.082013119463810513e-01,-7.931231180582396650e-03,2.681069730958656749e-01,-1.159293702328976494e-01,5.695266778604956004e-01,5.484490035047676626e-01
-1.765248994874998312e-01,3.772682468668228095e-01,-2.655153923402830268e-02,-8.348278695927432991e-02,9.289805498935976846e-02,8.226819472676377698e-01,3.532105157854569660e-02,-1.919161130903455081e-01,-1.745877585014999900e-01,-1.079538948818046379e-01,1.000000000000000000e+00,-4.617053025995200843e-01,2.244183739533547883e-01,3.307956915331486392e-01,-3.972535668470072445e-01,-1.065346372764863214e-01,5.588704396639271321e-01,-4.228318568247902975e-01,-2.705557866683833135e-01,3.169831127596337006e-01,-8.312172388978435189e-02,-3.873745793103525181e-01,-1.803611929344764997e-01,5.105473489247615293e-02,-1.175315113415276586e-01,-1.045476264120275972e-01,1.044261107229900593e-01,-2.372108129754189332e-01,4.847884098100776473e-01,-5.230844230742488776e-02,3.334347992496551338e-01,6.233262281913121150e-01,-2.598734639843436334e-01,-3.923711503549635049e-01,5.181562589116528450e-01,3.649814926224581590e-01,6.095363164672266132e-01,-3.706589016726296593e-01,-1.150739372937504695e-01
2.808928204106176385e-01,-7.796288010967145077e-02,6.147337796035606816e-01,4.411513225240927816e-01,3.849094849198430590e-01,-4.688283233817240325e-01,-7.360022419340105961e-03,-2.681184036733913478e-01,5.711742041816695314e-01,5.860376728532880053e-01,-4.617053025995200843e-01,1.000000000000000000e+00,-5.569139733770283041e-01,1.737759207558234667e-02,6.694373515878128122e-01,4.457140748002330621e-01,-3.187494812716769599e-01,7.409761373632768322e-01,5.870032813443635256e-01,-6.156439388940486701e-01,6.806348725062049132e-01,6.322611038985657128e-01,9.272982988651029546e-02,2.669967969492803572e-01,2.754942575541673988e-01,5.972934152600298807e-01,4.423069429148773768e-01,6.945318673319222924e-01,-7.923750135983961829e-02,3.870600336834811861e-01,3.057225846737446906e-01,-2.569725119052221896e-01,7.489282084662082228e-01,7.242817752740797754e-01,-2.645855444720118244e-01,-4.269031351015210168e-02,-3.791955472535080141e-01,7.277860164205923743e-01,6.465161374666514860e-01
-2.357447555028367725e-01,4.761925304655488522e-02,-5.651505467465997024e-01,-4.524816899917307733e-01,-3.086317364651567363e-01,1.515427723990316611e-01,-3.871478458288659108e-01,1.982806978756251060e-01,-3.091453854318946814e-01,-5.661937221494748318e-01,2.244183739533547883e-01,-5.569139733770283041e-01,1.000000000000000000e+00,-2.178658239636176858e-02,-5.239313041831967777e-01,-3.062112350605734057e-01,1.229084038274189800e-01,-5.856964515490188372e-01,-4.312836563906082277e-01,5.380877035337763292e-01,-6.469172617617916510e-01,-5.827623831883098626e-01,1.607756144029430234e-01,-6.458027618644428258e-02,9.375400226193408848e-02,-5.362538746133745926e-01,-4.610073606733009477e-01,-6.386946376573374717e-01,-8.871141770910691282e-02,-2.825939107964178798e-01,-4.545562069436415165e-01,1.232890889232137778e-02,-6.418064104531933101e-01,-3.754227673883254734e-01,3.912283760626521223e-02,-1.651959327057792304e-01,1.988177981040480935e-01,-4.752433884832997779e-01,-2.812060800017109341e-01
2.500361071646638456e-01,3.203314866816388551e-01,3.790674525111065174e-01,8.048982025671290452e-02,6.176896530840464417e-01,3.612201056768460372e-01,-2.454278002880883741e-02,-6.295699183586024317e-01,5.074182579186237163e-01,3.500491044659118645e-01,3.307956915331486392e-01,1.737759207558234667e-02,-2.178658239636176858e-02,1.000000000000000000e+00,-3.784346771757271521e-02,4.163685917974493944e-01,3.029090941818722849e-01,1.643329083904269267e-02,2.629391604423770845e-01,1.983005763390842391e-01,1.658998075950397222e-01,5.249809347506204787e-02,3.368344733098503907e-01,6.122537815420849849e-01,4.598988734644081089e-01,3.317621845833648164e-01,3.054976325986384911e-01,3.788403026636805171e-02,4.682255958843027921e-01,2.593127288686807308e-01,4.568687310820767622e-01,2.920285432475808185e-01,1.760244422243899265e-01,3.345406189837508149e-01,3.321820896339908180e-01,8.014041163461700645e-02,5.144807130471453771e-01,1.198557694507490501e-01,3.499226546125133730e-01
1.698136736187016993e-01,-2.605837910758083686e-01,3.598993333115071969e-01,3.006483643089198909e-01,2.032673523927864268e-01,-4.123609075381204914e-01,2.235465970098346467e-01,3.309527577835749690e-02,3.571239559081282322e-01,4.405680950150204223e-01,-3.972535668470072445e-01,6.694373515878128122e-01,-5.239313041831967777e-01,-3.784346771757271521e-02,1.000000000000000000e+00,1.560321002087705078e-01,-1.129516582646462874e-01,6.788617186985022034e-01,3.006346085626063203e-01,-5.870687282667643725e-01,4.903955245500518645e-01,5.682467202076865176e-01,1.027530279013485343e-02,2.204851109310476120e-01,-1.996427007208712023e-02,4.561443084528528646e-01,2.162006738765240021e-01,5.581471221606073563e-01,-6.773727643287401345e-02,2.245748728925692772e-01,2.341098961463996403e-02,-2.841921957832706513e-01,6.245412586669214505e-01,5.729873736049576616e-01,-3.411001662994619377e-01,-4.461246364320816532e-02,-4.234810861099678192e-01,6.594599243106424868e-01,3.257384961092933962e-01
6.174151855222684837e-01,3.418197630990690294e-01,6.286098170033238564e-01,4.293345797064913039e-01,5.990932440755537547e-01,-8.564908491693512538e-02,1.068304909855004176e-01,-6.417556706903645436e-01,6.579815989151616140e-01,7.481961032111121845e-01,-1.065346372764863214e-01,4.457140748002330621e-01,-3.062112350605734057e-01,4.163685917974493944e-01,1.560321002087705078e-01,1.000000000000000000e+00,1.224103187099523926e-01,4.162103867043760452e-01,5.838252382243409588e-01,-1.108481991981907361e-01,5.387671297455955965e-01,4.957359506236108104e-01,4.084937168972408439e-01,3.977749491306341034e-01,5.503709981589595124e-01,6.212806472335373753e-01,4.439028843548847858e-01,4.878026104458465517e-01,2.785233512684773260e-01,5.529576515410977722e-01,5.176313977277705591e-01,-3.245413806299461690e-02,4.713790261805567150e-01,5.505306952961773748e-01,6.886363896542103957e-02,2.027306132376189007e-01,5.308966634475748882e-03,4.445973383713878180e-01,5.253103842164820181e-01
9.688324950249131012e-03,1.660488626703587323e-01,4.572608175704355460e-02,-1.028484006267692541e-01,2.359305585905363267e-01,5.309216883234607609e-01,2.143507070938262538e-01,-1.744121313850565125e-01,-2.105530244641800816e-02,8.421254901999686293e-02,5.588704396639271321e-01,-3.187494812716769599e-01,1.229084038274189800e-01,3.029090941818722849e-01,-1.129516582646462874e-01,1.224103187099523926e-01,1.000000000000000000e+00,-1.777975210094764891e-01,-1.188762290996537574e-01,2.425917769734842466e-01,-4.854322638394521078e-02,-7.163938015144843963e-02,1.063974837311766446e-02,1.773568696173504489e-01,-5.811316712788607008e-02,1.535582678514477162e-01,1.259315714045201595e-01,-3.403026218682255605e-02,5.728312985901095056e-01,3.822086572426711126e-02,2.122842828171312424e-01,4.922782605572026404e-01,-4.102231897726388299e-02,-1.719179136085019766e-01,4.764371878561312612e-01,3.541332972418597680e-01,4.384761482942154953e-01,-5.590826969306721128e-02,-2.939226023068401000e-02
3.571857120093387961e-01,-5.365128627581192133e-02,6.410681496070037566e-01,5.113697046458079987e-01,4.103928654574970358e-01,-4.614675881664583312e-01,3.663868108386894584e-01,-2.906864546454013265e-01,5.803402185008279535e-01,6.473938955623597113e-01,-4.228318568247902975e-01,7.409761373632768322e-01,-5.856964515490188372e-01,1.643329083904269267e-02,6.788617186985022034e-01,4.162103867043760452e-01,-1.777975210094764891e-01,1.000000000000000000e+00,6.820351758023972533e-01,-6.227171682554771825e-01,7.026082161443609753e-01,6.886024094904525938e-01,5.384305279091309432e-02,1.658416790893187942e-01,1.140323455567326255e-01,6.668869423850168898e-01,3.799305062817178724e-01,7.634453043858591137e-01,4.047461926453457814e-02,5.266889926282430912e-01,2.399828930237369040e-01,-3.255137009943252502e-01,7.690374783286968441e-01,6.636053024719179572e-01,-3.300389340788827952e-01,-5.042290122012377945e-02,-4.667282368921194524e-01,6.551157454719382933e-01,4.953822356378241309e-01
4.144581377462725480e-01,1.574585706333425095e-01,7.002845759038615059e-01,5.986096242859332284e-01,5.830774416905756263e-01,-2.802838147863909724e-01,2.231571826139492065e-01,-6.083772615596950706e-01,7.197951146089153207e-01,6.394873226563332347e-01,-2.705557866683833135e-01,5.870032813443635256e-01,-4.312836563906082277e-01,2.629391604423770845e-01,3.006346085626063203e-01,5.838252382243409588e-01,-1.188762290996537574e-01,6.820351758023972533e-01,1.000000000000000000e+00,-3.803554361360987346e-01,6.086390245983754888e-01,5.156723605489150764e-01,2.641313249109553674e-01,2.788476163722913848e-01,4.055114470107115676e-01,5.933792128323951420e-01,4.002765599033759059e-01,5.609425425818039823e-01,7.786430071283979848e-02,5.860195280284885566e-01,4.283858281187459260e-01,-1.512868571435402598e-01,6.204520756221892919e-01,6.217930423959917574e-01,-1.230835428387479086e-01,-2.375857792581380704e-02,-1.666575386813806403e-01,4.575579573856027871e-01,5.271090412471139963e-01
-1.282428061925663665e-01,1.227149183931691839e-01,-4.293754687400391234e-01,-4.064480902397109574e-01,-1.974134302021250398e-01,3.168297764725082066e-01,-3.260913105659352107e-01,2.336280154682899776e-02,-2.346141715107385450e-01,-3.199361257793935653e-01,3.169831127596337006e-01,-6.156439388940486701e-01,5.380877035337763292e-01,1.983005763390842391e-01,-5.870687282667643725e-01,-1.108481991981907361e-01,2.425917769734842466e-01,-6.227171682554771825e-01,-3.803554361360987346e-01,1.000000000000000000e+00,-5.779289676067554948e-01,-4.109783107009567504e-01,1.846210653978076210e-01,-2.416111932426499159e-03,1.296480749207096772e-01,-3.753001437907938498e-01,-2.446766692405918653e-01,-5.571878869216054797e-01,4.928966528443574219e-02,-2.788445867693917224e-01,-1.551747334781452548e-01,1.854127621100831735e-01,-6.263413229765991685e-01,-4.324665622599910830e-01,2.047673803898128198e-01,-7.775332796913400624e-02,4.095603588148900021e-01,-4.784037028836314875e-01,-3.237352104486616589e-01
3.790269692910515076e-01,3.099594496107372366e-01,8.315632012701407172e-01,5.978032857317607807e-01,5.220476966041647238e-01,-6.482592308136174430e-02,3.787939852388139683e-01,-4.985443008660309094e-01,5.804654234115190770e-01,6.984450332976620546e-01,-8.312172388978435189e-02,6.806348725062049132e-01,-6.469172617617916510e-01,1.658998075950397222e-01,4.903955245500518645e-01,5.387671297455955965e-01,-4.854322638394521078e-02,7.026082161443609753e-01,6.086390245983754888e-01,-5.779289676067554948e-01,1.000000000000000000e+00,5.843754168470609578e-01,-8.058327527048009253e-02,1.908502633016879446e-01,1.710824911576637464e-01,7.544961304180016759e-01,6.625008068880944290e-01,7.921236229683007446e-01,3.304353776963998568e-01,5.472427437153913887e-01,6.539389151169963110e-01,1.378598086833328525e-02,8.074321445224914573e-01,5.471697170820638556e-01,7.726194944803588260e-02,3.006471559314556341e-01,-9.642910838940922658e-02,5.192178760368229007e-01,5.387811468597835107e-01
3.849899806325274843e-01,-2.908106917415909792e-02,5.310287539534120915e-01,4.865276645742604433e-01,3.684499235013698470e-01,-4.128501571764248146e-01,3.939825589349650325e-01,-2.505785948689535636e-01,4.601426284358869911e-01,6.697890995411124315e-01,-3.873745793103525181e-01,6.322611038985657128e-01,-5.827623831883098626e-01,5.249809347506204787e-02,5.682467202076865176e-01,4.957359506236108104e-01,-7.163938015144843963e-02,6.886024094904525938e-01,5.156723605489150764e-01,-4.109783107009567504e-01,5.843754168470609578e-01,1.000000000000000000e+00,8.527217042126875035e-03,2.228335758324241078e-01,9.471533013966029757e-02,5.986564430680668680e-01,3.969776643119240500e-01,7.318601502983644869e-01,1.492435694574618769e-02,4.146044097302235554e-01,2.525653168752018396e-01,-1.814388890002970600e-01,6.721218170305601758e-01,4.929657608019739623e-01,-2.217087569959922122e-01,8.107095738507636914e-03,-2.912644002774453234e-01,5.946659406514750446e-01,3.786165023283633579e-01
4.597322582220835230e-01,6.325840977784033536e-02,5.648282397577685660e-02,5.924787471456398336e-02,1.813861027144776372e-01,-2.628182976783200453e-01,-2.047309127582483401e-01,-2.767416402773726913e-01,3.780317782514526770e-01,1.612818481967091544e-01,-1.803611929344764997e-01,9.272982988651029546e-02,1.607756144029430234e-01,3.368344733098503907e-01,1.027530279013485343e-02,4.084937168972408439e-01,1.063974837311766446e-02,5.384305279091309432e-02,2.641313249109553674e-01,1.846210653978076210e-01,-8.058327527048009253e-02,8.527217042126875035e-03,1.000000000000000000e+00,5.044426851858166971e-01,5.492546542928026243e-01,1.033230282967455976e-01,-5.982911250284924515e-02,-1.521656453024030076e-01,-1.290085274032773954e-01,1.293326702339017698e-01,-8.556994040982825178e-02,-1.332857761576101696e-01,-4.056145278800073195e-02,3.350061733071550418e-01,-2.052411738859012957e-01,-2.079818363045125018e-01,-5.414030815530530144e-02,2.001798249234296168e-01,1.968992810398977888e-01
3.290393407984622542e-01,8.771648947990069722e-02,2.976501331915509252e-01,1.577387961645472514e-01,4.256297180462412788e-01,-3.370279188965446399e-02,-1.491606974198871338e-01,-4.214896456222325116e-01,4.816194182587392736e-01,3.327440477741165359e-01,5.105473489247615293e-02,2.669967969492803572e-01,-6.458027618644428258e-02,6.122537815420849849e-01,2.204851109310476120e-01,3.977749491306341034e-01,1.773568696173504489e-01,1.658416790893187942e-01,2.788476163722913848e-01,-2.416111932426499159e-03,1.908502633016879446e-01,2.228335758324241078e-01,5.044426851858166971e-01,1.000000000000000000e+00,5.253978931449755363e-01,3.209177083744110259e-01,2.536401130901437817e-01,1.455668672371011052e-01,1.704044425840582078e-01,1.883446421543124860e-01,2.319415320898165767e-01,1.366921122451210391e-01,2.316360196831174223e-01,4.265050061323408803e-01,3.251261237526207465e-02,-1.413208142317625426e-01,1.802864324013102870e-01,3.941141614973708851e-01,4.435169010567338588e-01
4.149161809563267078e-01,3.248751254332306604e-01,3.431905602079140527e-01,1.961731014192906741e-01,4.497068295477691380e-01,-8.863180366239092889e-02,-2.604854837970571602e-01,-5.199233181692529682e-01,6.123132331608560630e-01,3.525809890194225860e-01,-1.175315113415276586e-01,2.754942575541673988e-01,9.375400226193408848e-02,4.598988734644081089e-01,-1.996427007208712023e-02,5.503709981589595124e-01,-5.811316712788607008e-02,1.140323455567326255e-01,4.055114470107115676e-01,1.296480749207096772e-01,1.710824911576637464e-01,9.471533013966029757e-02,5.492546542928026243e-01,5.253978931449755363e-01,1.000000000000000000e+00,2.883720032309344816e-01,2.490180724592181982e-01,8.778193552881580208e-02,1.095229088553755503e-01,3.634627930624160230e-01,2.665483708170474086e-01,-8.798433709573055816e-02,1.938423813602517809e-01,5.084010119574337017e-01,2.218038152337806213e-02,-3.231327427986076251e-02,1.015269726151271090e-01,2.065186441496958958e-01,4.560537369195548640e-01
5.683690629082295276e-01,3.273624567088826431e-01,8.042488555280881135e-01,4.916070507606190021e-01,6.335525555552609100e-01,-4.019503182759930071e-02,3.731636763191733541e-01,-5.729323687014661326e-01,6.973564861626678768e-01,7.178556743153069464e-01,-1.045476264120275972e-01,5.972934152600298807e-01,-5.362538746133745926e-01,3.317621845833648164e-01,4.561443084528528646e-01,6.212806472335373753e-01,1.535582678514477162e-01,6.668869423850168898e-01,5.933792128323951420e-01,-3.753001437907938498e-01,7.544961304180016759e-01,5.986564430680668680e-01,1.033230282967455976e-01,3.209177083744110259e-01,2.883720032309344816e-01,1.000000000000000000e+00,7.318664085308641543e-01,7.721697148398842803e-01,4.890683792553167097e-01,5.625282666412719790e-01,6.133844918420490178e-01,8.332634747018201338e-02,7.709427136261518543e-01,6.057594520596296661e-01,1.673158545084302840e-01,2.342871884404237881e-01,5.649526303506792815e-03,5.751295098734218181e-01,6.133237844265955196e-01
3.456526235535113400e-01,4.144689465214492219e-01,7.140401709533565899e-01,3.644860621681906832e-01,4.593520221310409268e-01,2.051759367779649179e-01,2.786025578880362841e-01,-5.014758131017148512e-01,5.424168705230322240e-01,5.301338977731788749e-01,1.044261107229900593e-01,4.423069429148773768e-01,-4.610073606733009477e-01,3.054976325986384911e-01,2.162006738765240021e-01,4.439028843548847858e-01,1.259315714045201595e-01,3.799305062817178724e-01,4.002765599033759059e-01,-2.446766692405918653e-01,6.625008068880944290e-01,3.969776643119240500e-01,-5.982911250284924515e-02,2.536401130901437817e-01,2.490180724592181982e-01,7.318664085308641543e-01,1.000000000000000000e+00,6.099894406712855766e-01,5.115096571098433076e-01,3.856833623456857318e-01,7.442516907033895901e-01,4.086298061985179642e-01,6.202182202504861186e-01,3.361809996153435343e-01,4.187775142753941138e-01,2.975956255163407227e-01,2.587820595959579029e-01,2.720754068160529116e-01,5.036463463167804022e-01
3.865605664739658609e-01,1.181857684320421070e-01,7.214862906129968501e-01,5.443052744035600243e-01,4.334176533826653577e-01,-2.253158171009120303e-01,4.190195204472694779e-01,-3.370149053037758691e-01,5.128167423436651440e-01,7.068525729963268667e-01,-2.372108129754189332e-01,6.945318673319222924e-01,-6.386946376573374717e-01,3.788403026636805171e-02,5.581471221606073563e-01,4.878026104458465517e-01,-3.403026218682255605e-02,7.634453043858591137e-01,5.609425425818039823e-01,-5.571878869216054797e-01,7.921236229683007446e-01,7.318601502983644869e-01,-1.521656453024030076e-01,1.455668672371011052e-01,8.778193552881580208e-02,7.721697148398842803e-01,6.099894406712855766e-01,1.000000000000000000e+00,2.522264985691745065e-01,5.206102033518281713e-01,4.951131956680826507e-01,-7.716660159154471732e-02,7.969130830896958839e-01,5.172617636498980653e-01,-2.628472043309050196e-02,2.078604649966855900e-01,-2.542809142915367082e-01,5.620331135452527604e-01,4.454958699098952590e-01
1.872946881576802169e-01,4.865720055210234207e-01,4.526252346727907550e-01,5.132665403703283447e-02,4.140532708104824322e-01,5.846482127825958219e-01,3.191310517097381005e-01,-4.576339267498080177e-01,2.911811254416970529e-01,2.735174910616173793e-01,4.847884098100776473e-01,-7.923750135983961829e-02,-8.871141770910691282e-02,4.682255958843027921e-01,-6.773727643287401345e-02,2.785233512684773260e-01,5.728312985901095056e-01,4.047461926453457814e-02,7.786430071283979848e-02,4.928966528443574219e-02,3.304353776963998568e-01,1.492435694574618769e-02,-1.290085274032773954e-01,1.704044425840582078e-01,1.095229088553755503e-01,4.890683792553167097e-01,5.115096571098433076e-01,2.522264985691745065e-01,1.000000000000000000e+00,3.354297899038983788e-01,5.913861010582809330e-01,4.730446583312907238e-01,3.103115216674819932e-01,2.384611026957303079e-02,6.919352805852300170e-01,4.651990302470352390e-01,5.429034062964520624e-01,5.524583037314616946e-02,2.358773045000246704e-01
4.195766654620448621e-01,3.341667991256810910e-01,6.522092762634843499e-01,4.961028132709816574e-01,4.791687437354557044e-01,-8.009553094544835661e-02,3.451449460999713170e-01,-5.832536672116875875e-01,6.320300168096115723e-01,6.448391923994999386e-01,-5.230844230742488776e-02,3.870600336834811861e-01,-2.825939107964178798e-01,2.593127288686807308e-01,2.245748728925692772e-01,5.529576515410977722e-01,3.822086572426711126e-02,5.266889926282430912e-01,5.860195280284885566e-01,-2.788445867693917224e-01,5.472427437153913887e-01,4.146044097302235554e-01,1.293326702339017698e-01,1.883446421543124860e-01,3.634627930624160230e-01,5.625282666412719790e-01,3.856833623456857318e-01,5.206102033518281713e-01,3.354297899038983788e-01,1.000000000000000000e+00,4.166719031288105834e-01,-8.484823216127872214e-02,5.125275228251122694e-01,4.111050550927263791e-01,2.975672701801509307e-02,1.567675124461855307e-01,-7.099664280343084832e-02,3.028158403365691087e-01,3.671282881818926924e-01
2.462835780864519319e-01,4.956053355245718661e-01,7.591748203006803974e-01,4.037134714165879767e-01,5.622170753758957140e-01,4.057512947460318320e-01,2.353382216729995036e-01,-6.895758179337443394e-01,4.801305464656694388e-01,5.243858908837131239e-01,3.334347992496551338e-01,3.057225846737446906e-01,-4.545562069436415165e-01,4.568687310820767622e-01,2.341098961463996403e-02,5.176313977277705591e-01,2.122842828171312424e-01,2.399828930237369040e-01,4.283858281187459260e-01,-1.551747334781452548e-01,6.539389151169963110e-01,2.525653168752018396e-01,-8.556994040982825178e-02,2.319415320898165767e-01,2.665483708170474086e-01,6.133844918420490178e-01,7.442516907033895901e-01,4.951131956680826507e-01,5.913861010582809330e-01,4.166719031288105834e-01,1.000000000000000000e+00,3.984992748165754328e-01,5.185586910554548234e-01,2.846166992191082046e-01,5.256103923524076960e-01,3.852148709925624637e-01,3.806942267022224713e-01,1.549073834179590936e-01,3.979979994587624637e-01
-4.741650889372493044e-02,3.423518139295978480e-01,7.683070218481596880e-02,-1.045784571360055953e-01,1.139479510452244548e-01,6.644743822146544909e-01,8.504581691801664511e-02,-1.523277740099517330e-01,-7.253828113961857671e-02,-1.022633192002887596e-02,6.233262281913121150e-01,-2.569725119052221896e-01,1.232890889232137778e-02,2.920285432475808185e-01,-2.841921957832706513e-01,-3.245413806299461690e-02,4.922782605572026404e-01,-3.255137009943252502e-01,-1.512868571435402598e-01,1.854127621100831735e-01,1.378598086833328525e-02,-1.814388890002970600e-01,-1.332857761576101696e-01,1.366921122451210391e-01,-8.798433709573055816e-02,8.332634747018201338e-02,4.086298061985179642e-01,-7.716660159154471732e-02,4.730446583312907238e-01,-8.484823216127872214e-02,3.984992748165754328e-01,1.000000000000000000e+00,-5.788735867910609761e-02,-3.260707696359075869e-01,6.496459919284223172e-01,4.504894403849636353e-01,6.953124534166086335e-01,-2.063470635377696871e-01,7.059467952940647051e-02
3.257459328169151069e-01,1.581839856089895247e-01,7.896342170106489533e-01,4.578880490346012855e-01,5.143818076847493925e-01,-1.964321784783121805e-01,4.113218721424610758e-01,-4.058944941778293014e-01,6.132346155435821622e-01,6.593707756583785384e-01,-2.598734639843436334e-01,7.489282084662082228e-01,-6.418064104531933101e-01,1.760244422243899265e-01,6.245412586669214505e-01,4.713790261805567150e-01,-4.102231897726388299e-02,7.690374783286968441e-01,6.204520756221892919e-01,-6.263413229765991685e-01,8.074321445224914573e-01,6.721218170305601758e-01,-4.056145278800073195e-02,2.316360196831174223e-01,1.938423813602517809e-01,7.709427136261518543e-01,6.202182202504861186e-01,7.969130830896958839e-01,3.103115216674819932e-01,5.125275228251122694e-01,5.185586910554548234e-01,-5.788735867910609761e-02,1.000000000000000000e+00,6.252204909967157276e-01,6.860333226430194442e-02,2.033994698106260657e-01,-1.386113980656564493e-01,6.104745698388169828e-01,5.455563289377768355e-01
4.376942373562842103e-01,9.036195040233886006e-03,5.873679708256923648e-01,4.373163079936840947e-01,6.305905613395276221e-01,-3.797636230425920911e-01,-2.254066526014019550e-02,-4.581822788958764825e-01,7.501487113430546083e-01,6.082013119463810513e-01,-3.923711503549635049e-01,7.242817752740797754e-01,-3.754227673883254734e-01,3.345406189837508149e-01,5.729873736049576616e-01,5.505306952961773748e-01,-1.719179136085019766e-01,6.636053024719179572e-01,6.217930423959917574e-01,-4.324665622599910830e-01,5.471697170820638556e-01,4.929657608019739623e-01,3.350061733071550418e-01,4.265050061323408803e-01,5.084010119574337017e-01,6.057594520596296661e-01,3.361809996153435343e-01,5.172617636498980653e-01,2.384611026957303079e-02,4.111050550927263791e-01,2.846166992191082046e-01,-3.260707696359075869e-01,6.252204909967157276e-01,1.000000000000000000e+00,-2.672222817750571355e-01,-1.067961888706789458e-01,-2.839802273257054921e-01,6.894882891001757885e-01,6.603015371014209212e-01
-5.088970015695110788e-02,4.358193652986517841e-01,2.263864277342064468e-01,-1.904958050493002486e-01,1.991063631413552137e-01,6.922046531119464552e-01,1.375017171087032086e-01,-2.951647683317287219e-01,1.847426185130742610e-02,-7.931231180582396650e-03,5.181562589116528450e-01,-2.645855444720118244e-01,3.912283760626521223e-02,3.321820896339908180e-01,-3.411001662994619377e-01,6.886363896542103957e-02,4.764371878561312612e-01,-3.300389340788827952e-01,-1.230835428387479086e-01,2.047673803898128198e-01,7.726194944803588260e-02,-2.217087569959922122e-01,-2.052411738859012957e-01,3.251261237526207465e-02,2.218038152337806213e-02,1.673158545084302840e-01,4.187775142753941138e-01,-2.628472043309050196e-02,6.919352805852300170e-01,2.975672701801509307e-02,5.256103923524076960e-01,6.496459919284223172e-01,6.860333226430194442e-02,-2.672222817750571355e-01,1.000000000000000000e+00,4.825077082282971941e-01,7.399694064671968885e-01,-2.456730393369294385e-01,3.532072109254092568e-02
1.821491850731555562e-01,4.572734087596695418e-01,2.342210943677584811e-01,1.168220501344402057e-01,1.737322453121766530e-01,4.723679364591188423e-01,2.272197440150927061e-01,-1.313064164728912353e-01,2.253048293934133833e-02,2.681069730958656749e-01,3.649814926224581590e-01,-4.269031351015210168e-02,-1.651959327057792304e-01,8.014041163461700645e-02,-4.461246364320816532e-02,2.027306132376189007e-01,3.541332972418597680e-01,-5.042290122012377945e-02,-2.375857792581380704e-02,-7.775332796913400624e-02,3.006471559314556341e-01,8.107095738507636914e-03,-2.079818363045125018e-01,-1.413208142317625426e-01,-3.231327427986076251e-02,2.342871884404237881e-01,2.975956255163407227e-01,2.078604649966855900e-01,4.651990302470352390e-01,1.567675124461855307e-01,3.852148709925624637e-01,4.504894403849636353e-01,2.033994698106260657e-01,-1.067961888706789458e-01,4.825077082282971941e-01,1.000000000000000000e+00,3.538773905517961782e-01,-5.206303724906236746e-02,1.096614638671779413e-01
-5.799885826917506454e-02,4.797656172294663679e-01,6.678461116276704357e-02,-1.810836482964807981e-01,2.099333098877365911e-01,7.277862738676471599e-01,-4.075160202005088245e-02,-3.080178855665889892e-01,4.423911856883511184e-03,-1.159293702328976494e-01,6.095363164672266132e-01,-3.791955472535080141e-01,1.988177981040480935e-01,5.144807130471453771e-01,-4.234810861099678192e-01,5.308966634475748882e-03,4.384761482942154953e-01,-4.667282368921194524e-01,-1.666575386813806403e-01,4.095603588148900021e-01,-9.642910838940922658e-02,-2.912644002774453234e-01,-5.414030815530530144e-02,1.802864324013102870e-01,1.015269726151271090e-01,5.649526303506792815e-03,2.587820595959579029e-01,-2.542809142915367082e-01,5.429034062964520624e-01,-7.099664280343084832e-02,3.806942267022224713e-01,6.953124534166086335e-01,-1.386113980656564493e-01,-2.839802273257054921e-01,7.399694064671968885e-01,3.538773905517961782e-01,1.000000000000000000e+00,-3.194525069975600595e-01,2.807679366190770492e-02
3.423931821958695609e-01,-1.973664222783396704e-01,4.467278631259373189e-01,2.769190363060343163e-01,4.362332279086949538e-01,-4.182528542874758837e-01,1.470698880203448640e-02,-2.068473547106447763e-01,5.246582502827649153e-01,5.695266778604956004e-01,-3.706589016726296593e-01,7.277860164205923743e-01,-4.752433884832997779e-01,1.198557694507490501e-01,6.594599243106424868e-01,4.445973383713878180e-01,-5.590826969306721128e-02,6.551157454719382933e-01,4.575579573856027871e-01,-4.784037028836314875e-01,5.192178760368229007e-01,5.946659406514750446e-01,2.001798249234296168e-01,3.941141614973708851e-01,2.065186441496958958e-01,5.751295098734218181e-01,2.720754068160529116e-01,5.620331135452527604e-01,5.524583037314616946e-02,3.028158403365691087e-01,1.549073834179590936e-01,-2.063470635377696871e-01,6.104745698388169828e-01,6.894882891001757885e-01,-2.456730393369294385e-01,-5.206303724906236746e-02,-3.194525069975600595e-01,1.000000000000000000e+00,6.402582437266315374e-01
3.733310970554608588e-01,1.530733998943631380e-01,5.794270697076404630e-01,3.355643259282183877e-01,6.166493600064553160e-01,-1.154238577168745089e-01,-1.195200979730712820e-01,-5.016157361070869847e-01,6.802792863967136450e-01,5.484490035047676626e-01,-1.150739372937504695e-01,6.465161374666514860e-01,-2.812060800017109341e-01,3.499226546125133730e-01,3.257384961092933962e-01,5.253103842164820181e-01,-2.939226023068401000e-02,4.953822356378241309e-01,5.271090412471139963e-01,-3.237352104486616589e-01,5.387811468597835107e-01,3.786165023283633579e-01,1.968992810398977888e-01,4.435169010567338588e-01,4.560537369195548640e-01,6.133237844265955196e-01,5.036463463167804022e-01,4.454958699098952590e-01,2.358773045000246704e-01,3.671282881818926924e-01,3.979979994587624637e-01,7.059467952940647051e-02,5.455563289377768355e-01,6.603015371014209212e-01,3.532072109254092568e-02,1.096614638671779413e-01,2.807679366190770492e-02,6.402582437266315374e-01,1.000000000000000000e+00
