1.000000000000000000e+00,1.092709179389982424e-02,-3.340516578814475834e-01,2.420365518523426296e-01,2.926175924583366283e-01,4.572745679520485718e-01,-4.283340242443486878e-01,1.810309561961824243e-01,7.772216048269032784e-01,-8.223109612082077011e-03,6.796117261675142796e-02,-4.062892824949900783e-01,-4.315893349837665038e-01,-2.758595263667630859e-01,6.291603211206331370e-01,3.882814447485121168e-01,1.230833563623343757e-01,4.960850180138324794e-01,-4.486960510677532321e-01,3.081538484767484820e-01,-3.951869409881669237e-01,-1.216379665594806989e-03,4.170662834703633415e-01,1.749801961823904961e-01,-1.551788453676237111e-03,-1.313766371652265730e-01,-4.448889078945966746e-01,-3.490013782320073865e-01,2.167695675667309918e-01,7.467542181378570287e-01,-4.049251540029605856e-01,-3.478027865343797376e-01,-4.611638722267192292e-01,5.839056541473848227e-01,-2.598333595999763324e-01,4.215301983157638821e-01,-4.008536755474202962e-01,6.818876139134238956e-01,1.038534332952560368e-01
1.092709179389982424e-02,1.000000000000000000e+00,7.907308653082748551e-01,-7.528502598018718128e-01,1.861981386464312271e-01,-2.568886220273299270e-01,2.044905366499987776e-01,-7.197482345776032853e-01,-3.100717363598592957e-01,8.139737998762466287e-01,4.112876006117420213e-01,8.112305939534797394e-01,3.414534674168772099e-01,8.438406500270585475e-01,-5.757508321254517503e-01,6.704417610381238068e-01,5.872185144389053396e-02,-5.672991350043903314e-01,6.969548900069864050e-01,-7.987321981348962652e-01,7.602725394192488828e-01,-1.319748517694969703e-01,1.207931905291996511e-01,1.010862356750889118e-01,5.837335599195584424e-01,8.161687078229166170e-01,8.177637178766465897e-01,8.050732684473921319e-01,3.256843142712837480e-01,-7.430192806378954455e-03,8.292560644495970967e-01,8.365536216516223922e-01,7.766206567889868406e-01,-5.105109637646081389e-01,5.584871261599730907e-01,5.748206104302457931e-01,8.300389676381216830e-01,-4.031891703336665800e-01,6.293498366669474375e-01
-3.340516578814475834e-01,7.907308653082748551e-01,1.000000000000000000e+00,-7.637059062752362681e-01,3.140077639684736299e-01,-3.307390023658854372e-01,3.195486665316389363e-01,-9.142024710267139254e-01,-4.995041263054128544e-01,7.623517053391923870e-01,3.186971073874407256e-01,8.611485906969288395e-01,4.269318513327504672e-01,8.945681984021970345e-01,-7.273173397145166197e-01,4.555922509663615783e-01,2.621555240182442403e-02,-6.440552479268764063e-01,7.817670852986483565e-01,-8.536962704475538066e-01,8.792682451511928399e-01,-1.611094125264243559e-01,-4.539728449451758616e-03,1.251751462330659981e-01,5.776074371061068469e-01,8.314805872106526552e-01,8.950168047365790747e-01,9.269137264431831502e-01,2.716969478054632181e-01,-2.488983873761346777e-01,9.072850082918310077e-01,8.861184579285189544e-01,8.866290268997129020e-01,-5.386319978703353328e-01,6.221124422490588168e-01,3.238270559856309960e-01,8.847920032470725227e-01,-5.916776011709746763e-01,5.492695341527606967e-01
2.420365518523426296e-01,-7.528502598018718128e-01,-7.637059062752362681e-01,1.000000000000000000e+00,-9.296233269471791683e-02,9.526206686515333033e-02,-3.754306707920240238e-01,6.829217129554542298e-01,5.145560635689291340e-01,-6.891538866741474534e-01,-2.714303154859493694e-01,-7.100023878599165394e-01,-5.508275736277746804e-01,-8.342305711633419829e-01,6.309495633934274483e-01,-5.247398277364559993e-01,-2.136720620181726538e-01,6.748872817991743434e-01,-5.154518296701373625e-01,8.081612896469104745e-01,-8.208852241932592664e-01,1.060258998096365035e-01,-1.575576896076313071e-01,-2.014901686829491390e-01,-6.085876297087238207e-01,-8.440424798666216200e-01,-8.006723721402385641e-01,-7.947782852467272230e-01,-5.230863676863218847e-01,1.342780636230924141e-01,-8.104192069550151256e-01,-8.578821315789322277e-01,-8.027319617437265187e-01,6.146671298601934508e-01,-7.306974005837058028e-01,-3.723405928720554536e-01,-8.314602435429706562e-01,4.261215248721448301e-01,-3.694827786669388492e-01
2.926175924583366283e-01,1.861981386464312271e-01,3.140077639684736299e-01,-9.296233269471791683e-02,1.000000000000000000e+00,2.870881315112265852e-01,-1.571032613584149307e-01,-5.426968668376420668e-01,3.346976604678943978e-01,3.437933615753169247e-01,1.201911063260551193e-01,1.010898601004018432e-01,-6.736396250395167151e-02,1.986359009433360800e-01,1.425166875233655206e-01,3.858309743356354016e-01,4.052911555205048616e-02,1.985272627970111337e-01,2.205155408337319822e-02,-2.395399624694099505e-01,8.718623504739661523e-02,-1.413008977818264178e-01,3.869209717180371877e-01,3.314713543290559450e-01,3.783769210915034487e-01,2.156502786771110625e-01,7.895642458780978423e-02,1.580936961280170749e-01,1.541620885431098098e-01,3.382180179786137275e-01,5.975059138725421354e-02,1.556819156765515411e-01,8.758650516348585185e-03,4.548899808535014078e-01,1.154040581321533754e-01,3.321657109112051698e-01,1.126526515086210684e-01,2.842996550079316953e-01,4.554045814833821426e-01
4.572745679520485718e-01,-2.568886220273299270e-01,-3.307390023658854372e-01,9.526206686515333033e-02,2.870881315112265852e-01,1.000000000000000000e+00,-1.347233585556824320e-02,1.745454099332714726e-01,4.367971459088931807e-01,-1.008067930930067885e-01,-8.206644460307384314e-02,-5.048116035172207638e-01,-6.494624172910778981e-02,-1.924707544774960921e-01,5.160249412529948065e-01,1.803829397060107143e-01,3.629883655302088563e-01,4.842985435699527774e-01,-5.947443637275621198e-01,3.330952131784520320e-01,-2.742520459325176740e-01,1.325288858612455600e-01,6.647062141718471651e-01,5.735667545590600325e-01,2.596172780878055475e-01,-1.119451276403723577e-01,-4.329050776198403727e-01,-3.073179828589151508e-01,5.260969785297456847e-01,5.778831360185844312e-01,-4.155399334252303789e-01,-2.535146128139981747e-01,-3.833339744570335994e-01,4.427026731657810465e-01,2.180359192516463096e-01,1.711603769776533779e-01,-2.765973321199071688e-01,5.453986763099351043e-01,-2.220761220479327280e-01
-4.283340242443486878e-01,2.044905366499987776e-01,3.195486665316389363e-01,-3.754306707920240238e-01,-1.571032613584149307e-01,-1.347233585556824320e-02,1.000000000000000000e+00,-2.375190337709417732e-01,-6.390255727227918126e-01,1.290050996512497050e-01,9.706453883492922874e-02,2.021203103549993052e-01,7.425085587585709135e-01,3.880099178092920598e-01,-5.347878789615385653e-01,-1.055511178561311519e-01,3.143080705012964993e-01,-4.601677977498827565e-01,2.669857401714607614e-01,-2.510013957842759935e-01,4.806181441087841733e-01,1.840708997399819746e-01,-2.843371095028596196e-02,1.505117450168281801e-01,2.602256213468752688e-01,2.678341532626510868e-01,3.563495057689175516e-01,3.711216691457210892e-01,4.402767642122367153e-01,-3.295954592609681710e-01,3.871607863162508933e-01,4.496925346005415380e-01,4.704125066533912380e-01,-5.526582635522625520e-01,4.847234630973738523e-01,-1.009976921186695326e-01,4.117117843087231277e-01,-5.694765968287720526e-01,-2.886401354542862396e-01
1.810309561961824243e-01,-7.197482345776032853e-01,-9.142024710267139254e-01,6.829217129554542298e-01,-5.426968668376420668e-01,1.745454099332714726e-01,-2.375190337709417732e-01,1.000000000000000000e+00,2.929170974889567236e-01,-7.588059959191718606e-01,-3.431815987316323424e-01,-7.425948342893194942e-01,-3.475150438095424565e-01,-8.102753226562980915e-01,5.815433177901501161e-01,-5.123987105705015699e-01,-6.541455138898670529e-02,4.836426203768488530e-01,-6.554859491694747797e-01,8.019747713230488406e-01,-7.566132202463632384e-01,1.964305672848666584e-01,-1.420704416223543542e-01,-2.222483604366562171e-01,-6.360888567707058128e-01,-7.516972300512533289e-01,-7.663339919997234073e-01,-8.296412837485823699e-01,-2.909001545225429752e-01,8.292864181879512631e-02,-7.790784370096370814e-01,-7.925674267282016849e-01,-7.369261329975101971e-01,2.988207318690377368e-01,-5.633872571243029315e-01,-3.793838518181756880e-01,-7.732057502249006786e-01,4.040503761578967401e-01,-6.049109282558099432e-01
7.772216048269032784e-01,-3.100717363598592957e-01,-4.995041263054128544e-01,5.145560635689291340e-01,3.346976604678943978e-01,4.367971459088931807e-01,-6.390255727227918126e-01,2.929170974889567236e-01,1.000000000000000000e+00,-1.607222276122410309e-01,6.376461164061336499e-03,-5.275802385204133582e-01,-6.245970921767151074e-01,-5.141894565165874287e-01,7.869691009673029924e-01,2.211448234095045595e-01,-8.722405727379184404e-02,7.138193491814011082e-01,-5.285313920166149204e-01,5.023985632668521717e-01,-6.538891491666708466e-01,-4.385088601721448542e-02,4.035370114935203922e-01,1.651286792931730418e-01,-9.165660885883887554e-02,-4.103474847471997311e-01,-6.383760947846797151e-01,-5.527442187592891409e-01,-1.349776477317224110e-01,7.408879059273586476e-01,-6.251883786282873556e-01,-6.016971750190118762e-01,-6.966240249724072742e-01,8.500882178547891632e-01,-4.565989489438257443e-01,2.232017541405440508e-01,-6.026670093117756366e-01,8.241830385301401884e-01,1.425605724852659351e-01
-8.223109612082077011e-03,8.139737998762466287e-01,7.623517053391923870e-01,-6.891538866741474534e-01,3.437933615753169247e-01,-1.008067930930067885e-01,1.290050996512497050e-01,-7.588059959191718606e-01,-1.607222276122410309e-01,1.000000000000000000e+00,5.176285320839215665e-01,7.085228717331822912e-01,1.973568045297056373e-01,8.052965300225722878e-01,-4.967775725631883854e-01,7.895661259815303090e-01,1.242910948009112448e-01,-4.569816166773600918e-01,6.534636124770333288e-01,-7.321981872286851267e-01,6.767533145652322446e-01,-2.307043128437111512e-01,3.999434544025734506e-01,3.108658140277793525e-01,7.673385859577005474e-01,8.003495694490160295e-01,7.299068436278363103e-01,7.597805518036053751e-01,3.508372634667585865e-01,1.873802541298615620e-01,7.427063117779990620e-01,7.432662008203383408e-01,6.743749131087301008e-01,-3.472652933321342394e-01,6.558178923137019112e-01,4.863612621712787298e-01,7.803608962059720433e-01,-2.553987869082889328e-01,6.593179656660534960e-01
6.796117261675142796e-02,4.112876006117420213e-01,3.186971073874407256e-01,-2.714303154859493694e-01,1.201911063260551193e-01,-8.206644460307384314e-02,9.706453883492922874e-02,-3.431815987316323424e-01,6.376461164061336499e-03,5.176285320839215665e-01,1.000000000000000000e+00,3.069024358107969586e-01,8.043799390874882549e-02,3.489612426268737244e-01,-2.657838574690781774e-01,4.858333735911189999e-01,1.421710942677082701e-01,-2.540439831807606019e-01,3.193035797373937612e-01,-3.002651563787879785e-01,2.366744823925183983e-01,-1.763642583504353434e-01,3.841349704152329236e-01,1.290307640555028029e-02,4.200515477912555307e-01,2.900567973112685438e-01,3.009611912560086200e-01,3.174348402228099331e-01,8.267838559985016267e-02,2.851925787600270712e-01,3.312667759890293717e-01,3.091658324365348931e-01,2.510658513731140462e-01,-1.361295838870626440e-01,2.854603554782706998e-01,3.236482130584403816e-01,3.396487356270031510e-01,-1.003259758676521424e-01,3.292541666572208481e-01
-4.062892824949900783e-01,8.112305939534797394e-01,8.611485906969288395e-01,-7.100023878599165394e-01,1.010898601004018432e-01,-5.048116035172207638e-01,2.021203103549993052e-01,-7.425948342893194942e-01,-5.275802385204133582e-01,7.085228717331822912e-01,3.069024358107969586e-01,1.000000000000000000e+00,3.874745248293350319e-01,8.413603788207182355e-01,-7.068185174995471609e-01,4.080104097182710166e-01,-1.489134523457310566e-01,-6.386806615843972912e-01,8.578080933991454327e-01,-8.364974099343035485e-01,8.158354627013638671e-01,-8.979881909748571589e-02,-1.397623059560142988e-01,-4.750972580673843565e-02,4.529885271590581297e-01,7.577023173927789346e-01,9.296596043846260260e-01,8.594744721983731406e-01,2.380195744705285513e-02,-3.601609538635728303e-01,8.945824774746276020e-01,8.572520449433520540e-01,8.697439339962891314e-01,-6.021250368580273182e-01,4.837289655021971280e-01,3.448363239517445167e-01,8.821362360602018615e-01,-6.010267766630261743e-01,6.635567450304108439e-01
-4.315893349837665038e-01,3.414534674168772099e-01,4.269318513327504672e-01,-5.508275736277746804e-01,-6.736396250395167151e-02,-6.494624172910778981e-02,7.425085587585709135e-01,-3.475150438095424565e-01,-6.245970921767151074e-01,1.973568045297056373e-01,8.043799390874882549e-02,3.874745248293350319e-01,1.000000000000000000e+00,4.651470830678500756e-01,-4.953695453281628525e-01,-2.928903317575204477e-03,2.656089636739677462e-01,-4.822080761955508388e-01,3.115294281495190054e-01,-4.150671922010814030e-01,5.625143753281168779e-01,2.179578535080104185e-01,-7.243236698328758827e-02,4.257769887187977387e-02,2.814094525485936193e-01,3.638645393397515471e-01,4.823885058727130359e-01,4.418797150395077367e-01,3.651330603197692759e-01,-3.586118640792921863e-01,4.636070693804656973e-01,5.679926050884783750e-01,5.499924512624004835e-01,-5.139629146737760834e-01,4.582397103644626490e-01,7.831856027257121100e-02,5.147400001955191318e-01,-5.311548802921181034e-01,-9.324063963700772451e-02
-2.758595263667630859e-01,8.438406500270585475e-01,8.945681984021970345e-01,-8.342305711633419829e-01,1.986359009433360800e-01,-1.924707544774960921e-01,3.880099178092920598e-01,-8.102753226562980915e-01,-5.141894565165874287e-01,8.052965300225722878e-01,3.489612426268737244e-01,8.413603788207182355e-01,4.651470830678500756e-01,1.000000000000000000e+00,-7.217973488860065512e-01,5.516578116868545711e-01,1.138508192664334923e-01,-6.698316286690940702e-01,7.349537863834610940e-01,-8.508244427517417385e-01,8.946351288667603319e-01,-1.132169523766278635e-01,1.247634785969339577e-01,2.629554199983083485e-01,6.568510998993903893e-01,8.868791583810516910e-01,9.012993478925970248e-01,9.207783969126887014e-01,4.308069227518955824e-01,-1.582610536472795759e-01,9.155283862473753143e-01,9.319254115572658259e-01,9.060687769728070773e-01,-6.210629150573772073e-01,7.575957729489589676e-01,4.220503632243855496e-01,9.316122969205534732e-01,-5.541621689557371111e-01,5.102398263453128413e-01
6.291603211206331370e-01,-5.757508321254517503e-01,-7.273173397145166197e-01,6.309495633934274483e-01,1.425166875233655206e-01,5.160249412529948065e-01,-5.347878789615385653e-01,5.815433177901501161e-01,7.869691009673029924e-01,-4.967775725631883854e-01,-2.657838574690781774e-01,-7.068185174995471609e-01,-4.953695453281628525e-01,-7.217973488860065512e-01,1.000000000000000000e+00,-1.118364309005229762e-01,-3.827511201040597472e-02,8.522865686561371668e-01,-7.215785401139335198e-01,7.210286869624590311e-01,-7.598001913945314767e-01,9.486022081274274320e-02,2.508504789317678729e-01,7.429434526751481360e-02,-3.585913188366975368e-01,-5.892357101918761497e-01,-7.919216468705114753e-01,-7.468648418654165733e-01,-1.490553180878469441e-01,5.253779730245319302e-01,-8.145683426276915107e-01,-7.664718962793284351e-01,-8.092532267081755659e-01,8.047699209997856151e-01,-5.248682863278242294e-01,1.279796036010209109e-02,-7.628816141916910931e-01,7.940652601565904023e-01,-1.822449776674177069e-01
3.882814447485121168e-01,6.704417610381238068e-01,4.555922509663615783e-01,-5.247398277364559993e-01,3.858309743356354016e-01,1.803829397060107143e-01,-1.055511178561311519e-01,-5.123987105705015699e-01,2.211448234095045595e-01,7.895661259815303090e-01,4.858333735911189999e-01,4.080104097182710166e-01,-2.928903317575204477e-03,5.516578116868545711e-01,-1.118364309005229762e-01,1.000000000000000000e+00,1.653180705780743220e-01,-1.071737576649721552e-01,3.269221063952927886e-01,-4.868400302024743498e-01,3.537999928064158306e-01,-2.934743621501651467e-01,6.329415064059887852e-01,4.168572402560962731e-01,6.757543543365597261e-01,6.524328013284212968e-01,4.121474624038641288e-01,4.664107047986217891e-01,4.095256753312235820e-01,5.737386539511863948e-01,4.300343112009257784e-01,4.667914940440198168e-01,3.417432988181411946e-01,-5.256480473284837890e-02,5.079102884772574988e-01,6.363387943707866645e-01,4.928684904504189168e-01,1.823617229423325770e-01,5.832044425982326752e-01
1.230833563623343757e-01,5.872185144389053396e-02,2.621555240182442403e-02,-2.136720620181726538e-01,4.052911555205048616e-02,3.629883655302088563e-01,3.143080705012964993e-01,-6.541455138898670529e-02,-8.722405727379184404e-02,1.242910948009112448e-01,1.421710942677082701e-01,-1.489134523457310566e-01,2.656089636739677462e-01,1.138508192664334923e-01,-3.827511201040597472e-02,1.653180705780743220e-01,1.000000000000000000e+00,-1.168573526898325082e-01,-1.813126716262022931e-01,-5.784740034945236309e-02,8.969927733814830884e-02,4.456865630396486706e-03,3.239826368313142857e-01,2.504525087341487044e-01,2.876153283782451053e-01,1.727788316599978835e-01,-4.065536330984485282e-03,7.382606014000966943e-02,6.744932762270074988e-01,2.319987226583913875e-01,4.490565877366047010e-02,1.460294895033459606e-01,3.733495730289679987e-02,-6.054958838970295187e-02,3.693108385050195008e-01,-2.931409333485586813e-02,9.389725532734852220e-02,-2.549463741805651357e-02,-2.614917475040603456e-01
4.960850180138324794e-01,-5.672991350043903314e-01,-6.440552479268764063e-01,6.748872817991743434e-01,1.985272627970111337e-01,4.842985435699527774e-01,-4.601677977498827565e-01,4.836426203768488530e-01,7.138193491814011082e-01,-4.569816166773600918e-01,-2.540439831807606019e-01,-6.386806615843972912e-01,-4.822080761955508388e-01,-6.698316286690940702e-01,8.522865686561371668e-01,-1.071737576649721552e-01,-1.168573526898325082e-01,1.000000000000000000e+00,-5.462899809657444372e-01,6.628645667246680917e-01,-7.313349993942460658e-01,-1.017275574764757266e-02,2.492138026307734733e-01,1.025729340413946977e-01,-3.338817426449610104e-01,-5.596914670010719739e-01,-7.204555020712122282e-01,-6.856957122547211458e-01,-2.271543589321049494e-01,4.380337668689816000e-01,-7.688554499678639242e-01,-7.198400633617642042e-01,-7.576045044226562553e-01,7.293217527596032035e-01,-4.807516123575836797e-01,2.666137408403714687e-02,-6.979573817979177752e-01,7.392751709867093624e-01,-1.318243446992966028e-01
-4.486960510677532321e-01,6.969548900069864050e-01,7.817670852986483565e-01,-5.154518296701373625e-01,2.205155408337319822e-02,-5.947443637275621198e-01,2.669857401714607614e-01,-6.554859491694747797e-01,-5.285313920166149204e-01,6.534636124770333288e-01,3.193035797373937612e-01,8.578080933991454327e-01,3.115294281495190054e-01,7.349537863834610940e-01,-7.215785401139335198e-01,3.269221063952927886e-01,-1.813126716262022931e-01,-5.462899809657444372e-01,1.000000000000000000e+00,-7.095094673977833111e-01,7.169621092300472176e-01,-1.893234622382638788e-01,-1.989516583646102899e-01,-1.100343503965958564e-01,3.495617724239494795e-01,6.383696190782192081e-01,8.326651855424194171e-01,7.881310310148926801e-01,-6.896741177484928820e-02,-3.698253333883461669e-01,8.164291890027811638e-01,7.235548899670772860e-01,7.933622796214883088e-01,-6.285631733521449549e-01,4.097433552254211020e-01,1.988593070796583762e-01,7.780201071171299887e-01,-6.381820660791653888e-01,5.257862800409728310e-01
3.081538484767484820e-01,-7.987321981348962652e-01,-8.536962704475538066e-01,8.081612896469104745e-01,-2.395399624694099505e-01,3.330952131784520320e-01,-2.510013957842759935e-01,8.019747713230488406e-01,5.023985632668521717e-01,-7.321981872286851267e-01,-3.002651563787879785e-01,-8.364974099343035485e-01,-4.150671922010814030e-01,-8.508244427517417385e-01,7.210286869624590311e-01,-4.868400302024743498e-01,-5.784740034945236309e-02,6.628645667246680917e-01,-7.095094673977833111e-01,1.000000000000000000e+00,-8.034423681298393793e-01,2.086144698868033498e-01,-2.523586637744609784e-02,-1.195930474341181382e-01,-5.679925843550436282e-01,-8.049059617013509804e-01,-8.742514481401286730e-01,-8.260729590008619727e-01,-2.642398604490861502e-01,2.473200050087698276e-01,-8.608753441049238342e-01,-8.722910142553712554e-01,-8.141093360838402848e-01,5.653366908302434046e-01,-5.946002504264903399e-01,-3.530740736890688458e-01,-8.598920093428249478e-01,5.117652629107904971e-01,-5.628537758039806604e-01
-3.951869409881669237e-01,7.602725394192488828e-01,8.792682451511928399e-01,-8.208852241932592664e-01,8.718623504739661523e-02,-2.742520459325176740e-01,4.806181441087841733e-01,-7.566132202463632384e-01,-6.538891491666708466e-01,6.767533145652322446e-01,2.366744823925183983e-01,8.158354627013638671e-01,5.625143753281168779e-01,8.946351288667603319e-01,-7.598001913945314767e-01,3.537999928064158306e-01,8.969927733814830884e-02,-7.313349993942460658e-01,7.169621092300472176e-01,-8.034423681298393793e-01,1.000000000000000000e+00,3.253196935145794694e-02,-5.433296203751834808e-02,1.207361384802501936e-01,5.237959057987340294e-01,8.508186146451827137e-01,8.942285688652129583e-01,9.113969149592123786e-01,4.078199160364766040e-01,-3.323858918032054910e-01,9.085669472355700771e-01,8.977702732259241758e-01,9.366689951923238278e-01,-6.943154966977639342e-01,7.047126317555701958e-01,2.415356118418795495e-01,8.958766730384555288e-01,-6.665176193070035948e-01,3.602991488429340694e-01
-1.216379665594806989e-03,-1.319748517694969703e-01,-1.611094125264243559e-01,1.060258998096365035e-01,-1.413008977818264178e-01,1.325288858612455600e-01,1.840708997399819746e-01,1.964305672848666584e-01,-4.385088601721448542e-02,-2.307043128437111512e-01,-1.763642583504353434e-01,-8.979881909748571589e-02,2.179578535080104185e-01,-1.132169523766278635e-01,9.486022081274274320e-02,-2.934743621501651467e-01,4.456865630396486706e-03,-1.017275574764757266e-02,-1.893234622382638788e-01,2.086144698868033498e-01,3.253196935145794694e-02,1.000000000000000000e+00,-1.466405630419758688e-01,-7.464076612277764644e-02,-1.126828955551028022e-01,-1.608089392468996792e-01,-9.563785068350207086e-02,-1.187104710570019150e-01,-5.133163942238246243e-03,-9.197105895449750324e-02,-1.305748425907010679e-01,-6.798980588573913519e-02,-3.152526016621157862e-02,8.066760730059208129e-02,-1.547120672615603931e-01,-6.559832173022610291e-02,-1.126143628009419195e-01,-2.983023379283968740e-02,-1.140492396768241906e-01
4.170662834703633415e-01,1.207931905291996511e-01,-4.539728449451758616e-03,-1.575576896076313071e-01,3.869209717180371877e-01,6.647062141718471651e-01,-2.843371095028596196e-02,-1.420704416223543542e-01,4.035370114935203922e-01,3.999434544025734506e-01,3.841349704152329236e-01,-1.397623059560142988e-01,-7.243236698328758827e-02,1.247634785969339577e-01,2.508504789317678729e-01,6.329415064059887852e-01,3.239826368313142857e-01,2.492138026307734733e-01,-1.989516583646102899e-01,-2.523586637744609784e-02,-5.433296203751834808e-02,-1.466405630419758688e-01,1.000000000000000000e+00,6.626018149483231534e-01,6.669342237179660682e-01,2.165493630422356819e-01,-8.747042633134134715e-02,6.857174103133914338e-03,4.818102512763436929e-01,7.150195552030428336e-01,-7.452136357067773442e-02,4.292181248926227322e-02,-1.130691790593756629e-01,2.675413016428253576e-01,4.537300416439248307e-01,3.784136865675304384e-01,8.293385420917123718e-02,4.651094114043258787e-01,1.771454132485846267e-01
1.749801961823904961e-01,1.010862356750889118e-01,1.251751462330659981e-01,-2.014901686829491390e-01,3.314713543290559450e-01,5.735667545590600325e-01,1.505117450168281801e-01,-2.222483604366562171e-01,1.651286792931730418e-01,3.108658140277793525e-01,1.290307640555028029e-02,-4.750972580673843565e-02,4.257769887187977387e-02,2.629554199983083485e-01,7.429434526751481360e-02,4.168572402560962731e-01,2.504525087341487044e-01,1.025729340413946977e-01,-1.100343503965958564e-01,-1.195930474341181382e-01,1.207361384802501936e-01,-7.464076612277764644e-02,6.626018149483231534e-01,1.000000000000000000e+00,5.870070905617700285e-01,2.884326033629817654e-01,3.114046310073422322e-02,1.580145623491792384e-01,5.283589274282616266e-01,3.794362949497510074e-01,5.204386339812828999e-02,1.688202065202106250e-01,6.430388190660372982e-02,1.209334134796464649e-01,5.229881276908145971e-01,1.466369535997023021e-01,1.945807445823783399e-01,2.119733140849685837e-01,6.353550834211868503e-02
-1.551788453676237111e-03,5.837335599195584424e-01,5.776074371061068469e-01,-6.085876297087238207e-01,3.783769210915034487e-01,2.596172780878055475e-01,2.602256213468752688e-01,-6.360888567707058128e-01,-9.165660885883887554e-02,7.673385859577005474e-01,4.200515477912555307e-01,4.529885271590581297e-01,2.814094525485936193e-01,6.568510998993903893e-01,-3.585913188366975368e-01,6.757543543365597261e-01,2.876153283782451053e-01,-3.338817426449610104e-01,3.495617724239494795e-01,-5.679925843550436282e-01,5.237959057987340294e-01,-1.126828955551028022e-01,6.669342237179660682e-01,5.870070905617700285e-01,1.000000000000000000e+00,6.309253037283508725e-01,5.136428491090545556e-01,5.865907696923428061e-01,5.270366476051649984e-01,2.934905791346827386e-01,5.347015160082777552e-01,6.115110308042127629e-01,4.876705781709267384e-01,-1.903088564781383607e-01,7.565097063842080027e-01,3.778559574375414676e-01,6.457831135109721732e-01,-1.102523348381655166e-01,4.588992501486239273e-01
-1.313766371652265730e-01,8.161687078229166170e-01,8.314805872106526552e-01,-8.440424798666216200e-01,2.156502786771110625e-01,-1.119451276403723577e-01,2.678341532626510868e-01,-7.516972300512533289e-01,-4.103474847471997311e-01,8.003495694490160295e-01,2.900567973112685438e-01,7.577023173927789346e-01,3.638645393397515471e-01,8.868791583810516910e-01,-5.892357101918761497e-01,6.524328013284212968e-01,1.727788316599978835e-01,-5.596914670010719739e-01,6.383696190782192081e-01,-8.049059617013509804e-01,8.508186146451827137e-01,-1.608089392468996792e-01,2.165493630422356819e-01,2.884326033629817654e-01,6.309253037283508725e-01,1.000000000000000000e+00,8.418364123944444000e-01,8.701304351267169501e-01,5.162339562413449379e-01,-4.831690287860584271e-02,8.498791792301976233e-01,8.603292640612589803e-01,8.361223665614387901e-01,-5.607311567716044554e-01,7.451877614971295083e-01,4.101029852797314912e-01,8.653301097594171543e-01,-3.833655442305604066e-01,4.885007239307885829e-01
-4.448889078945966746e-01,8.177637178766465897e-01,8.950168047365790747e-01,-8.006723721402385641e-01,7.895642458780978423e-02,-4.329050776198403727e-01,3.563495057689175516e-01,-7.663339919997234073e-01,-6.383760947846797151e-01,7.299068436278363103e-01,3.009611912560086200e-01,9.296596043846260260e-01,4.823885058727130359e-01,9.012993478925970248e-01,-7.919216468705114753e-01,4.121474624038641288e-01,-4.065536330984485282e-03,-7.204555020712122282e-01,8.326651855424194171e-01,-8.742514481401286730e-01,8.942285688652129583e-01,-9.563785068350207086e-02,-8.747042633134134715e-02,3.114046310073422322e-02,5.136428491090545556e-01,8.418364123944444000e-01,1.000000000000000000e+00,9.094088482089118797e-01,2.074368060562172544e-01,-3.772763226730281305e-01,9.427115626380576652e-01,9.234598116180506855e-01,9.325277296572969110e-01,-7.070781263034141562e-01,6.217370554754516609e-01,2.999729051618801878e-01,9.342025851171872342e-01,-6.532489821684589471e-01,5.419851710621421681e-01
-3.490013782320073865e-01,8.050732684473921319e-01,9.269137264431831502e-01,-7.947782852467272230e-01,1.580936961280170749e-01,-3.073179828589151508e-01,3.711216691457210892e-01,-8.296412837485823699e-01,-5.527442187592891409e-01,7.597805518036053751e-01,3.174348402228099331e-01,8.594744721983731406e-01,4.418797150395077367e-01,9.207783969126887014e-01,-7.468648418654165733e-01,4.664107047986217891e-01,7.382606014000966943e-02,-6.856957122547211458e-01,7.881310310148926801e-01,-8.260729590008619727e-01,9.113969149592123786e-01,-1.187104710570019150e-01,6.857174103133914338e-03,1.580145623491792384e-01,5.865907696923428061e-01,8.701304351267169501e-01,9.094088482089118797e-01,1.000000000000000000e+00,3.532295448261230097e-01,-2.500274600449428064e-01,9.369323233467256040e-01,9.006736420832215373e-01,9.240541029821379704e-01,-6.287952036431246894e-01,6.983121095563380454e-01,2.778619211415765955e-01,9.169528205656251041e-01,-6.296869156132272050e-01,4.733696148659793934e-01
2.167695675667309918e-01,3.256843142712837480e-01,2.716969478054632181e-01,-5.230863676863218847e-01,1.541620885431098098e-01,5.260969785297456847e-01,4.402767642122367153e-01,-2.909001545225429752e-01,-1.349776477317224110e-01,3.508372634667585865e-01,8.267838559985016267e-02,2.380195744705285513e-02,3.651330603197692759e-01,4.308069227518955824e-01,-1.490553180878469441e-01,4.095256753312235820e-01,6.744932762270074988e-01,-2.271543589321049494e-01,-6.896741177484928820e-02,-2.642398604490861502e-01,4.078199160364766040e-01,-5.133163942238246243e-03,4.818102512763436929e-01,5.283589274282616266e-01,5.270366476051649984e-01,5.162339562413449379e-01,2.074368060562172544e-01,3.532295448261230097e-01,1.000000000000000000e+00,3.037119118101879178e-01,2.819810150751345112e-01,4.022101281602934453e-01,3.103030291571221566e-01,-2.168166217499622461e-01,6.937122633041398201e-01,2.218317769759437785e-01,3.497523512765751685e-01,-3.863865677561833384e-02,-1.482524808328319066e-01
7.467542181378570287e-01,-7.430192806378954455e-03,-2.488983873761346777e-01,1.342780636230924141e-01,3.382180179786137275e-01,5.778831360185844312e-01,-3.295954592609681710e-01,8.292864181879512631e-02,7.408879059273586476e-01,1.873802541298615620e-01,2.851925787600270712e-01,-3.601609538635728303e-01,-3.586118640792921863e-01,-1.582610536472795759e-01,5.253779730245319302e-01,5.737386539511863948e-01,2.319987226583913875e-01,4.380337668689816000e-01,-3.698253333883461669e-01,2.473200050087698276e-01,-3.323858918032054910e-01,-9.197105895449750324e-02,7.150195552030428336e-01,3.794362949497510074e-01,2.934905791346827386e-01,-4.831690287860584271e-02,-3.772763226730281305e-01,-2.500274600449428064e-01,3.037119118101879178e-01,1.000000000000000000e+00,-3.242445513586826866e-01,-2.749812191133780281e-01,-3.925082024431716943e-01,5.434636101475911474e-01,4.609580909052517217e-02,4.178907443351815854e-01,-2.615942745097193933e-01,6.580764879260332378e-01,1.120263120828485781e-01
-4.049251540029605856e-01,8.292560644495970967e-01,9.072850082918310077e-01,-8.104192069550151256e-01,5.975059138725421354e-02,-4.155399334252303789e-01,3.871607863162508933e-01,-7.790784370096370814e-01,-6.251883786282873556e-01,7.427063117779990620e-01,3.312667759890293717e-01,8.945824774746276020e-01,4.636070693804656973e-01,9.155283862473753143e-01,-8.145683426276915107e-01,4.300343112009257784e-01,4.490565877366047010e-02,-7.688554499678639242e-01,8.164291890027811638e-01,-8.608753441049238342e-01,9.085669472355700771e-01,-1.305748425907010679e-01,-7.452136357067773442e-02,5.204386339812828999e-02,5.347015160082777552e-01,8.498791792301976233e-01,9.427115626380576652e-01,9.369323233467256040e-01,2.819810150751345112e-01,-3.242445513586826866e-01,1.000000000000000000e+00,9.204059282334331460e-01,9.419417026608255528e-01,-7.158315726662782819e-01,6.589412422170796146e-01,2.825306507384711674e-01,9.304842927749129577e-01,-6.876754321178422114e-01,4.714359104158145075e-01
-3.478027865343797376e-01,8.365536216516223922e-01,8.861184579285189544e-01,-8.578821315789322277e-01,1.556819156765515411e-01,-2.535146128139981747e-01,4.496925346005415380e-01,-7.925674267282016849e-01,-6.016971750190118762e-01,7.432662008203383408e-01,3.091658324365348931e-01,8.572520449433520540e-01,5.679926050884783750e-01,9.319254115572658259e-01,-7.664718962793284351e-01,4.667914940440198168e-01,1.460294895033459606e-01,-7.198400633617642042e-01,7.235548899670772860e-01,-8.722910142553712554e-01,8.977702732259241758e-01,-6.798980588573913519e-02,4.292181248926227322e-02,1.688202065202106250e-01,6.115110308042127629e-01,8.603292640612589803e-01,9.234598116180506855e-01,9.006736420832215373e-01,4.022101281602934453e-01,-2.749812191133780281e-01,9.204059282334331460e-01,1.000000000000000000e+00,9.155217354398003105e-01,-6.724307919946375112e-01,7.134561261352608819e-01,3.792295104633390812e-01,9.369266683341570534e-01,-5.965443882960000943e-01,4.919499735618684810e-01
-4.611638722267192292e-01,7.766206567889868406e-01,8.866290268997129020e-01,-8.027319617437265187e-01,8.758650516348585185e-03,-3.833339744570335994e-01,4.704125066533912380e-01,-7.369261329975101971e-01,-6.966240249724072742e-01,6.743749131087301008e-01,2.510658513731140462e-01,8.697439339962891314e-01,5.499924512624004835e-01,9.060687769728070773e-01,-8.092532267081755659e-01,3.417432988181411946e-01,3.733495730289679987e-02,-7.576045044226562553e-01,7.933622796214883088e-01,-8.141093360838402848e-01,9.366689951923238278e-01,-3.152526016621157862e-02,-1.130691790593756629e-01,6.430388190660372982e-02,4.876705781709267384e-01,8.361223665614387901e-01,9.325277296572969110e-01,9.240541029821379704e-01,3.103030291571221566e-01,-3.925082024431716943e-01,9.419417026608255528e-01,9.155217354398003105e-01,1.000000000000000000e+00,-7.596075528213567241e-01,6.726212077238329368e-01,2.441064737106327931e-01,9.212839942938059190e-01,-7.229833272906939223e-01,3.863472055495055235e-01
5.839056541473848227e-01,-5.105109637646081389e-01,-5.386319978703353328e-01,6.146671298601934508e-01,4.548899808535014078e-01,4.427026731657810465e-01,-5.526582635522625520e-01,2.988207318690377368e-01,8.500882178547891632e-01,-3.472652933321342394e-01,-1.361295838870626440e-01,-6.021250368580273182e-01,-5.139629146737760834e-01,-6.210629150573772073e-01,8.047699209997856151e-01,-5.256480473284837890e-02,-6.054958838970295187e-02,7.293217527596032035e-01,-6.285631733521449549e-01,5.653366908302434046e-01,-6.943154966977639342e-01,8.066760730059208129e-02,2.675413016428253576e-01,1.209334134796464649e-01,-1.903088564781383607e-01,-5.607311567716044554e-01,-7.070781263034141562e-01,-6.287952036431246894e-01,-2.168166217499622461e-01,5.434636101475911474e-01,-7.158315726662782819e-01,-6.724307919946375112e-01,-7.596075528213567241e-01,1.000000000000000000e+00,-5.394813257163778575e-01,-4.881898461485035048e-03,-6.884529726161574548e-01,7.506334266832287438e-01,1.740421738151486791e-02
-2.598333595999763324e-01,5.584871261599730907e-01,6.221124422490588168e-01,-7.306974005837058028e-01,1.154040581321533754e-01,2.180359192516463096e-01,4.847234630973738523e-01,-5.633872571243029315e-01,-4.565989489438257443e-01,6.558178923137019112e-01,2.854603554782706998e-01,4.837289655021971280e-01,4.582397103644626490e-01,7.575957729489589676e-01,-5.248682863278242294e-01,5.079102884772574988e-01,3.693108385050195008e-01,-4.807516123575836797e-01,4.097433552254211020e-01,-5.946002504264903399e-01,7.047126317555701958e-01,-1.547120672615603931e-01,4.537300416439248307e-01,5.229881276908145971e-01,7.565097063842080027e-01,7.451877614971295083e-01,6.217370554754516609e-01,6.983121095563380454e-01,6.937122633041398201e-01,4.609580909052517217e-02,6.589412422170796146e-01,7.134561261352608819e-01,6.726212077238329368e-01,-5.394813257163778575e-01,1.000000000000000000e+00,2.471805128822934794e-01,7.580499423278690418e-01,-3.762155095763347612e-01,1.500014862507236535e-01
4.215301983157638821e-01,5.748206104302457931e-01,3.238270559856309960e-01,-3.723405928720554536e-01,3.321657109112051698e-01,1.711603769776533779e-01,-1.009976921186695326e-01,-3.793838518181756880e-01,2.232017541405440508e-01,4.863612621712787298e-01,3.236482130584403816e-01,3.448363239517445167e-01,7.831856027257121100e-02,4.220503632243855496e-01,1.279796036010209109e-02,6.363387943707866645e-01,-2.931409333485586813e-02,2.666137408403714687e-02,1.988593070796583762e-01,-3.530740736890688458e-01,2.415356118418795495e-01,-6.559832173022610291e-02,3.784136865675304384e-01,1.466369535997023021e-01,3.778559574375414676e-01,4.101029852797314912e-01,2.999729051618801878e-01,2.778619211415765955e-01,2.218317769759437785e-01,4.178907443351815854e-01,2.825306507384711674e-01,3.792295104633390812e-01,2.441064737106327931e-01,-4.881898461485035048e-03,2.471805128822934794e-01,1.000000000000000000e+00,3.389986409185910543e-01,1.832284535902681810e-01,5.500325359539858239e-01
-4.008536755474202962e-01,8.300389676381216830e-01,8.847920032470725227e-01,-8.314602435429706562e-01,1.126526515086210684e-01,-2.765973321199071688e-01,4.117117843087231277e-01,-7.732057502249006786e-01,-6.026670093117756366e-01,7.803608962059720433e-01,3.396487356270031510e-01,8.821362360602018615e-01,5.147400001955191318e-01,9.316122969205534732e-01,-7.628816141916910931e-01,4.928684904504189168e-01,9.389725532734852220e-02,-6.979573817979177752e-01,7.780201071171299887e-01,-8.598920093428249478e-01,8.958766730384555288e-01,-1.126143628009419195e-01,8.293385420917123718e-02,1.945807445823783399e-01,6.457831135109721732e-01,8.653301097594171543e-01,9.342025851171872342e-01,9.169528205656251041e-01,3.497523512765751685e-01,-2.615942745097193933e-01,9.304842927749129577e-01,9.369266683341570534e-01,9.212839942938059190e-01,-6.884529726161574548e-01,7.580499423278690418e-01,3.389986409185910543e-01,1.000000000000000000e+00,-6.142813345607552877e-01,5.008019076698794203e-01
6.818876139134238956e-01,-4.031891703336665800e-01,-5.916776011709746763e-01,4.261215248721448301e-01,2.842996550079316953e-01,5.453986763099351043e-01,-5.694765968287720526e-01,4.040503761578967401e-01,8.241830385301401884e-01,-2.553987869082889328e-01,-1.003259758676521424e-01,-6.010267766630261743e-01,-5.311548802921181034e-01,-5.541621689557371111e-01,7.940652601565904023e-01,1.823617229423325770e-01,-2.549463741805651357e-02,7.392751709867093624e-01,-6.381820660791653888e-01,5.117652629107904971e-01,-6.665176193070035948e-01,-2.983023379283968740e-02,4.651094114043258787e-01,2.119733140849685837e-01,-1.102523348381655166e-01,-3.833655442305604066e-01,-6.532489821684589471e-01,-6.296869156132272050e-01,-3.863865677561833384e-02,6.580764879260332378e-01,-6.876754321178422114e-01,-5.965443882960000943e-01,-7.229833272906939223e-01,7.506334266832287438e-01,-3.762155095763347612e-01,1.832284535902681810e-01,-6.142813345607552877e-01,1.000000000000000000e+00,4.814334069226394036e-02
1.038534332952560368e-01,6.293498366669474375e-01,5.492695341527606967e-01,-3.694827786669388492e-01,4.554045814833821426e-01,-2.220761220479327280e-01,-2.886401354542862396e-01,-6.049109282558099432e-01,1.425605724852659351e-01,6.593179656660534960e-01,3.292541666572208481e-01,6.635567450304108439e-01,-9.324063963700772451e-02,5.102398263453128413e-01,-1.822449776674177069e-01,5.832044425982326752e-01,-2.614917475040603456e-01,-1.318243446992966028e-01,5.257862800409728310e-01,-5.628537758039806604e-01,3.602991488429340694e-01,-1.140492396768241906e-01,1.771454132485846267e-01,6.353550834211868503e-02,4.588992501486239273e-01,4.885007239307885829e-01,5.419851710621421681e-01,4.733696148659793934e-01,-1.482524808328319066e-01,1.120263120828485781e-01,4.714359104158145075e-01,4.919499735618684810e-01,3.863472055495055235e-01,1.740421738151486791e-02,1.500014862507236535e-01,5.500325359539858239e-01,5.008019076698794203e-01,4.814334069226394036e-02,1.000000000000000000e+00
