1.000000000000000000e+00,9.837931223860664209e-01,9.819766932022415684e-01,9.552018973963434245e-01,9.828746697783221631e-01,9.805948011544294296e-01,9.551342144654026978e-01,-9.839940738945023302e-01,9.862235387990988533e-01,9.856805567588567962e-01,9.683102498907976141e-01,9.571573077824739872e-01,4.491938193710702243e-01,9.830699084830027967e-01,9.228405286085783477e-01,9.853698457290633872e-01,9.697889731579995010e-01,9.822092791906871234e-01,9.792627888837318606e-01,9.432634047426855517e-01,9.557483868596270415e-01,9.589257341880386143e-01,9.848944795024812127e-01,9.846603123816368708e-01,9.854006777104373782e-01,9.859241080885441377e-01,9.763616963035612883e-01,9.811113221072598201e-01,9.845266592620499635e-01,9.867681336386675550e-01,9.593113930976570058e-01,9.696293959732437129e-01,9.720724896480182897e-01,9.755567113668360824e-01,9.757876887772108931e-01,9.833319284232193702e-01,9.689545675104743738e-01,9.849487799757833395e-01,9.809950395586529703e-01
9.837931223860664209e-01,1.000000000000000000e+00,9.810939269831469023e-01,9.525010494182334364e-01,9.821114374852650819e-01,9.799214904684009353e-01,9.575548011183917518e-01,-9.831298869617117742e-01,9.839115120578195706e-01,9.853022601404265446e-01,9.640749688031970965e-01,9.695908118465883518e-01,4.555528136034820430e-01,9.823294114928738940e-01,9.072492673890831805e-01,9.844477619599418805e-01,9.680604058536647072e-01,9.805102889224215357e-01,9.806188928955918982e-01,9.255110685765443046e-01,9.425128071470725288e-01,9.626162566866971471e-01,9.842636971242036958e-01,9.802531760172440434e-01,9.839755245457270094e-01,9.809438333496837137e-01,9.764987832342704177e-01,9.728999175120266463e-01,9.812504981018056460e-01,9.843202308939080769e-01,9.678413235425943340e-01,9.783530049953000907e-01,9.675791739192991514e-01,9.762740464543983032e-01,9.718145735597888413e-01,9.846055839814267241e-01,9.697902562487072942e-01,9.807927616826542794e-01,9.853901166467428085e-01
9.819766932022415684e-01,9.810939269831469023e-01,1.000000000000000000e+00,9.628421674528652163e-01,9.841402094340498952e-01,9.785590078412602644e-01,9.632018102240780255e-01,-9.873287269764664531e-01,9.855043441872520793e-01,9.853107012189014080e-01,9.665033953689350366e-01,9.577225878505429835e-01,4.482332699997615966e-01,9.836702792530387374e-01,9.135009519143868495e-01,9.852957664086018363e-01,9.664426526109790583e-01,9.841982262448073504e-01,9.844527799718350014e-01,9.440156840600305577e-01,9.580794934013526776e-01,9.617989230701100567e-01,9.827831335218571995e-01,9.838310228782595201e-01,9.835807323122501833e-01,9.829863013874547972e-01,9.795548419731744394e-01,9.812214269652825838e-01,9.800430132592924393e-01,9.849986153480855267e-01,9.671986420523592809e-01,9.702424284015993550e-01,9.770186191309087054e-01,9.777742255730053067e-01,9.744935129418480502e-01,9.833915668139743271e-01,9.715138113898311722e-01,9.813197294651619940e-01,9.811690044667654709e-01
9.552018973963434245e-01,9.525010494182334364e-01,9.628421674528652163e-01,1.000000000000000000e+00,9.651827207231454819e-01,9.511568737687047248e-01,9.589073266937638840e-01,-9.622122456621847730e-01,9.627436903620052444e-01,9.599215210559691736e-01,9.440887263664997642e-01,9.280797443659525303e-01,4.186943854098632012e-01,9.603121779164875971e-01,8.673545619623137526e-01,9.608462021376750206e-01,9.393510299565059896e-01,9.635030021159716185e-01,9.642819882113380370e-01,9.117373374484167847e-01,9.375425311467681100e-01,9.286845467773349183e-01,9.599059910161154008e-01,9.608588972832377006e-01,9.586734566635017885e-01,9.544684058584179676e-01,9.564160841156654769e-01,9.587024094880780556e-01,9.544031941763960747e-01,9.614819927800282162e-01,9.431828768396709473e-01,9.455178454188081227e-01,9.517512364517324297e-01,9.506423058508631785e-01,9.544941690227473075e-01,9.586060525442549052e-01,9.455819827956590817e-01,9.488464347187071102e-01,9.510559358844804523e-01
9.828746697783221631e-01,9.821114374852650819e-01,9.841402094340498952e-01,9.651827207231454819e-01,1.000000000000000000e+00,9.768873865441889404e-01,9.600976190771909335e-01,-9.855964202653683115e-01,9.855404874738490362e-01,9.846959269847107565e-01,9.648661621857532733e-01,9.594318141666381416e-01,4.467400750837485779e-01,9.830667376255046719e-01,9.088931912828468462e-01,9.845667925720686942e-01,9.645807872314046127e-01,9.844824456473026952e-01,9.826313168234038775e-01,9.271133240184367130e-01,9.452441371350636112e-01,9.502295109273495299e-01,9.838333802012541041e-01,9.834759859743673616e-01,9.840988907358142468e-01,9.821298004299402473e-01,9.767271680880825757e-01,9.776966879233773833e-01,9.814620002781332397e-01,9.843286719549161345e-01,9.629135860339730346e-01,9.710304753459396698e-01,9.683814126836599590e-01,9.783130342065142759e-01,9.721522249718694830e-01,9.842344015513153632e-01,9.661210526896789608e-01,9.816252896701864739e-01,9.830910051456783760e-01
9.805948011544294296e-01,9.799214904684009353e-01,9.785590078412602644e-01,9.511568737687047248e-01,9.768873865441889404e-01,1.000000000000000000e+00,9.537627306460422227e-01,-9.800954826617627180e-01,9.828276940295183062e-01,9.835423417093189791e-01,9.785914728462953294e-01,9.588305027864001406e-01,4.845527552515452863e-01,9.838238879944292137e-01,9.057610064659786797e-01,9.832036257733897111e-01,9.817524135975048694e-01,9.741213224475940846e-01,9.735701182663734077e-01,9.410619948106012655e-01,9.608886590482703660e-01,9.704077815851275268e-01,9.837845017266284575e-01,9.823804142894317915e-01,9.833263838877882579e-01,9.827710452619685677e-01,9.837931465693581234e-01,9.798647428143418825e-01,9.810236281069754094e-01,9.819014465563989935e-01,9.635848262742506831e-01,9.787943906344719336e-01,9.791552493880221197e-01,9.639341383129588214e-01,9.835674020480221769e-01,9.778981069043470864e-01,9.809237036708695623e-01,9.803315455902771314e-01,9.785167239758255642e-01
9.551342144654026978e-01,9.575548011183917518e-01,9.632018102240780255e-01,9.589073266937638840e-01,9.600976190771909335e-01,9.537627306460422227e-01,1.000000000000000000e+00,-9.662964042152036859e-01,9.614711583664637962e-01,9.625480738989105056e-01,9.343011166646389976e-01,9.293023704713535560e-01,4.556364016232057890e-01,9.557838928237175624e-01,8.915467777802874583e-01,9.639629329732627427e-01,9.385751721460721120e-01,9.667196382221797668e-01,9.710249137163301514e-01,9.154256624291372546e-01,9.364480140686256560e-01,9.521907683126413779e-01,9.612102246215897816e-01,9.578047795459353475e-01,9.626094548914743143e-01,9.583816822085927667e-01,9.549965166292539998e-01,9.548100642554387951e-01,9.528739929786762541e-01,9.621095458217630014e-01,9.383773018317175252e-01,9.470076914468616991e-01,9.460928088022542148e-01,9.591252441989153166e-01,9.514903537700154512e-01,9.539405822875325347e-01,9.399879717290098302e-01,9.518616950067926297e-01,9.510092692549857452e-01
-9.839940738945023302e-01,-9.831298869617117742e-01,-9.873287269764664531e-01,-9.622122456621847730e-01,-9.855964202653683115e-01,-9.800954826617627180e-01,-9.662964042152036859e-01,1.000000000000000000e+00,-9.867080486402708406e-01,-9.871292767502526377e-01,-9.667331433543606689e-01,-9.608050841069371018e-01,-4.545558970365979889e-01,-9.834914008074455705e-01,-9.159350840317498355e-01,-9.872743562966910247e-01,-9.675674393851725341e-01,-9.859280950510544983e-01,-9.858852449628351389e-01,-9.378227216450720771e-01,-9.530681633383305540e-01,-9.614867985519990334e-01,-9.856606759164424636e-01,-9.845669098578562206e-01,-9.862084236163584094e-01,-9.847163396027827087e-01,-9.795100576912917356e-01,-9.795937934826915994e-01,-9.814126465159039858e-01,-9.860035237024169508e-01,-9.662423543869573805e-01,-9.723866241905252394e-01,-9.725834957985930451e-01,-9.799362474802504330e-01,-9.740781988538119718e-01,-9.835586282448166573e-01,-9.691570982056363359e-01,-9.831795479819689376e-01,-9.834032376736395742e-01
9.862235387990988533e-01,9.839115120578195706e-01,9.855043441872520793e-01,9.627436903620052444e-01,9.855404874738490362e-01,9.828276940295183062e-01,9.614711583664637962e-01,-9.867080486402708406e-01,1.000000000000000000e+00,9.880581147529060582e-01,9.734393047754766881e-01,9.608976555367495509e-01,4.657373532740485822e-01,9.861037183904975967e-01,9.138735227846371822e-01,9.880173905794602529e-01,9.736614404173510318e-01,9.843063675064303020e-01,9.832228095559524261e-01,9.413848609151961311e-01,9.581983601392747296e-01,9.619993487821931755e-01,9.867762114661824402e-01,9.873210080696307456e-01,9.870042099584804829e-01,9.864733372064836692e-01,9.826830803011954441e-01,9.833197898651587776e-01,9.838154366375524429e-01,9.877565503682530501e-01,9.656235452321255686e-01,9.753472059668293337e-01,9.764231353260789392e-01,9.762059208075885008e-01,9.795903331551689686e-01,9.842368630068152324e-01,9.744349962782860031e-01,9.847027737306160988e-01,9.837761585618804983e-01
9.856805567588567962e-01,9.853022601404265446e-01,9.853107012189014080e-01,9.599215210559691736e-01,9.846959269847107565e-01,9.835423417093189791e-01,9.625480738989105056e-01,-9.871292767502526377e-01,9.880581147529060582e-01,1.000000000000000000e+00,9.717016293922751125e-01,9.637034310090627498e-01,4.637299952148862814e-01,9.848884190890593304e-01,9.156992838488141606e-01,9.885317092617879053e-01,9.735743322018968193e-01,9.845454578196859430e-01,9.838809948062247068e-01,9.402364236733398162e-01,9.558916245828494862e-01,9.653255232639403882e-01,9.876020168555980083e-01,9.860856794221830590e-01,9.879888482719562104e-01,9.864685231448905300e-01,9.824066514174646381e-01,9.813890014832880038e-01,9.829890053896546132e-01,9.872367835865527574e-01,9.665413336653754239e-01,9.763122965258902441e-01,9.747490092787173266e-01,9.772615129590105365e-01,9.782052424571838767e-01,9.841378847990145395e-01,9.734483885483740107e-01,9.848736710355837642e-01,9.848281867951925728e-01
9.683102498907976141e-01,9.640749688031970965e-01,9.665033953689350366e-01,9.440887263664997642e-01,9.648661621857532733e-01,9.785914728462953294e-01,9.343011166646389976e-01,-9.667331433543606689e-01,9.734393047754766881e-01,9.717016293922751125e-01,1.000000000000000000e+00,9.410536373174209768e-01,5.036858144229574563e-01,9.765916213044540939e-01,8.731673458195970960e-01,9.720472108216131613e-01,9.824206486964951468e-01,9.570719441166183339e-01,9.562731061635614260e-01,9.327773879173317795e-01,9.601394231713261673e-01,9.552979376159704827e-01,9.713529479872258232e-01,9.760244700736129264e-01,9.701175845042473433e-01,9.714183600407204633e-01,9.799153975753375212e-01,9.727522011524039058e-01,9.706477342363211136e-01,9.701170512983420258e-01,9.585360139422399728e-01,9.731183969753374186e-01,9.771701120527140905e-01,9.408042789334605249e-01,9.794190644485192276e-01,9.632115305818887974e-01,9.809742157652421302e-01,9.694310717396533716e-01,9.667748731995510214e-01
9.571573077824739872e-01,9.695908118465883518e-01,9.577225878505429835e-01,9.280797443659525303e-01,9.594318141666381416e-01,9.588305027864001406e-01,9.293023704713535560e-01,-9.608050841069371018e-01,9.608976555367495509e-01,9.637034310090627498e-01,9.410536373174209768e-01,1.000000000000000000e+00,4.698848290448466858e-01,9.606372811746473062e-01,8.767466068511744481e-01,9.640510344174746393e-01,9.421125986219568427e-01,9.557539542551610756e-01,9.623282746991157488e-01,8.913923964590362292e-01,9.110343740847282046e-01,9.487005141690937338e-01,9.648795229534888884e-01,9.557677811799683010e-01,9.624114523764094598e-01,9.534421546955733628e-01,9.619926391077114891e-01,9.441591917671214862e-01,9.501892862698538833e-01,9.583342113467587797e-01,9.554977597256547606e-01,9.673509110182824111e-01,9.428839717704851076e-01,9.520625983150799998e-01,9.460645634300217655e-01,9.647810694847958057e-01,9.497062597933055850e-01,9.537820420695650725e-01,9.715155169540424795e-01
4.491938193710702243e-01,4.555528136034820430e-01,4.482332699997615966e-01,4.186943854098632012e-01,4.467400750837485779e-01,4.845527552515452863e-01,4.556364016232057890e-01,-4.545558970365979889e-01,4.657373532740485822e-01,4.637299952148862814e-01,5.036858144229574563e-01,4.698848290448466858e-01,1.000000000000000000e+00,4.786692851285489492e-01,3.864394562793437293e-01,4.670723844306862160e-01,4.921689935111024927e-01,4.473024312483233622e-01,4.593707110261742721e-01,4.414260558411628455e-01,4.756173288353525708e-01,5.027004210733097000e-01,4.649299290163110276e-01,4.692706139663803677e-01,4.651072562132447241e-01,4.670662409444978347e-01,5.018978607283001159e-01,4.606675944845047832e-01,4.511126398762759226e-01,4.541771311380621290e-01,3.749628599827113384e-01,4.949214156827334010e-01,4.885148979578911033e-01,4.335159768592355412e-01,5.036629114325912315e-01,4.367344092842731507e-01,5.123153623358592812e-01,4.516903041533619767e-01,4.569816263356855646e-01
9.830699084830027967e-01,9.823294114928738940e-01,9.836702792530387374e-01,9.603121779164875971e-01,9.830667376255046719e-01,9.838238879944292137e-01,9.557838928237175624e-01,-9.834914008074455705e-01,9.861037183904975967e-01,9.848884190890593304e-01,9.765916213044540939e-01,9.606372811746473062e-01,4.786692851285489492e-01,1.000000000000000000e+00,9.023104470289943224e-01,9.845821832885153224e-01,9.757954502957275622e-01,9.784283501033316233e-01,9.782448040431038772e-01,9.363279207349668454e-01,9.586270728242449746e-01,9.622326935695183492e-01,9.838272129278465838e-01,9.860552599373592075e-01,9.837513122827404866e-01,9.828882874081480425e-01,9.834349152416610451e-01,9.810711173005847163e-01,9.842706897921748022e-01,9.850706852726214269e-01,9.669106445667836613e-01,9.785859991084242537e-01,9.803407189448386516e-01,9.712500511569035488e-01,9.829966340794793478e-01,9.836915498861754648e-01,9.803231032592334415e-01,9.817554730896539406e-01,9.819340284995098367e-01
9.228405286085783477e-01,9.072492673890831805e-01,9.135009519143868495e-01,8.673545619623137526e-01,9.088931912828468462e-01,9.057610064659786797e-01,8.915467777802874583e-01,-9.159350840317498355e-01,9.138735227846371822e-01,9.156992838488141606e-01,8.731673458195970960e-01,8.767466068511744481e-01,3.864394562793437293e-01,9.023104470289943224e-01,1.000000000000000000e+00,9.126560204040996549e-01,8.792438341228473453e-01,9.247978260042878373e-01,9.122682877976648896e-01,9.175976122167835980e-01,9.119683746768026955e-01,8.925468451181539642e-01,9.137498935562236024e-01,9.121437629516290224e-01,9.207970517595092108e-01,9.296620324024631454e-01,8.871896624068499326e-01,9.260006539541616455e-01,9.181424965025928309e-01,9.197043212147690827e-01,8.566047279076861587e-01,8.608919232808365241e-01,8.978745557675740230e-01,9.317428972615405813e-01,8.982929143139031236e-01,9.106164793449103012e-01,8.752919963157096417e-01,9.321547599963176944e-01,9.044888781565937341e-01
9.853698457290633872e-01,9.844477619599418805e-01,9.852957664086018363e-01,9.608462021376750206e-01,9.845667925720686942e-01,9.832036257733897111e-01,9.639629329732627427e-01,-9.872743562966910247e-01,9.880173905794602529e-01,9.885317092617879053e-01,9.720472108216131613e-01,9.640510344174746393e-01,4.670723844306862160e-01,9.845821832885153224e-01,9.126560204040996549e-01,1.000000000000000000e+00,9.734441185214615100e-01,9.844459847748423531e-01,9.843779421488982884e-01,9.402982463155757920e-01,9.561902437148356304e-01,9.657442937725153609e-01,9.877828178880665444e-01,9.861679827646350205e-01,9.876339700491469920e-01,9.861083228723601657e-01,9.831459368094608298e-01,9.812308651532372084e-01,9.817787074234682887e-01,9.869704880856228213e-01,9.667201602607744526e-01,9.766532470532875987e-01,9.746814843195681366e-01,9.758946805593231577e-01,9.779374590963025859e-01,9.832647293181230319e-01,9.730805037855840833e-01,9.837210691487040526e-01,9.838915034859900821e-01
9.697889731579995010e-01,9.680604058536647072e-01,9.664426526109790583e-01,9.393510299565059896e-01,9.645807872314046127e-01,9.817524135975048694e-01,9.385751721460721120e-01,-9.675674393851725341e-01,9.736614404173510318e-01,9.735743322018968193e-01,9.824206486964951468e-01,9.421125986219568427e-01,4.921689935111024927e-01,9.757954502957275622e-01,8.792438341228473453e-01,9.734441185214615100e-01,1.000000000000000000e+00,9.589059658565135535e-01,9.572472996233114539e-01,9.304679601410938972e-01,9.570115352383412599e-01,9.615772140810188162e-01,9.731237118632951599e-01,9.747352563692420757e-01,9.712971604382023560e-01,9.731611317881939671e-01,9.794316220780810989e-01,9.725793023540748594e-01,9.718722058917702578e-01,9.718035308783390391e-01,9.609315807779466034e-01,9.767453120177500558e-01,9.758052273195044757e-01,9.442178409941205386e-01,9.809593805603784578e-01,9.632498716214842327e-01,9.805471640620270213e-01,9.712922949041487009e-01,9.679870732770673447e-01
9.822092791906871234e-01,9.805102889224215357e-01,9.841982262448073504e-01,9.635030021159716185e-01,9.844824456473026952e-01,9.741213224475940846e-01,9.667196382221797668e-01,-9.859280950510544983e-01,9.843063675064303020e-01,9.845454578196859430e-01,9.570719441166183339e-01,9.557539542551610756e-01,4.473024312483233622e-01,9.784283501033316233e-01,9.247978260042878373e-01,9.844459847748423531e-01,9.589059658565135535e-01,1.000000000000000000e+00,9.866177244236281618e-01,9.380140206489374632e-01,9.495777826307281178e-01,9.564104237875874492e-01,9.832406697545695851e-01,9.817629905781374289e-01,9.840483951423988351e-01,9.834324403244819601e-01,9.730314440824994193e-01,9.783086973693120303e-01,9.785705140464190377e-01,9.836893640289871010e-01,9.554540046586343927e-01,9.630338826330621105e-01,9.661578545943969587e-01,9.835840879070230081e-01,9.687968232965291637e-01,9.816528158944131111e-01,9.609231685686541180e-01,9.798001179101256675e-01,9.789246685130971182e-01
9.792627888837318606e-01,9.806188928955918982e-01,9.844527799718350014e-01,9.642819882113380370e-01,9.826313168234038775e-01,9.735701182663734077e-01,9.710249137163301514e-01,-9.858852449628351389e-01,9.832228095559524261e-01,9.838809948062247068e-01,9.562731061635614260e-01,9.623282746991157488e-01,4.593707110261742721e-01,9.782448040431038772e-01,9.122682877976648896e-01,9.843779421488982884e-01,9.572472996233114539e-01,9.866177244236281618e-01,1.000000000000000000e+00,9.350575460783487891e-01,9.467096699312732566e-01,9.613987871571838539e-01,9.824827839086426318e-01,9.795927837443534347e-01,9.829306052261939097e-01,9.798104580571510569e-01,9.750191234005504137e-01,9.741923984101021894e-01,9.742824415791266901e-01,9.820660294386613920e-01,9.592324758358042880e-01,9.671766435017558061e-01,9.659449894114677804e-01,9.808350698127140666e-01,9.677053243918672942e-01,9.808462889627372894e-01,9.622671599669112563e-01,9.758255723975588491e-01,9.791383514805951371e-01
9.432634047426855517e-01,9.255110685765443046e-01,9.440156840600305577e-01,9.117373374484167847e-01,9.271133240184367130e-01,9.410619948106012655e-01,9.154256624291372546e-01,-9.378227216450720771e-01,9.413848609151961311e-01,9.402364236733398162e-01,9.327773879173317795e-01,8.913923964590362292e-01,4.414260558411628455e-01,9.363279207349668454e-01,9.175976122167835980e-01,9.402982463155757920e-01,9.304679601410938972e-01,9.380140206489374632e-01,9.350575460783487891e-01,1.000000000000000000e+00,9.711442599845043766e-01,9.474897596674404232e-01,9.363706481373136326e-01,9.436450410885111051e-01,9.399311996713441975e-01,9.488944155726700691e-01,9.396838847441142395e-01,9.587631723468079681e-01,9.325834795089660290e-01,9.422620166498857364e-01,8.987453623078740517e-01,9.071425926458165367e-01,9.551774656963706311e-01,9.218329146072167246e-01,9.446822347635679407e-01,9.309989225024606352e-01,9.390297867449758362e-01,9.398561786889116920e-01,9.204327395133095058e-01
9.557483868596270415e-01,9.425128071470725288e-01,9.580794934013526776e-01,9.375425311467681100e-01,9.452441371350636112e-01,9.608886590482703660e-01,9.364480140686256560e-01,-9.530681633383305540e-01,9.581983601392747296e-01,9.558916245828494862e-01,9.601394231713261673e-01,9.110343740847282046e-01,4.756173288353525708e-01,9.586270728242449746e-01,9.119683746768026955e-01,9.561902437148356304e-01,9.570115352383412599e-01,9.495777826307281178e-01,9.467096699312732566e-01,9.711442599845043766e-01,1.000000000000000000e+00,9.585062017651809763e-01,9.530143898392289259e-01,9.613805766830911814e-01,9.545853273392757021e-01,9.627034492905094387e-01,9.621464774779181495e-01,9.744425590758715172e-01,9.541591513483741460e-01,9.593274326826359832e-01,9.272247175639425354e-01,9.358038994655740739e-01,9.768065190324913827e-01,9.320735565994678895e-01,9.687035017010087179e-01,9.457575622767052659e-01,9.635698025608218087e-01,9.559207214589300339e-01,9.387991098824001179e-01
9.589257341880386143e-01,9.626162566866971471e-01,9.617989230701100567e-01,9.286845467773349183e-01,9.502295109273495299e-01,9.704077815851275268e-01,9.521907683126413779e-01,-9.614867985519990334e-01,9.619993487821931755e-01,9.653255232639403882e-01,9.552979376159704827e-01,9.487005141690937338e-01,5.027004210733097000e-01,9.622326935695183492e-01,8.925468451181539642e-01,9.657442937725153609e-01,9.615772140810188162e-01,9.564104237875874492e-01,9.613987871571838539e-01,9.474897596674404232e-01,9.585062017651809763e-01,1.000000000000000000e+00,9.644501357350034887e-01,9.609557128742464149e-01,9.645099881353410565e-01,9.628022330982262122e-01,9.693807144488193472e-01,9.608493484625888481e-01,9.541394574125238170e-01,9.623620103418333294e-01,9.467127932548706770e-01,9.610223058718653233e-01,9.675740659757720019e-01,9.442777081539904804e-01,9.663210741280056082e-01,9.561803860878833605e-01,9.672562723294044762e-01,9.562323162670168797e-01,9.557589141013460576e-01
9.848944795024812127e-01,9.842636971242036958e-01,9.827831335218571995e-01,9.599059910161154008e-01,9.838333802012541041e-01,9.837845017266284575e-01,9.612102246215897816e-01,-9.856606759164424636e-01,9.867762114661824402e-01,9.876020168555980083e-01,9.713529479872258232e-01,9.648795229534888884e-01,4.649299290163110276e-01,9.838272129278465838e-01,9.137498935562236024e-01,9.877828178880665444e-01,9.731237118632951599e-01,9.832406697545695851e-01,9.824827839086426318e-01,9.363706481373136326e-01,9.530143898392289259e-01,9.644501357350034887e-01,1.000000000000000000e+00,9.854707828438518114e-01,9.881171408299738168e-01,9.855447629010312127e-01,9.816874374329255248e-01,9.797113290272673192e-01,9.819796718841565797e-01,9.855831884333347004e-01,9.649472315955134327e-01,9.765743885544738712e-01,9.725706121651873648e-01,9.746266967235973633e-01,9.776110728534094241e-01,9.827386453644560982e-01,9.718960076805930326e-01,9.828490052722841375e-01,9.830740981546168822e-01
9.846603123816368708e-01,9.802531760172440434e-01,9.838310228782595201e-01,9.608588972832377006e-01,9.834759859743673616e-01,9.823804142894317915e-01,9.578047795459353475e-01,-9.845669098578562206e-01,9.873210080696307456e-01,9.860856794221830590e-01,9.760244700736129264e-01,9.557677811799683010e-01,4.692706139663803677e-01,9.860552599373592075e-01,9.121437629516290224e-01,9.861679827646350205e-01,9.747352563692420757e-01,9.817629905781374289e-01,9.795927837443534347e-01,9.436450410885111051e-01,9.613805766830911814e-01,9.609557128742464149e-01,9.854707828438518114e-01,1.000000000000000000e+00,9.856471720529995650e-01,9.860924311979353263e-01,9.830812180185828364e-01,9.843055284943472705e-01,9.837797439355027151e-01,9.857736251141936412e-01,9.636375081301178369e-01,9.733749871974232137e-01,9.782577783165444796e-01,9.723118554007190717e-01,9.812276073411140276e-01,9.823854935503095742e-01,9.756165346978019626e-01,9.832070925542810702e-01,9.804057581032459279e-01
9.854006777104373782e-01,9.839755245457270094e-01,9.835807323122501833e-01,9.586734566635017885e-01,9.840988907358142468e-01,9.833263838877882579e-01,9.626094548914743143e-01,-9.862084236163584094e-01,9.870042099584804829e-01,9.879888482719562104e-01,9.701175845042473433e-01,9.624114523764094598e-01,4.651072562132447241e-01,9.837513122827404866e-01,9.207970517595092108e-01,9.876339700491469920e-01,9.712971604382023560e-01,9.840483951423988351e-01,9.829306052261939097e-01,9.399311996713441975e-01,9.545853273392757021e-01,9.645099881353410565e-01,9.881171408299738168e-01,9.856471720529995650e-01,1.000000000000000000e+00,9.863596128630093274e-01,9.806525581821349258e-01,9.806174459250902586e-01,9.828880688889514161e-01,9.862452434511592703e-01,9.624828488097276757e-01,9.737208242003158043e-01,9.725977564295512634e-01,9.771349577207066872e-01,9.775758223680954817e-01,9.832740266810853225e-01,9.707976111164902111e-01,9.845664817882998632e-01,9.831944033089822232e-01
9.859241080885441377e-01,9.809438333496837137e-01,9.829863013874547972e-01,9.544684058584179676e-01,9.821298004299402473e-01,9.827710452619685677e-01,9.583816822085927667e-01,-9.847163396027827087e-01,9.864733372064836692e-01,9.864685231448905300e-01,9.714183600407204633e-01,9.534421546955733628e-01,4.670662409444978347e-01,9.828882874081480425e-01,9.296620324024631454e-01,9.861083228723601657e-01,9.731611317881939671e-01,9.834324403244819601e-01,9.798104580571510569e-01,9.488944155726700691e-01,9.627034492905094387e-01,9.628022330982262122e-01,9.855447629010312127e-01,9.860924311979353263e-01,9.863596128630093274e-01,1.000000000000000000e+00,9.793631248813389201e-01,9.846967148269247794e-01,9.844051381508198695e-01,9.860104334882904276e-01,9.572420733186719488e-01,9.691188951999406553e-01,9.758272060219475019e-01,9.754321297770975896e-01,9.784569428191353113e-01,9.811264660295369033e-01,9.716907051582573951e-01,9.861743884504231561e-01,9.799539167927574512e-01
9.763616963035612883e-01,9.764987832342704177e-01,9.795548419731744394e-01,9.564160841156654769e-01,9.767271680880825757e-01,9.837931465693581234e-01,9.549965166292539998e-01,-9.795100576912917356e-01,9.826830803011954441e-01,9.824066514174646381e-01,9.799153975753375212e-01,9.619926391077114891e-01,5.018978607283001159e-01,9.834349152416610451e-01,8.871896624068499326e-01,9.831459368094608298e-01,9.794316220780810989e-01,9.730314440824994193e-01,9.750191234005504137e-01,9.396838847441142395e-01,9.621464774779181495e-01,9.693807144488193472e-01,9.816874374329255248e-01,9.830812180185828364e-01,9.806525581821349258e-01,9.793631248813389201e-01,1.000000000000000000e+00,9.792490204638479856e-01,9.748606318720313135e-01,9.797044893274508004e-01,9.669240613007090701e-01,9.806844449266184371e-01,9.810813583463287024e-01,9.588842821853480469e-01,9.818957620989847701e-01,9.754777126364284623e-01,9.825553360813287229e-01,9.751951425152394215e-01,9.777361969862892188e-01
9.811113221072598201e-01,9.728999175120266463e-01,9.812214269652825838e-01,9.587024094880780556e-01,9.776966879233773833e-01,9.798647428143418825e-01,9.548100642554387951e-01,-9.795937934826915994e-01,9.833197898651587776e-01,9.813890014832880038e-01,9.727522011524039058e-01,9.441591917671214862e-01,4.606675944845047832e-01,9.810711173005847163e-01,9.260006539541616455e-01,9.812308651532372084e-01,9.725793023540748594e-01,9.783086973693120303e-01,9.741923984101021894e-01,9.587631723468079681e-01,9.744425590758715172e-01,9.608493484625888481e-01,9.797113290272673192e-01,9.843055284943472705e-01,9.806174459250902586e-01,9.846967148269247794e-01,9.792490204638479856e-01,1.000000000000000000e+00,9.800107075505264387e-01,9.828702563578400886e-01,9.547418139723899966e-01,9.627547952141548571e-01,9.818789413713764347e-01,9.670144230854177403e-01,9.807837578605639317e-01,9.756098244449201706e-01,9.740883777451319059e-01,9.811122860562674353e-01,9.719952942121342643e-01
9.845266592620499635e-01,9.812504981018056460e-01,9.800430132592924393e-01,9.544031941763960747e-01,9.814620002781332397e-01,9.810236281069754094e-01,9.528739929786762541e-01,-9.814126465159039858e-01,9.838154366375524429e-01,9.829890053896546132e-01,9.706477342363211136e-01,9.501892862698538833e-01,4.511126398762759226e-01,9.842706897921748022e-01,9.181424965025928309e-01,9.817787074234682887e-01,9.718722058917702578e-01,9.785705140464190377e-01,9.742824415791266901e-01,9.325834795089660290e-01,9.541591513483741460e-01,9.541394574125238170e-01,9.819796718841565797e-01,9.837797439355027151e-01,9.828880688889514161e-01,9.844051381508198695e-01,9.748606318720313135e-01,9.800107075505264387e-01,1.000000000000000000e+00,9.843346866593134514e-01,9.596900571896906929e-01,9.699510703755206409e-01,9.735901681863325940e-01,9.739292936491057429e-01,9.781032941960388083e-01,9.821516549364449622e-01,9.715570604501927443e-01,9.843298856494533400e-01,9.792110564786729032e-01
9.867681336386675550e-01,9.843202308939080769e-01,9.849986153480855267e-01,9.614819927800282162e-01,9.843286719549161345e-01,9.819014465563989935e-01,9.621095458217630014e-01,-9.860035237024169508e-01,9.877565503682530501e-01,9.872367835865527574e-01,9.701170512983420258e-01,9.583342113467587797e-01,4.541771311380621290e-01,9.850706852726214269e-01,9.197043212147690827e-01,9.869704880856228213e-01,9.718035308783390391e-01,9.836893640289871010e-01,9.820660294386613920e-01,9.422620166498857364e-01,9.593274326826359832e-01,9.623620103418333294e-01,9.855831884333347004e-01,9.857736251141936412e-01,9.862452434511592703e-01,9.860104334882904276e-01,9.797044893274508004e-01,9.828702563578400886e-01,9.843346866593134514e-01,1.000000000000000000e+00,9.643691126629649890e-01,9.726841791980516128e-01,9.756075430075864530e-01,9.769148282128321537e-01,9.788698203478304327e-01,9.839589305716038847e-01,9.722500462155830858e-01,9.848675001468609747e-01,9.819746685398930142e-01
9.593113930976570058e-01,9.678413235425943340e-01,9.671986420523592809e-01,9.431828768396709473e-01,9.629135860339730346e-01,9.635848262742506831e-01,9.383773018317175252e-01,-9.662423543869573805e-01,9.656235452321255686e-01,9.665413336653754239e-01,9.585360139422399728e-01,9.554977597256547606e-01,3.749628599827113384e-01,9.669106445667836613e-01,8.566047279076861587e-01,9.667201602607744526e-01,9.609315807779466034e-01,9.554540046586343927e-01,9.592324758358042880e-01,8.987453623078740517e-01,9.272247175639425354e-01,9.467127932548706770e-01,9.649472315955134327e-01,9.636375081301178369e-01,9.624828488097276757e-01,9.572420733186719488e-01,9.669240613007090701e-01,9.547418139723899966e-01,9.596900571896906929e-01,9.643691126629649890e-01,1.000000000000000000e+00,9.728975098958025924e-01,9.574133199232934821e-01,9.466507760886679890e-01,9.542618817662152919e-01,9.653428423765603172e-01,9.596220847086011085e-01,9.598237761735487483e-01,9.706845395398809861e-01
9.696293959732437129e-01,9.783530049953000907e-01,9.702424284015993550e-01,9.455178454188081227e-01,9.710304753459396698e-01,9.787943906344719336e-01,9.470076914468616991e-01,-9.723866241905252394e-01,9.753472059668293337e-01,9.763122965258902441e-01,9.731183969753374186e-01,9.673509110182824111e-01,4.949214156827334010e-01,9.785859991084242537e-01,8.608919232808365241e-01,9.766532470532875987e-01,9.767453120177500558e-01,9.630338826330621105e-01,9.671766435017558061e-01,9.071425926458165367e-01,9.358038994655740739e-01,9.610223058718653233e-01,9.765743885544738712e-01,9.733749871974232137e-01,9.737208242003158043e-01,9.691188951999406553e-01,9.806844449266184371e-01,9.627547952141548571e-01,9.699510703755206409e-01,9.726841791980516128e-01,9.728975098958025924e-01,1.000000000000000000e+00,9.672263000680557665e-01,9.520759674615847379e-01,9.725200029945124669e-01,9.722497968239552923e-01,9.767008552619511619e-01,9.680710266910412809e-01,9.785056864974369661e-01
9.720724896480182897e-01,9.675791739192991514e-01,9.770186191309087054e-01,9.517512364517324297e-01,9.683814126836599590e-01,9.791552493880221197e-01,9.460928088022542148e-01,-9.725834957985930451e-01,9.764231353260789392e-01,9.747490092787173266e-01,9.771701120527140905e-01,9.428839717704851076e-01,4.885148979578911033e-01,9.803407189448386516e-01,8.978745557675740230e-01,9.746814843195681366e-01,9.758052273195044757e-01,9.661578545943969587e-01,9.659449894114677804e-01,9.551774656963706311e-01,9.768065190324913827e-01,9.675740659757720019e-01,9.725706121651873648e-01,9.782577783165444796e-01,9.725977564295512634e-01,9.758272060219475019e-01,9.810813583463287024e-01,9.818789413713764347e-01,9.735901681863325940e-01,9.756075430075864530e-01,9.574133199232934821e-01,9.672263000680557665e-01,1.000000000000000000e+00,9.529563618554193205e-01,9.829351202903273688e-01,9.694596808782459663e-01,9.834470118197118360e-01,9.719754722240798728e-01,9.662547156796523762e-01
9.755567113668360824e-01,9.762740464543983032e-01,9.777742255730053067e-01,9.506423058508631785e-01,9.783130342065142759e-01,9.639341383129588214e-01,9.591252441989153166e-01,-9.799362474802504330e-01,9.762059208075885008e-01,9.772615129590105365e-01,9.408042789334605249e-01,9.520625983150799998e-01,4.335159768592355412e-01,9.712500511569035488e-01,9.317428972615405813e-01,9.758946805593231577e-01,9.442178409941205386e-01,9.835840879070230081e-01,9.808350698127140666e-01,9.218329146072167246e-01,9.320735565994678895e-01,9.442777081539904804e-01,9.746266967235973633e-01,9.723118554007190717e-01,9.771349577207066872e-01,9.754321297770975896e-01,9.588842821853480469e-01,9.670144230854177403e-01,9.739292936491057429e-01,9.769148282128321537e-01,9.466507760886679890e-01,9.520759674615847379e-01,9.529563618554193205e-01,1.000000000000000000e+00,9.572953289734753568e-01,9.777644083369998462e-01,9.474432736018024714e-01,9.749854268590247841e-01,9.745368311206054068e-01
9.757876887772108931e-01,9.718145735597888413e-01,9.744935129418480502e-01,9.544941690227473075e-01,9.721522249718694830e-01,9.835674020480221769e-01,9.514903537700154512e-01,-9.740781988538119718e-01,9.795903331551689686e-01,9.782052424571838767e-01,9.794190644485192276e-01,9.460645634300217655e-01,5.036629114325912315e-01,9.829966340794793478e-01,8.982929143139031236e-01,9.779374590963025859e-01,9.809593805603784578e-01,9.687968232965291637e-01,9.677053243918672942e-01,9.446822347635679407e-01,9.687035017010087179e-01,9.663210741280056082e-01,9.776110728534094241e-01,9.812276073411140276e-01,9.775758223680954817e-01,9.784569428191353113e-01,9.818957620989847701e-01,9.807837578605639317e-01,9.781032941960388083e-01,9.788698203478304327e-01,9.542618817662152919e-01,9.725200029945124669e-01,9.829351202903273688e-01,9.572953289734753568e-01,1.000000000000000000e+00,9.714834550465357710e-01,9.836322403544704995e-01,9.746683821826266358e-01,9.692260338654218321e-01
9.833319284232193702e-01,9.846055839814267241e-01,9.833915668139743271e-01,9.586060525442549052e-01,9.842344015513153632e-01,9.778981069043470864e-01,9.539405822875325347e-01,-9.835586282448166573e-01,9.842368630068152324e-01,9.841378847990145395e-01,9.632115305818887974e-01,9.647810694847958057e-01,4.367344092842731507e-01,9.836915498861754648e-01,9.106164793449103012e-01,9.832647293181230319e-01,9.632498716214842327e-01,9.816528158944131111e-01,9.808462889627372894e-01,9.309989225024606352e-01,9.457575622767052659e-01,9.561803860878833605e-01,9.827386453644560982e-01,9.823854935503095742e-01,9.832740266810853225e-01,9.811264660295369033e-01,9.754777126364284623e-01,9.756098244449201706e-01,9.821516549364449622e-01,9.839589305716038847e-01,9.653428423765603172e-01,9.722497968239552923e-01,9.694596808782459663e-01,9.777644083369998462e-01,9.714834550465357710e-01,1.000000000000000000e+00,9.680033323923361577e-01,9.811063150980652292e-01,9.837883351239282703e-01
9.689545675104743738e-01,9.697902562487072942e-01,9.715138113898311722e-01,9.455819827956590817e-01,9.661210526896789608e-01,9.809237036708695623e-01,9.399879717290098302e-01,-9.691570982056363359e-01,9.744349962782860031e-01,9.734483885483740107e-01,9.809742157652421302e-01,9.497062597933055850e-01,5.123153623358592812e-01,9.803231032592334415e-01,8.752919963157096417e-01,9.730805037855840833e-01,9.805471640620270213e-01,9.609231685686541180e-01,9.622671599669112563e-01,9.390297867449758362e-01,9.635698025608218087e-01,9.672562723294044762e-01,9.718960076805930326e-01,9.756165346978019626e-01,9.707976111164902111e-01,9.716907051582573951e-01,9.825553360813287229e-01,9.740883777451319059e-01,9.715570604501927443e-01,9.722500462155830858e-01,9.596220847086011085e-01,9.767008552619511619e-01,9.834470118197118360e-01,9.474432736018024714e-01,9.836322403544704995e-01,9.680033323923361577e-01,1.000000000000000000e+00,9.678644574161598957e-01,9.686034758806220113e-01
9.849487799757833395e-01,9.807927616826542794e-01,9.813197294651619940e-01,9.488464347187071102e-01,9.816252896701864739e-01,9.803315455902771314e-01,9.518616950067926297e-01,-9.831795479819689376e-01,9.847027737306160988e-01,9.848736710355837642e-01,9.694310717396533716e-01,9.537820420695650725e-01,4.516903041533619767e-01,9.817554730896539406e-01,9.321547599963176944e-01,9.837210691487040526e-01,9.712922949041487009e-01,9.798001179101256675e-01,9.758255723975588491e-01,9.398561786889116920e-01,9.559207214589300339e-01,9.562323162670168797e-01,9.828490052722841375e-01,9.832070925542810702e-01,9.845664817882998632e-01,9.861743884504231561e-01,9.751951425152394215e-01,9.811122860562674353e-01,9.843298856494533400e-01,9.848675001468609747e-01,9.598237761735487483e-01,9.680710266910412809e-01,9.719754722240798728e-01,9.749854268590247841e-01,9.746683821826266358e-01,9.811063150980652292e-01,9.678644574161598957e-01,1.000000000000000000e+00,9.825284127980161708e-01
9.809950395586529703e-01,9.853901166467428085e-01,9.811690044667654709e-01,9.510559358844804523e-01,9.830910051456783760e-01,9.785167239758255642e-01,9.510092692549857452e-01,-9.834032376736395742e-01,9.837761585618804983e-01,9.848281867951925728e-01,9.667748731995510214e-01,9.715155169540424795e-01,4.569816263356855646e-01,9.819340284995098367e-01,9.044888781565937341e-01,9.838915034859900821e-01,9.679870732770673447e-01,9.789246685130971182e-01,9.791383514805951371e-01,9.204327395133095058e-01,9.387991098824001179e-01,9.557589141013460576e-01,9.830740981546168822e-01,9.804057581032459279e-01,9.831944033089822232e-01,9.799539167927574512e-01,9.777361969862892188e-01,9.719952942121342643e-01,9.792110564786729032e-01,9.819746685398930142e-01,9.706845395398809861e-01,9.785056864974369661e-01,9.662547156796523762e-01,9.745368311206054068e-01,9.692260338654218321e-01,9.837883351239282703e-01,9.686034758806220113e-01,9.825284127980161708e-01,1.000000000000000000e+00
