1.000000000000000000e+00,6.315782217500374163e-01,3.552705068771074282e-01,7.261998279413438284e-02,5.238439690796580228e-01,4.762511352956151356e-01,7.105292087993041183e-02,-3.597189908595699315e-01,6.863210961656823761e-01,6.767213076303549846e-01,5.668951628141777332e-01,5.931961246730894644e-01,1.394227919714675634e-01,6.297256192918438966e-01,5.657775337254081771e-01,7.336744725281474366e-01,7.008375722881677872e-01,9.079577345413022971e-02,-3.596476719384995024e-01,2.220051255348998442e-01,2.037219563506274533e-01,3.769301582709998488e-01,7.284846268686386850e-01,6.238145729876571899e-01,7.615379799438973807e-01,6.956180364647948089e-01,5.802122134378613350e-01,6.553517028757089857e-01,6.092865887781163670e-01,6.354491816548335503e-01,6.443266057159048321e-01,5.878551713743508378e-01,5.431482519795715058e-01,6.420467119408040935e-01,5.116254127945203400e-01,4.786999575377453020e-01,5.256522570417789808e-01,8.630687994405003005e-01,7.272508070957711679e-01
6.315782217500374163e-01,1.000000000000000000e+00,3.290483411001551284e-01,8.009611061989381497e-02,5.110251857503450568e-01,5.057180319777745403e-01,-1.852798253622404273e-02,-3.485955096680460330e-01,6.593704953564517579e-01,5.914019105534790155e-01,6.238438079968201544e-01,3.864609852868774453e-01,-1.528332070921054886e-01,5.523287409923075542e-01,3.201254705664797751e-01,5.214576456528919879e-01,5.131355904830569026e-01,6.386666440679752976e-02,-3.859925964272790666e-01,1.361348800821065297e-01,3.484556733293374398e-02,1.949492536010696275e-01,5.274950741438181323e-01,4.804579302176149591e-01,7.362009723628835101e-01,4.067086407495547618e-01,4.323601661651400030e-01,3.196551553349121777e-01,4.491850906009377531e-01,6.048829949122905836e-01,6.544189103362889615e-01,3.547980385993406149e-01,3.184108325031755338e-01,5.319475847960887238e-01,4.318858255129613410e-01,4.099538744625064179e-01,4.635297465973312048e-01,4.894414938226142597e-01,6.595536704209331580e-01
3.552705068771074282e-01,3.290483411001551284e-01,1.000000000000000000e+00,-5.945205268996493070e-02,5.864525376442728533e-01,4.549842877657194196e-01,-3.694426163056874907e-02,-9.030627963406830938e-01,5.316332809815846883e-01,1.290603541369451657e-01,2.015371823800316819e-01,4.195810659695848877e-01,1.108306221611654319e-01,6.137634054802978412e-01,3.340348961023673069e-01,7.213206504060488966e-02,1.460049302793309800e-01,-2.494619631394877080e-01,-5.003920989140550057e-01,-7.068344084728296617e-02,3.366063563449418483e-01,1.124424600454262957e-01,4.574770632498901257e-01,3.605927151949764320e-01,4.679064397959356025e-01,8.303721444093374593e-02,-8.522870641248385393e-02,2.974152303557068278e-01,5.170325781408845883e-02,3.511457546694283782e-01,2.047733567991025794e-01,-7.049578999267910873e-02,6.300667153554835309e-01,6.365701411233272156e-01,3.779220698717955518e-02,1.639108133734872574e-01,1.357930220229019713e-01,3.608773259919602072e-01,4.649081179232996686e-01
7.261998279413438284e-02,8.009611061989381497e-02,-5.945205268996493070e-02,1.000000000000000000e+00,2.318540781816274751e-02,8.371420822934420858e-02,7.868264657208648427e-02,8.686009685019074889e-02,1.126939346617708004e-01,1.152305828088386885e-01,4.774853559200544634e-02,6.472272699462176815e-02,1.351048618362630516e-01,7.050413315741896336e-02,-1.242926171781958827e-01,1.331134698059010246e-01,7.177202026822047942e-02,1.928060049454468350e-01,5.495668502549240497e-02,2.306974925823773032e-02,-3.392555119856253184e-03,1.266299440178364488e-01,2.119857715226178621e-02,7.733058692383283639e-02,6.219422477450855385e-02,8.620332510295168615e-02,1.566741153223189242e-01,-1.220192005735848233e-02,9.181331969736011844e-02,7.885073540624761013e-02,6.698879106244214066e-02,1.134623424709001044e-01,7.269925027307660992e-02,5.068945971608195683e-02,7.730733050700600018e-02,3.882874018219625856e-02,7.691504233029305970e-03,6.995712603617643133e-02,1.154597037154253131e-01
5.238439690796580228e-01,5.110251857503450568e-01,5.864525376442728533e-01,2.318540781816274751e-02,1.000000000000000000e+00,4.878929911583494983e-01,-9.205964309836997539e-02,-6.050915415931946706e-01,7.264676509632187473e-01,5.287920231184499720e-01,4.503643698172177245e-01,4.528077257303970149e-01,-1.690651735859988458e-01,7.442206181630331985e-01,2.302349769914815991e-01,4.534569830943708801e-01,4.336076684247331947e-01,-3.011724946228129252e-01,-6.425604551709590551e-01,-7.853062451146021472e-02,6.101618202589347700e-02,3.259791347007603979e-02,5.462692134861278914e-01,5.412132008303647268e-01,5.553067300473525369e-01,5.243291033777843779e-01,3.525389024604950738e-01,3.037077425991637214e-01,3.763838306302529912e-01,6.978165694972593425e-01,5.542332997961859631e-01,2.978550996339018320e-01,5.416165644773170973e-01,7.682032679433586919e-01,3.927839442279157933e-01,5.149657536841004690e-01,4.673716336988828490e-01,4.615487545095512956e-01,4.877552274670462484e-01
4.762511352956151356e-01,5.057180319777745403e-01,4.549842877657194196e-01,8.371420822934420858e-02,4.878929911583494983e-01,1.000000000000000000e+00,1.561720266825844250e-01,-4.396791517778333436e-01,6.032920234017904448e-01,3.769645307499455145e-01,5.670926899809112243e-01,3.272632560154909442e-01,5.890906160895457988e-02,6.488455216774294820e-01,2.507613397142782197e-01,3.060317445097637257e-01,3.973733293998555904e-01,1.336451416760253696e-01,-3.044764429316255128e-01,1.537943601940686411e-01,2.702466582080840229e-01,2.495444378501821825e-01,4.518491556419806932e-01,4.355700350826285927e-01,5.869050085944422790e-01,3.080009862176005253e-01,2.737418393436037434e-01,4.647655249050177684e-01,4.279568638833877725e-01,5.715318612261800491e-01,5.077921240877806275e-01,3.273948215692250030e-01,5.201296881824141183e-01,5.380004656335487523e-01,3.894519203376808902e-01,3.441421760820551623e-01,5.238734172555892243e-01,4.152478675186794810e-01,5.375729396143661409e-01
7.105292087993041183e-02,-1.852798253622404273e-02,-3.694426163056874907e-02,7.868264657208648427e-02,-9.205964309836997539e-02,1.561720266825844250e-01,1.000000000000000000e+00,4.167232934785819465e-02,5.399091323018660044e-02,-6.968299556004949047e-02,5.612541841246384416e-02,-9.633443478756459344e-02,2.031232172394601965e-01,-5.380084469101046457e-03,8.194924366275883887e-02,-3.501837465287750001e-02,2.529785558730112197e-02,2.247006212251216883e-01,1.235483376357737195e-01,1.002366543688931882e-01,-7.257375334775763298e-02,1.145396241652657937e-01,-4.032023844884764091e-02,-2.508846334627133981e-02,-7.839526321647187490e-03,-8.011230980895554799e-02,-6.699146561243063402e-02,1.272496697397406118e-01,2.829199541661438569e-02,-1.038708866194612036e-02,-6.761854205305811716e-02,-1.430507981213909909e-02,7.562538775780271172e-02,-5.985820467638522727e-03,-3.808408609694279023e-02,-6.974489617870935354e-02,-1.061397550525634316e-02,8.426913784648709660e-02,1.083228084444461670e-01
-3.597189908595699315e-01,-3.485955096680460330e-01,-9.030627963406830938e-01,8.686009685019074889e-02,-6.050915415931946706e-01,-4.396791517778333436e-01,4.167232934785819465e-02,1.000000000000000000e+00,-5.289916052074384867e-01,-1.580784678393042098e-01,-2.095172864562275805e-01,-4.142747303256515412e-01,-1.298829028202674041e-01,-6.252736407476352509e-01,-3.103784668843939665e-01,-8.994153579379915442e-02,-1.448317993579114893e-01,2.776193188112572319e-01,5.532325370195617653e-01,6.795237082390212513e-02,-2.812975629229235164e-01,-7.593663411548073894e-02,-4.436745430960595260e-01,-3.849529604701105168e-01,-4.691662600617105827e-01,-1.050070575773649623e-01,6.601427028080181225e-02,-3.330515278400909551e-01,-8.890712046830315241e-02,-3.410759392300425352e-01,-1.960137944818116096e-01,4.304070351612006989e-02,-6.457738307380235243e-01,-6.511535291347013699e-01,-5.839930130326999314e-02,-1.573078744628975401e-01,-1.549773089109319768e-01,-3.557143737608605139e-01,-4.573419575555005001e-01
6.863210961656823761e-01,6.593704953564517579e-01,5.316332809815846883e-01,1.126939346617708004e-01,7.264676509632187473e-01,6.032920234017904448e-01,5.399091323018660044e-02,-5.289916052074384867e-01,1.000000000000000000e+00,6.354054670408441075e-01,5.579067603855440982e-01,5.298051893308156624e-01,1.710037126248087694e-02,8.004448774460291016e-01,3.997582342479427120e-01,5.504128445674175696e-01,5.230590949467418538e-01,-3.894271639615852487e-02,-6.191596130105313511e-01,3.414064706879435529e-02,6.109282944151307043e-02,2.231109735960657148e-01,6.253019142164920607e-01,6.289546496579452306e-01,7.170766613435689552e-01,4.491147429947043856e-01,3.652220544947307745e-01,4.849070007140101612e-01,4.054675445348182583e-01,7.432508577165675145e-01,6.198695412260779580e-01,3.555142730511795524e-01,6.079123496135628857e-01,8.014205319124793059e-01,3.536988116852949338e-01,4.209518598651700860e-01,4.411729891508582857e-01,6.816157105632451030e-01,7.619322308918782261e-01
6.767213076303549846e-01,5.914019105534790155e-01,1.290603541369451657e-01,1.152305828088386885e-01,5.287920231184499720e-01,3.769645307499455145e-01,-6.968299556004949047e-02,-1.580784678393042098e-01,6.354054670408441075e-01,1.000000000000000000e+00,5.530837468150708869e-01,5.425812540387728866e-01,-1.134516102118523218e-01,5.639405459076750615e-01,3.495160183803081577e-01,8.802337913203929221e-01,7.187693391116667385e-01,1.158054322324502394e-01,-3.388481188089677576e-01,2.175149183245094209e-01,-2.864500214431501407e-02,2.546463716116660336e-01,5.876986399040731168e-01,6.638049564135215519e-01,6.050160519227871792e-01,7.111085282701974375e-01,7.030225920915600391e-01,4.071121015017237221e-01,6.432817162887402018e-01,7.638507634758830989e-01,6.670709329010028332e-01,7.131808446712889493e-01,1.966311654842703149e-01,5.172446148522596987e-01,6.271348435656616260e-01,6.482357905930733466e-01,6.058733287084215879e-01,6.195221090626866767e-01,5.458448242368649783e-01
5.668951628141777332e-01,6.238438079968201544e-01,2.015371823800316819e-01,4.774853559200544634e-02,4.503643698172177245e-01,5.670926899809112243e-01,5.612541841246384416e-02,-2.095172864562275805e-01,5.579067603855440982e-01,5.530837468150708869e-01,1.000000000000000000e+00,3.714802601306583241e-01,-8.418953012904788202e-02,6.060215795586734178e-01,3.273783571728757225e-01,5.449289973461867165e-01,6.462162319376129060e-01,1.022071285226612697e-01,-2.407725983144590187e-01,1.479815126522457946e-01,1.070293075096461904e-01,2.423637910553306241e-01,5.353628572837619837e-01,5.342373874786897625e-01,6.379311023856932827e-01,5.415676847781516479e-01,5.604970676332843293e-01,3.535061922123480804e-01,6.661660672069918965e-01,6.187555524834563725e-01,6.906175811654063912e-01,5.998945830819669700e-01,3.944702162612169771e-01,4.927819141452243756e-01,5.521474759558336887e-01,4.922106849356321367e-01,6.493299721831892191e-01,4.184487427274667937e-01,3.766657366732089618e-01
5.931961246730894644e-01,3.864609852868774453e-01,4.195810659695848877e-01,6.472272699462176815e-02,4.528077257303970149e-01,3.272632560154909442e-01,-9.633443478756459344e-02,-4.142747303256515412e-01,5.298051893308156624e-01,5.425812540387728866e-01,3.714802601306583241e-01,1.000000000000000000e+00,2.042878575885077597e-01,5.523195400499522068e-01,4.859128466644284106e-01,5.443246425680740019e-01,4.595125433579155261e-01,5.777659038967492000e-02,-4.547220906608377966e-01,2.369275691701680786e-01,2.796557796657231365e-01,3.653387369287610098e-01,4.650873533907906032e-01,5.904607517024159646e-01,5.558980692469961404e-01,4.668178777544261249e-01,3.796340980187431491e-01,5.654927578669159960e-01,4.574343695943678401e-01,4.499993955400598544e-01,3.955627135678167483e-01,4.381288306199186966e-01,4.609152685017207096e-01,6.145021772340113486e-01,2.727747510983555834e-01,2.413650747007083652e-01,3.046263689734089453e-01,5.777977461793976088e-01,5.285503632285496467e-01
1.394227919714675634e-01,-1.528332070921054886e-01,1.108306221611654319e-01,1.351048618362630516e-01,-1.690651735859988458e-01,5.890906160895457988e-02,2.031232172394601965e-01,-1.298829028202674041e-01,1.710037126248087694e-02,-1.134516102118523218e-01,-8.418953012904788202e-02,2.042878575885077597e-01,1.000000000000000000e+00,4.410531969966454552e-02,2.937888302115714279e-01,-3.960226872586840308e-02,1.437162346345460980e-02,2.893672964593214658e-01,2.520015702186125320e-02,1.167319961986362370e-01,2.481782759818898509e-01,2.909107894342564116e-01,-2.705412952457097314e-02,7.310643699120729366e-02,3.787120693897869875e-03,-1.303394891329979211e-01,-1.874163004508103414e-01,3.803371523196302229e-01,-3.432396694003411481e-03,-1.628698299016920481e-01,-3.421122652320139901e-01,-1.647118664520768119e-02,2.916542294934623136e-01,6.663625368765714596e-02,-1.971771611422969972e-01,-2.685658020654664302e-01,-1.475864971621718980e-01,2.268462450923895979e-01,1.716951470434079086e-01
6.297256192918438966e-01,5.523287409923075542e-01,6.137634054802978412e-01,7.050413315741896336e-02,7.442206181630331985e-01,6.488455216774294820e-01,-5.380084469101046457e-03,-6.252736407476352509e-01,8.004448774460291016e-01,5.639405459076750615e-01,6.060215795586734178e-01,5.523195400499522068e-01,4.410531969966454552e-02,1.000000000000000000e+00,3.616590306245942577e-01,5.137594375251625101e-01,4.860527049239488084e-01,-1.080171941876364450e-01,-5.764495165345324690e-01,2.154259285796504900e-02,1.868388886142580418e-01,2.004272338036266754e-01,6.753343643250854234e-01,7.151842365435064908e-01,7.261752734569213441e-01,4.806800955235068229e-01,3.802043013708076291e-01,4.699443666673511766e-01,4.796001361115163619e-01,7.226497899959866134e-01,5.940909695974955218e-01,4.412224407013410898e-01,6.768700492880945774e-01,7.824065099982902005e-01,4.389495315183941648e-01,5.121932920946837831e-01,5.491837343047542008e-01,5.898486928625809034e-01,5.815538559951288766e-01
5.657775337254081771e-01,3.201254705664797751e-01,3.340348961023673069e-01,-1.242926171781958827e-01,2.302349769914815991e-01,2.507613397142782197e-01,8.194924366275883887e-02,-3.103784668843939665e-01,3.997582342479427120e-01,3.495160183803081577e-01,3.273783571728757225e-01,4.859128466644284106e-01,2.937888302115714279e-01,3.616590306245942577e-01,1.000000000000000000e+00,4.165784609891221568e-01,4.328218191132755521e-01,3.975882516285772494e-02,-2.020148010440826203e-01,3.087014862081572386e-01,2.612056881205950254e-01,3.149816031055018839e-01,4.257814136721556064e-01,3.347786200635016751e-01,5.168024902058901970e-01,3.245083288174716030e-01,3.005180657620143969e-01,5.133580089947179514e-01,3.169045790824058795e-01,2.713709980907865194e-01,3.689514567169442372e-01,2.877335890620439929e-01,3.794281536204939242e-01,4.724992389935934733e-01,1.640327995812676798e-01,1.849057420926743522e-01,1.916925709273565315e-01,6.393271741610812020e-01,5.251241688473142766e-01
7.336744725281474366e-01,5.214576456528919879e-01,7.213206504060488966e-02,1.331134698059010246e-01,4.534569830943708801e-01,3.060317445097637257e-01,-3.501837465287750001e-02,-8.994153579379915442e-02,5.504128445674175696e-01,8.802337913203929221e-01,5.449289973461867165e-01,5.443246425680740019e-01,-3.960226872586840308e-02,5.137594375251625101e-01,4.165784609891221568e-01,1.000000000000000000e+00,7.667060525551515626e-01,1.611956232303574654e-01,-2.420230241888228773e-01,2.652351905084706085e-01,-3.320527404220592962e-03,3.207600774894922013e-01,6.128094586281984668e-01,6.590664309875059468e-01,5.966762900473803199e-01,7.702457421353103850e-01,7.364689440858854796e-01,4.673086869242324415e-01,6.957927173502206353e-01,7.123086517269846540e-01,6.405937503053769078e-01,7.677803148715465209e-01,2.360591825081796713e-01,4.764365510355557110e-01,6.293073812376926979e-01,6.257585978735628052e-01,5.865347386982453504e-01,6.699045814751306560e-01,5.029537364669587340e-01
7.008375722881677872e-01,5.131355904830569026e-01,1.460049302793309800e-01,7.177202026822047942e-02,4.336076684247331947e-01,3.973733293998555904e-01,2.529785558730112197e-02,-1.448317993579114893e-01,5.230590949467418538e-01,7.187693391116667385e-01,6.462162319376129060e-01,4.595125433579155261e-01,1.437162346345460980e-02,4.860527049239488084e-01,4.328218191132755521e-01,7.667060525551515626e-01,1.000000000000000000e+00,2.120708277437721445e-01,-1.883702556671625894e-01,2.593701642120251338e-01,5.930434628262202384e-02,3.045212494224814881e-01,5.236674455884691159e-01,5.496263844805530097e-01,6.094223647808502120e-01,7.279926147745060527e-01,7.036360650093879121e-01,4.584452025709747081e-01,7.226712370351419112e-01,6.186569550574321230e-01,6.000760100284173726e-01,7.119050580807517736e-01,2.352596856028325301e-01,4.510047332931070851e-01,5.775693249636320026e-01,5.196270133079083919e-01,5.819247668863535283e-01,6.202787291927651658e-01,4.856005006022958148e-01
9.079577345413022971e-02,6.386666440679752976e-02,-2.494619631394877080e-01,1.928060049454468350e-01,-3.011724946228129252e-01,1.336451416760253696e-01,2.247006212251216883e-01,2.776193188112572319e-01,-3.894271639615852487e-02,1.158054322324502394e-01,1.022071285226612697e-01,5.777659038967492000e-02,2.893672964593214658e-01,-1.080171941876364450e-01,3.975882516285772494e-02,1.611956232303574654e-01,2.120708277437721445e-01,1.000000000000000000e+00,3.929322516679653599e-01,2.502470976018085214e-01,1.158640971333647213e-01,1.878998242825845599e-01,-1.823230774158758893e-01,1.317187289884375924e-02,4.681649998762222459e-02,4.461074998024295440e-02,1.318014147974076733e-01,2.630880583686980301e-01,2.758705652821517029e-01,-4.723822194906305422e-02,2.822350204955033706e-02,2.727947157613365703e-01,-7.493666588410952123e-02,-2.457507512225597379e-01,6.337351970081757380e-02,-1.172847107962351337e-01,6.995517266339978946e-02,5.010367944450408451e-02,1.672748016689242778e-01
-3.596476719384995024e-01,-3.859925964272790666e-01,-5.003920989140550057e-01,5.495668502549240497e-02,-6.425604551709590551e-01,-3.044764429316255128e-01,1.235483376357737195e-01,5.532325370195617653e-01,-6.191596130105313511e-01,-3.388481188089677576e-01,-2.407725983144590187e-01,-4.547220906608377966e-01,2.520015702186125320e-02,-5.764495165345324690e-01,-2.020148010440826203e-01,-2.420230241888228773e-01,-1.883702556671625894e-01,3.929322516679653599e-01,1.000000000000000000e+00,1.241858116013899033e-01,1.745278202145098337e-02,-7.208024031723139768e-02,-3.922137234412989004e-01,-4.507773695844921602e-01,-4.560486338013193808e-01,-1.966288406339656014e-01,-5.791749141943727114e-02,-2.406998946480735091e-01,-1.121711457703014891e-01,-4.331847222822549637e-01,-2.666896898886076950e-01,-9.867127182205349609e-03,-4.349482658492208054e-01,-7.316565785351052398e-01,-7.018122346429722658e-02,-1.362329743911467050e-01,-1.156709637193372026e-01,-3.539459918588691578e-01,-4.959128095925645630e-01
2.220051255348998442e-01,1.361348800821065297e-01,-7.068344084728296617e-02,2.306974925823773032e-02,-7.853062451146021472e-02,1.537943601940686411e-01,1.002366543688931882e-01,6.795237082390212513e-02,3.414064706879435529e-02,2.175149183245094209e-01,1.479815126522457946e-01,2.369275691701680786e-01,1.167319961986362370e-01,2.154259285796504900e-02,3.087014862081572386e-01,2.652351905084706085e-01,2.593701642120251338e-01,2.502470976018085214e-01,1.241858116013899033e-01,1.000000000000000000e+00,1.652749275708008114e-01,2.761153172369189002e-01,4.586997155688137678e-02,1.337722842189267847e-01,1.448355557985374353e-01,1.205192572399665374e-01,2.314135824910573402e-01,2.401960892256345403e-01,2.205949033244657409e-01,6.566367339037680606e-02,7.513509103489764140e-02,2.528085940314286351e-01,3.142048088607831552e-02,-1.344670988722891994e-02,1.690845401190380348e-01,1.393282139345972462e-02,1.594643796762685029e-01,2.126808367144385759e-01,1.965390439626832075e-01
2.037219563506274533e-01,3.484556733293374398e-02,3.366063563449418483e-01,-3.392555119856253184e-03,6.101618202589347700e-02,2.702466582080840229e-01,-7.257375334775763298e-02,-2.812975629229235164e-01,6.109282944151307043e-02,-2.864500214431501407e-02,1.070293075096461904e-01,2.796557796657231365e-01,2.481782759818898509e-01,1.868388886142580418e-01,2.612056881205950254e-01,-3.320527404220592962e-03,5.930434628262202384e-02,1.158640971333647213e-01,1.745278202145098337e-02,1.652749275708008114e-01,1.000000000000000000e+00,3.371551878781325340e-01,1.390255330406537648e-01,8.564536947447562443e-02,1.946636021197288569e-01,5.558572434874985840e-02,-5.710400969303172473e-03,2.876639344322731717e-01,1.864426254483496082e-01,1.818209846757504883e-02,3.376940699406921764e-02,5.945515975586174173e-02,3.407980207563860997e-01,1.689608832950625639e-01,5.331300817146126386e-02,-4.173195430090582969e-02,1.093539153377550976e-01,1.594630616145636115e-01,1.277654569040271026e-01
3.769301582709998488e-01,1.949492536010696275e-01,1.124424600454262957e-01,1.266299440178364488e-01,3.259791347007603979e-02,2.495444378501821825e-01,1.145396241652657937e-01,-7.593663411548073894e-02,2.231109735960657148e-01,2.546463716116660336e-01,2.423637910553306241e-01,3.653387369287610098e-01,2.909107894342564116e-01,2.004272338036266754e-01,3.149816031055018839e-01,3.207600774894922013e-01,3.045212494224814881e-01,1.878998242825845599e-01,-7.208024031723139768e-02,2.761153172369189002e-01,3.371551878781325340e-01,1.000000000000000000e+00,2.891349780028932281e-01,2.438362553662245247e-01,3.677954542999471998e-01,1.970289081205507387e-01,1.763228066334984190e-01,4.304249866337240271e-01,2.860798076740948548e-01,1.827062573040670324e-01,1.743204965358831071e-01,2.771676410798440404e-01,3.224543290586883715e-01,2.741682682612001098e-01,1.068777269292303655e-01,9.315351314131792293e-02,1.424126079657206390e-01,4.094820822969814644e-01,3.461211810550330892e-01
7.284846268686386850e-01,5.274950741438181323e-01,4.574770632498901257e-01,2.119857715226178621e-02,5.462692134861278914e-01,4.518491556419806932e-01,-4.032023844884764091e-02,-4.436745430960595260e-01,6.253019142164920607e-01,5.876986399040731168e-01,5.353628572837619837e-01,4.650873533907906032e-01,-2.705412952457097314e-02,6.753343643250854234e-01,4.257814136721556064e-01,6.128094586281984668e-01,5.236674455884691159e-01,-1.823230774158758893e-01,-3.922137234412989004e-01,4.586997155688137678e-02,1.390255330406537648e-01,2.891349780028932281e-01,1.000000000000000000e+00,6.448137198886938481e-01,7.685788099416339669e-01,6.127041845362177774e-01,5.249081154940141714e-01,4.365624564833029408e-01,4.891655483839483232e-01,6.890854235872976297e-01,6.471595882318705861e-01,5.102287468351416333e-01,5.345700915626356853e-01,6.269639501699701967e-01,6.023414656943437695e-01,6.263457391365020444e-01,5.976035394499954467e-01,6.778557359430145146e-01,5.310670965897791307e-01
6.238145729876571899e-01,4.804579302176149591e-01,3.605927151949764320e-01,7.733058692383283639e-02,5.412132008303647268e-01,4.355700350826285927e-01,-2.508846334627133981e-02,-3.849529604701105168e-01,6.289546496579452306e-01,6.638049564135215519e-01,5.342373874786897625e-01,5.904607517024159646e-01,7.310643699120729366e-02,7.151842365435064908e-01,3.347786200635016751e-01,6.590664309875059468e-01,5.496263844805530097e-01,1.317187289884375924e-02,-4.507773695844921602e-01,1.337722842189267847e-01,8.564536947447562443e-02,2.438362553662245247e-01,6.448137198886938481e-01,1.000000000000000000e+00,6.739227479101329576e-01,5.050297569484941684e-01,4.621995911183321981e-01,5.184200957917701746e-01,5.442453017987921582e-01,6.756103876843371214e-01,5.114179379763510447e-01,5.565802827534369612e-01,5.199932986194016893e-01,6.009108751436292861e-01,5.074134819199920265e-01,4.454507110756525945e-01,5.734354511769707008e-01,5.468130016195081877e-01,4.895325951879770932e-01
7.615379799438973807e-01,7.362009723628835101e-01,4.679064397959356025e-01,6.219422477450855385e-02,5.553067300473525369e-01,5.869050085944422790e-01,-7.839526321647187490e-03,-4.691662600617105827e-01,7.170766613435689552e-01,6.050160519227871792e-01,6.379311023856932827e-01,5.558980692469961404e-01,3.787120693897869875e-03,7.261752734569213441e-01,5.168024902058901970e-01,5.966762900473803199e-01,6.094223647808502120e-01,4.681649998762222459e-02,-4.560486338013193808e-01,1.448355557985374353e-01,1.946636021197288569e-01,3.677954542999471998e-01,7.685788099416339669e-01,6.739227479101329576e-01,1.000000000000000000e+00,5.455549541280405590e-01,5.221764638125712121e-01,5.649382003392353635e-01,5.647537862809253184e-01,6.487281828180574417e-01,7.074362466447474684e-01,4.937431936726252024e-01,5.617998557929532177e-01,6.953154203294730218e-01,4.957858060125751587e-01,4.587439634947347855e-01,5.526628113800280406e-01,6.954066566942388450e-01,7.203996062590217742e-01
6.956180364647948089e-01,4.067086407495547618e-01,8.303721444093374593e-02,8.620332510295168615e-02,5.243291033777843779e-01,3.080009862176005253e-01,-8.011230980895554799e-02,-1.050070575773649623e-01,4.491147429947043856e-01,7.111085282701974375e-01,5.415676847781516479e-01,4.668178777544261249e-01,-1.303394891329979211e-01,4.806800955235068229e-01,3.245083288174716030e-01,7.702457421353103850e-01,7.279926147745060527e-01,4.461074998024295440e-02,-1.966288406339656014e-01,1.205192572399665374e-01,5.558572434874985840e-02,1.970289081205507387e-01,6.127041845362177774e-01,5.050297569484941684e-01,5.455549541280405590e-01,1.000000000000000000e+00,8.423629214417044375e-01,4.438114038866152189e-01,7.583557942604625124e-01,6.538009847652870299e-01,6.820884242995149949e-01,7.580020621892964439e-01,2.758798014487103822e-01,4.513586002593292235e-01,7.149229747173182492e-01,6.586789320868499109e-01,6.446062823230063188e-01,6.082735965027002978e-01,3.453853189926602285e-01
5.802122134378613350e-01,4.323601661651400030e-01,-8.522870641248385393e-02,1.566741153223189242e-01,3.525389024604950738e-01,2.737418393436037434e-01,-6.699146561243063402e-02,6.601427028080181225e-02,3.652220544947307745e-01,7.030225920915600391e-01,5.604970676332843293e-01,3.796340980187431491e-01,-1.874163004508103414e-01,3.802043013708076291e-01,3.005180657620143969e-01,7.364689440858854796e-01,7.036360650093879121e-01,1.318014147974076733e-01,-5.791749141943727114e-02,2.314135824910573402e-01,-5.710400969303172473e-03,1.763228066334984190e-01,5.249081154940141714e-01,4.621995911183321981e-01,5.221764638125712121e-01,8.423629214417044375e-01,1.000000000000000000e+00,3.489232023341514166e-01,7.286907175376821089e-01,6.084399677081396840e-01,7.022939843558105855e-01,7.812539637366928691e-01,1.177621366395623925e-01,2.910098164447788016e-01,7.222329941170444467e-01,6.620861431759563764e-01,6.067314836011278301e-01,5.123637684244342072e-01,2.864543063949600565e-01
6.553517028757089857e-01,3.196551553349121777e-01,2.974152303557068278e-01,-1.220192005735848233e-02,3.037077425991637214e-01,4.647655249050177684e-01,1.272496697397406118e-01,-3.330515278400909551e-01,4.849070007140101612e-01,4.071121015017237221e-01,3.535061922123480804e-01,5.654927578669159960e-01,3.803371523196302229e-01,4.699443666673511766e-01,5.133580089947179514e-01,4.673086869242324415e-01,4.584452025709747081e-01,2.630880583686980301e-01,-2.406998946480735091e-01,2.401960892256345403e-01,2.876639344322731717e-01,4.304249866337240271e-01,4.365624564833029408e-01,5.184200957917701746e-01,5.649382003392353635e-01,4.438114038866152189e-01,3.489232023341514166e-01,1.000000000000000000e+00,5.631825589676644483e-01,3.840135102518670851e-01,4.055894844169449232e-01,4.719229484585798495e-01,6.357343086079687566e-01,5.567669861802048148e-01,3.059523721954240938e-01,1.273396398362602600e-01,3.691836184131616072e-01,6.709453972168746283e-01,5.941448352954747936e-01
6.092865887781163670e-01,4.491850906009377531e-01,5.170325781408845883e-02,9.181331969736011844e-02,3.763838306302529912e-01,4.279568638833877725e-01,2.829199541661438569e-02,-8.890712046830315241e-02,4.054675445348182583e-01,6.432817162887402018e-01,6.661660672069918965e-01,4.574343695943678401e-01,-3.432396694003411481e-03,4.796001361115163619e-01,3.169045790824058795e-01,6.957927173502206353e-01,7.226712370351419112e-01,2.758705652821517029e-01,-1.121711457703014891e-01,2.205949033244657409e-01,1.864426254483496082e-01,2.860798076740948548e-01,4.891655483839483232e-01,5.442453017987921582e-01,5.647537862809253184e-01,7.583557942604625124e-01,7.286907175376821089e-01,5.631825589676644483e-01,1.000000000000000000e+00,5.796010827416074873e-01,6.429488670654766036e-01,8.441512181396393366e-01,3.518934233078757079e-01,3.996210663166835375e-01,7.335839888114963347e-01,5.155866466146515892e-01,7.537082435577818762e-01,4.689122011461177575e-01,3.308833307731665618e-01
6.354491816548335503e-01,6.048829949122905836e-01,3.511457546694283782e-01,7.885073540624761013e-02,6.978165694972593425e-01,5.715318612261800491e-01,-1.038708866194612036e-02,-3.410759392300425352e-01,7.432508577165675145e-01,7.638507634758830989e-01,6.187555524834563725e-01,4.499993955400598544e-01,-1.628698299016920481e-01,7.226497899959866134e-01,2.713709980907865194e-01,7.123086517269846540e-01,6.186569550574321230e-01,-4.723822194906305422e-02,-4.331847222822549637e-01,6.566367339037680606e-02,1.818209846757504883e-02,1.827062573040670324e-01,6.890854235872976297e-01,6.756103876843371214e-01,6.487281828180574417e-01,6.538009847652870299e-01,6.084399677081396840e-01,3.840135102518670851e-01,5.796010827416074873e-01,1.000000000000000000e+00,7.033561236098997416e-01,5.897741697307656850e-01,4.293460003913150413e-01,6.403654271137150245e-01,6.385107426712748335e-01,7.366418588691728830e-01,6.781686319476424307e-01,5.641879707661950905e-01,5.037268179924545564e-01
6.443266057159048321e-01,6.544189103362889615e-01,2.047733567991025794e-01,6.698879106244214066e-02,5.542332997961859631e-01,5.077921240877806275e-01,-6.761854205305811716e-02,-1.960137944818116096e-01,6.198695412260779580e-01,6.670709329010028332e-01,6.906175811654063912e-01,3.955627135678167483e-01,-3.421122652320139901e-01,5.940909695974955218e-01,3.689514567169442372e-01,6.405937503053769078e-01,6.000760100284173726e-01,2.822350204955033706e-02,-2.666896898886076950e-01,7.513509103489764140e-02,3.376940699406921764e-02,1.743204965358831071e-01,6.471595882318705861e-01,5.114179379763510447e-01,7.074362466447474684e-01,6.820884242995149949e-01,7.022939843558105855e-01,4.055894844169449232e-01,6.429488670654766036e-01,7.033561236098997416e-01,1.000000000000000000e+00,6.398052309245775282e-01,3.630560950785947094e-01,5.460286121221741285e-01,6.555965894524269366e-01,6.315128008216565059e-01,6.646732302356300748e-01,5.680240955766823197e-01,4.926610738664848888e-01
5.878551713743508378e-01,3.547980385993406149e-01,-7.049578999267910873e-02,1.134623424709001044e-01,2.978550996339018320e-01,3.273948215692250030e-01,-1.430507981213909909e-02,4.304070351612006989e-02,3.555142730511795524e-01,7.131808446712889493e-01,5.998945830819669700e-01,4.381288306199186966e-01,-1.647118664520768119e-02,4.412224407013410898e-01,2.877335890620439929e-01,7.677803148715465209e-01,7.119050580807517736e-01,2.727947157613365703e-01,-9.867127182205349609e-03,2.528085940314286351e-01,5.945515975586174173e-02,2.771676410798440404e-01,5.102287468351416333e-01,5.565802827534369612e-01,4.937431936726252024e-01,7.580020621892964439e-01,7.812539637366928691e-01,4.719229484585798495e-01,8.441512181396393366e-01,5.897741697307656850e-01,6.398052309245775282e-01,1.000000000000000000e+00,2.217341408850724005e-01,2.918112409535589258e-01,7.432896473446113372e-01,6.434193476792631206e-01,7.476501873799400455e-01,4.843521703413012358e-01,2.755902663145500808e-01
5.431482519795715058e-01,3.184108325031755338e-01,6.300667153554835309e-01,7.269925027307660992e-02,5.416165644773170973e-01,5.201296881824141183e-01,7.562538775780271172e-02,-6.457738307380235243e-01,6.079123496135628857e-01,1.966311654842703149e-01,3.944702162612169771e-01,4.609152685017207096e-01,2.916542294934623136e-01,6.768700492880945774e-01,3.794281536204939242e-01,2.360591825081796713e-01,2.352596856028325301e-01,-7.493666588410952123e-02,-4.349482658492208054e-01,3.142048088607831552e-02,3.407980207563860997e-01,3.224543290586883715e-01,5.345700915626356853e-01,5.199932986194016893e-01,5.617998557929532177e-01,2.758798014487103822e-01,1.177621366395623925e-01,6.357343086079687566e-01,3.518934233078757079e-01,4.293460003913150413e-01,3.630560950785947094e-01,2.217341408850724005e-01,1.000000000000000000e+00,6.810696073406756756e-01,2.201632890382057839e-01,1.959398140452491832e-01,3.466905472908058394e-01,5.349393037953068530e-01,4.907901011405486624e-01
6.420467119408040935e-01,5.319475847960887238e-01,6.365701411233272156e-01,5.068945971608195683e-02,7.682032679433586919e-01,5.380004656335487523e-01,-5.985820467638522727e-03,-6.511535291347013699e-01,8.014205319124793059e-01,5.172446148522596987e-01,4.927819141452243756e-01,6.145021772340113486e-01,6.663625368765714596e-02,7.824065099982902005e-01,4.724992389935934733e-01,4.764365510355557110e-01,4.510047332931070851e-01,-2.457507512225597379e-01,-7.316565785351052398e-01,-1.344670988722891994e-02,1.689608832950625639e-01,2.741682682612001098e-01,6.269639501699701967e-01,6.009108751436292861e-01,6.953154203294730218e-01,4.513586002593292235e-01,2.910098164447788016e-01,5.567669861802048148e-01,3.996210663166835375e-01,6.403654271137150245e-01,5.460286121221741285e-01,2.918112409535589258e-01,6.810696073406756756e-01,1.000000000000000000e+00,3.019057788296002354e-01,3.301460502411638909e-01,3.792982408769609570e-01,6.463809851693742559e-01,6.798912132363463812e-01
5.116254127945203400e-01,4.318858255129613410e-01,3.779220698717955518e-02,7.730733050700600018e-02,3.927839442279157933e-01,3.894519203376808902e-01,-3.808408609694279023e-02,-5.839930130326999314e-02,3.536988116852949338e-01,6.271348435656616260e-01,5.521474759558336887e-01,2.727747510983555834e-01,-1.971771611422969972e-01,4.389495315183941648e-01,1.640327995812676798e-01,6.293073812376926979e-01,5.775693249636320026e-01,6.337351970081757380e-02,-7.018122346429722658e-02,1.690845401190380348e-01,5.331300817146126386e-02,1.068777269292303655e-01,6.023414656943437695e-01,5.074134819199920265e-01,4.957858060125751587e-01,7.149229747173182492e-01,7.222329941170444467e-01,3.059523721954240938e-01,7.335839888114963347e-01,6.385107426712748335e-01,6.555965894524269366e-01,7.432896473446113372e-01,2.201632890382057839e-01,3.019057788296002354e-01,1.000000000000000000e+00,6.858347621808797978e-01,8.350923834014483127e-01,3.742324810192761975e-01,2.110320277584941395e-01
4.786999575377453020e-01,4.099538744625064179e-01,1.639108133734872574e-01,3.882874018219625856e-02,5.149657536841004690e-01,3.441421760820551623e-01,-6.974489617870935354e-02,-1.573078744628975401e-01,4.209518598651700860e-01,6.482357905930733466e-01,4.922106849356321367e-01,2.413650747007083652e-01,-2.685658020654664302e-01,5.121932920946837831e-01,1.849057420926743522e-01,6.257585978735628052e-01,5.196270133079083919e-01,-1.172847107962351337e-01,-1.362329743911467050e-01,1.393282139345972462e-02,-4.173195430090582969e-02,9.315351314131792293e-02,6.263457391365020444e-01,4.454507110756525945e-01,4.587439634947347855e-01,6.586789320868499109e-01,6.620861431759563764e-01,1.273396398362602600e-01,5.155866466146515892e-01,7.366418588691728830e-01,6.315128008216565059e-01,6.434193476792631206e-01,1.959398140452491832e-01,3.301460502411638909e-01,6.858347621808797978e-01,1.000000000000000000e+00,6.786785921893303541e-01,3.939217974048649373e-01,1.990475293009375257e-01
5.256522570417789808e-01,4.635297465973312048e-01,1.357930220229019713e-01,7.691504233029305970e-03,4.673716336988828490e-01,5.238734172555892243e-01,-1.061397550525634316e-02,-1.549773089109319768e-01,4.411729891508582857e-01,6.058733287084215879e-01,6.493299721831892191e-01,3.046263689734089453e-01,-1.475864971621718980e-01,5.491837343047542008e-01,1.916925709273565315e-01,5.865347386982453504e-01,5.819247668863535283e-01,6.995517266339978946e-02,-1.156709637193372026e-01,1.594643796762685029e-01,1.093539153377550976e-01,1.424126079657206390e-01,5.976035394499954467e-01,5.734354511769707008e-01,5.526628113800280406e-01,6.446062823230063188e-01,6.067314836011278301e-01,3.691836184131616072e-01,7.537082435577818762e-01,6.781686319476424307e-01,6.646732302356300748e-01,7.476501873799400455e-01,3.466905472908058394e-01,3.792982408769609570e-01,8.350923834014483127e-01,6.786785921893303541e-01,1.000000000000000000e+00,3.622157710252941754e-01,2.556447349133593727e-01
8.630687994405003005e-01,4.894414938226142597e-01,3.608773259919602072e-01,6.995712603617643133e-02,4.615487545095512956e-01,4.152478675186794810e-01,8.426913784648709660e-02,-3.557143737608605139e-01,6.816157105632451030e-01,6.195221090626866767e-01,4.184487427274667937e-01,5.777977461793976088e-01,2.268462450923895979e-01,5.898486928625809034e-01,6.393271741610812020e-01,6.699045814751306560e-01,6.202787291927651658e-01,5.010367944450408451e-02,-3.539459918588691578e-01,2.126808367144385759e-01,1.594630616145636115e-01,4.094820822969814644e-01,6.778557359430145146e-01,5.468130016195081877e-01,6.954066566942388450e-01,6.082735965027002978e-01,5.123637684244342072e-01,6.709453972168746283e-01,4.689122011461177575e-01,5.641879707661950905e-01,5.680240955766823197e-01,4.843521703413012358e-01,5.349393037953068530e-01,6.463809851693742559e-01,3.742324810192761975e-01,3.939217974048649373e-01,3.622157710252941754e-01,1.000000000000000000e+00,7.558190977577841085e-01
7.272508070957711679e-01,6.595536704209331580e-01,4.649081179232996686e-01,1.154597037154253131e-01,4.877552274670462484e-01,5.375729396143661409e-01,1.083228084444461670e-01,-4.573419575555005001e-01,7.619322308918782261e-01,5.458448242368649783e-01,3.766657366732089618e-01,5.285503632285496467e-01,1.716951470434079086e-01,5.815538559951288766e-01,5.251241688473142766e-01,5.029537364669587340e-01,4.856005006022958148e-01,1.672748016689242778e-01,-4.959128095925645630e-01,1.965390439626832075e-01,1.277654569040271026e-01,3.461211810550330892e-01,5.310670965897791307e-01,4.895325951879770932e-01,7.203996062590217742e-01,3.453853189926602285e-01,2.864543063949600565e-01,5.941448352954747936e-01,3.308833307731665618e-01,5.037268179924545564e-01,4.926610738664848888e-01,2.755902663145500808e-01,4.907901011405486624e-01,6.798912132363463812e-01,2.110320277584941395e-01,1.990475293009375257e-01,2.556447349133593727e-01,7.558190977577841085e-01,1.000000000000000000e+00
