1.000000000000000000e+00,8.145649472208965625e-01,5.398180878266313210e-01,2.690149825712091491e-01,3.766397456147984046e-01,5.756968633128790591e-01,3.840877053108723294e-01,-5.382994749505272125e-01,7.018381598447068770e-01,7.135425978424358995e-01,4.053788831926963820e-01,4.583462009490591460e-01,2.243765449163246106e-01,7.212526637955499753e-01,4.270184079550300993e-01,6.755042017712595825e-01,2.765976951152983032e-01,3.375100018532120605e-01,3.745808986044129041e-01,6.425882808640692723e-01,4.510090453138083655e-01,5.948220141047516618e-01,6.751064864546703070e-01,6.343098564018905261e-01,7.008670655487627688e-01,7.482961558834905214e-01,7.772819755731287250e-01,6.885936731463778715e-01,7.791517130843587102e-01,6.538897243882016985e-01,7.602219157576173281e-01,5.915965134867815500e-01,3.501835591779556833e-01,3.442277486519500496e-01,7.910806681121264061e-01,7.527841619394272099e-01,7.915672700321988442e-01,6.799453919900534382e-01,6.881971532594440832e-01
8.145649472208965625e-01,1.000000000000000000e+00,4.649709036836759957e-01,3.091978257792838969e-01,3.319076593378733064e-01,6.773098307841457499e-01,5.417513366914026296e-01,-4.548050076672144892e-01,7.084318291829944103e-01,6.272719698120278187e-01,5.939840859414364793e-01,4.669597001035202810e-01,1.842760267851385747e-01,7.382407928500652750e-01,5.480647356402672532e-01,6.479445915656586452e-01,4.555195102326612955e-01,3.413304855073516775e-01,3.019684995203959499e-01,5.943488266515126739e-01,3.529110398079883804e-01,4.928196337004807082e-01,6.447404544101275059e-01,6.135662082997097588e-01,6.667671585749728180e-01,7.819754780781419390e-01,7.084710842184945845e-01,7.191019561483342759e-01,7.782866069059440894e-01,6.623734999081497543e-01,7.131715045220198279e-01,5.590462634024295774e-01,3.001480268470259061e-01,3.741634764387405943e-01,8.133343790045723942e-01,6.731587698059500191e-01,8.149520630822507661e-01,5.590163948388524595e-01,6.582394779255802408e-01
5.398180878266313210e-01,4.649709036836759957e-01,1.000000000000000000e+00,1.332846291813937212e-01,8.120047628484055036e-01,4.732888749400512851e-01,2.935734914355278002e-01,-9.486194989321752313e-01,7.160654199018642307e-01,6.383747525955824065e-01,2.015613880392138069e-01,5.064271901954959798e-01,1.745307944250026888e-01,6.744495152022229600e-01,4.002665359714167592e-01,6.402958053444501862e-01,1.269516138965163243e-01,5.605311565749335756e-01,4.559853538150911989e-01,5.930829571494633523e-01,7.917624510895672207e-01,7.811993382074907677e-01,6.400089504369224080e-01,6.079446888634866264e-01,6.163221231661875077e-01,4.982485786227804914e-01,4.945875910647382634e-01,5.671635188504949854e-01,5.650587685415340289e-01,6.452595443264006470e-01,5.537233069023086429e-01,4.334883019984404617e-01,8.110925763067891037e-01,6.499073429925642520e-01,5.908637610669271734e-01,4.354834184686399712e-01,5.175487221781315261e-01,5.980003886212116315e-01,6.207295417922176206e-01
2.690149825712091491e-01,3.091978257792838969e-01,1.332846291813937212e-01,1.000000000000000000e+00,-2.374175017291910855e-02,2.816339205447743743e-01,3.610139249101381731e-01,-1.352707663004682204e-01,7.981266879588271024e-02,1.205008979692119842e-01,1.772940485677909281e-02,-1.910580573224364767e-02,-2.081987186025148484e-01,2.734498303467347013e-01,-3.152687014802520865e-02,1.838401187818639593e-01,-5.561921783810987174e-02,-2.285334159845252636e-02,-4.242860781208270156e-03,3.622143470082402339e-01,1.559511232630950150e-01,2.446140218624845153e-01,3.358965953606872223e-01,1.400069355750295230e-01,3.659897222050407795e-01,2.141976889181894661e-01,1.771612294346958938e-01,1.524848990570952523e-01,3.182162080618940458e-01,1.609631231592419942e-01,1.636506635912847174e-01,1.430438631308518227e-01,-1.966968186271450189e-02,-1.019347701520425392e-01,3.393948120074583019e-01,1.345512905389231739e-01,3.318379473600746032e-01,2.547341500194921435e-02,3.282139692396116026e-02
3.766397456147984046e-01,3.319076593378733064e-01,8.120047628484055036e-01,-2.374175017291910855e-02,1.000000000000000000e+00,3.913819796441260213e-01,2.305374632098020071e-01,-8.075167251266531787e-01,6.885542599225773497e-01,5.778070896408428192e-01,1.561510963680258490e-01,4.891587229921505742e-01,3.751870919616992484e-01,6.076164997912312238e-01,4.251556361140343965e-01,5.648849769708466084e-01,1.705965534630624614e-01,6.337784043775422926e-01,5.162959706177600028e-01,3.956192849355961161e-01,6.698919139487325980e-01,6.110063417189022239e-01,5.224217938120870874e-01,5.781216704776002135e-01,4.759241945659685724e-01,3.602838721719962001e-01,3.891415285042881811e-01,5.244832469343898573e-01,4.374767326024449621e-01,5.311855211096276896e-01,4.773569564464228976e-01,4.522189418192021360e-01,7.917638029923559362e-01,8.259315593203597761e-01,4.730390376471336755e-01,3.543814339984146522e-01,3.911872272666756523e-01,6.245769967390512045e-01,6.238856426043314363e-01
5.756968633128790591e-01,6.773098307841457499e-01,4.732888749400512851e-01,2.816339205447743743e-01,3.913819796441260213e-01,1.000000000000000000e+00,7.234595370623110311e-01,-4.642712953649123508e-01,7.325599627359588029e-01,6.493755067627809963e-01,6.869746345833314116e-01,6.749351358594415373e-01,7.644145959019997549e-02,8.111371491552376023e-01,7.141611243636442063e-01,5.897335379925006116e-01,4.605745865574631392e-01,4.101719850105631227e-01,4.192582922147204960e-01,6.755850551444488872e-01,4.136243580121277685e-01,6.535318416497546412e-01,7.240657046169026723e-01,6.831406866071247919e-01,7.387577608820636854e-01,6.618489012504102931e-01,6.151717319586191834e-01,6.739788815970272351e-01,7.566519883316087380e-01,7.001001292365218731e-01,6.298872414240613837e-01,6.708620150327039289e-01,2.704240378706469494e-01,3.868977458083017185e-01,7.946803497075263234e-01,5.177146913776706771e-01,7.441363699710230595e-01,6.154406941212250404e-01,6.456748653383759251e-01
3.840877053108723294e-01,5.417513366914026296e-01,2.935734914355278002e-01,3.610139249101381731e-01,2.305374632098020071e-01,7.234595370623110311e-01,1.000000000000000000e+00,-2.521894835525149703e-01,5.355793714673745542e-01,5.031372291894963267e-01,6.096004728740644918e-01,6.132014995784876854e-01,1.252212814789028204e-02,6.019026601679550170e-01,7.197630238132134428e-01,5.371843222132864915e-01,3.170760967771066863e-01,4.927484013849835476e-01,4.880064219360586431e-01,4.343676319731208380e-01,2.689617312391678894e-01,4.313152510559856156e-01,5.273081160509257570e-01,5.306920599927976712e-01,5.603438890097868219e-01,5.044290919059162270e-01,3.669244288455063008e-01,6.015342281682102277e-01,5.002952058291771920e-01,5.262556011634939024e-01,4.587144570783501796e-01,2.737372762337982324e-01,1.665460641026972888e-01,2.435742772189950223e-01,5.735686569748049690e-01,3.039499484366311455e-01,5.453031103467117502e-01,3.743451566480394122e-01,4.378600998457879423e-01
-5.382994749505272125e-01,-4.548050076672144892e-01,-9.486194989321752313e-01,-1.352707663004682204e-01,-8.075167251266531787e-01,-4.642712953649123508e-01,-2.521894835525149703e-01,1.000000000000000000e+00,-7.035950584564645283e-01,-6.313456046008539824e-01,-1.924106417518629819e-01,-4.764307215434244180e-01,-1.720468105452508667e-01,-6.673746977145648129e-01,-3.616258761159357737e-01,-6.110937379955789783e-01,-1.114386977971996290e-01,-5.259224160047187846e-01,-4.394144307200839594e-01,-6.025778800803036628e-01,-7.921194814486592906e-01,-7.722156463460876363e-01,-6.411705391030119161e-01,-5.965564672956098491e-01,-6.142670029174636115e-01,-4.767122942589345769e-01,-4.986866466972269540e-01,-5.352325497672018040e-01,-5.712164420411495191e-01,-6.298984698250704728e-01,-5.412305092459354094e-01,-4.659485929690222461e-01,-8.044784210738854524e-01,-6.314846711570148985e-01,-5.871177962842661913e-01,-4.617062781406039429e-01,-5.148499856052158874e-01,-5.946632428685291183e-01,-6.175500135195921558e-01
7.018381598447068770e-01,7.084318291829944103e-01,7.160654199018642307e-01,7.981266879588271024e-02,6.885542599225773497e-01,7.325599627359588029e-01,5.355793714673745542e-01,-7.035950584564645283e-01,1.000000000000000000e+00,7.841439252000057536e-01,5.322130664721852478e-01,7.448423145990251681e-01,2.100073971757790980e-01,8.622436929166201747e-01,7.014430196976744192e-01,7.205356566995262391e-01,3.777810429888220911e-01,5.911537471603164340e-01,5.523441596355856964e-01,6.015108981296627411e-01,5.161459784371323911e-01,6.785850299427327315e-01,7.577014893458965394e-01,7.901328314865123659e-01,7.511297122283860928e-01,6.998389899353739674e-01,7.045122526536938823e-01,7.196386169142982014e-01,7.572535084647833425e-01,7.772086832146020141e-01,7.549959709789931805e-01,6.318369037707697311e-01,5.247213123143545932e-01,6.686567044321678477e-01,7.925661686777274451e-01,5.678841205826028471e-01,7.419059385188985223e-01,7.788010209525055849e-01,8.457325665770265566e-01
7.135425978424358995e-01,6.272719698120278187e-01,6.383747525955824065e-01,1.205008979692119842e-01,5.778070896408428192e-01,6.493755067627809963e-01,5.031372291894963267e-01,-6.313456046008539824e-01,7.841439252000057536e-01,1.000000000000000000e+00,4.989877253223778952e-01,7.321054100789269325e-01,2.813360041035286585e-01,7.971054257607262938e-01,6.491402526036140763e-01,8.498923673146003832e-01,2.304694712314024618e-01,6.128408092358611503e-01,6.811438764658122036e-01,6.146669974113757595e-01,5.190438090433248108e-01,6.760028589267131904e-01,7.769844161334970023e-01,7.603351920111327544e-01,7.762925365647770359e-01,6.502260293680599545e-01,7.077954428636820117e-01,6.622157604232921102e-01,7.507161529232900810e-01,8.268807774416710998e-01,7.304368446264571935e-01,5.760091762947768812e-01,4.888228004112021297e-01,4.371859552601800036e-01,7.421308967596784711e-01,6.790071744666178466e-01,7.290289931064415363e-01,8.322464574671063486e-01,8.289957006441819320e-01
4.053788831926963820e-01,5.939840859414364793e-01,2.015613880392138069e-01,1.772940485677909281e-02,1.561510963680258490e-01,6.869746345833314116e-01,6.096004728740644918e-01,-1.924106417518629819e-01,5.322130664721852478e-01,4.989877253223778952e-01,1.000000000000000000e+00,6.120476088216663113e-01,1.573445280553477377e-02,5.757790328539487135e-01,7.238320364069033008e-01,4.884173245275023612e-01,6.955389664731700394e-01,2.971078691498371671e-01,2.996148444387869425e-01,4.661988527989224806e-01,1.292746018841517130e-01,3.227386580001244121e-01,4.796960882311122609e-01,4.915474968195062688e-01,5.170106176816238186e-01,6.193967705113411215e-01,4.957448711039884048e-01,5.935338233199107805e-01,5.877583287940441048e-01,6.031802601866170788e-01,5.201242130553380694e-01,4.329632217842754871e-01,8.049773861796163943e-02,2.085613895771708526e-01,5.846844056032632908e-01,4.122261008162068086e-01,5.478752178937067452e-01,4.583409678786014574e-01,4.720358689122489682e-01
4.583462009490591460e-01,4.669597001035202810e-01,5.064271901954959798e-01,-1.910580573224364767e-02,4.891587229921505742e-01,6.749351358594415373e-01,6.132014995784876854e-01,-4.764307215434244180e-01,7.448423145990251681e-01,7.321054100789269325e-01,6.120476088216663113e-01,1.000000000000000000e+00,2.920766432401889455e-03,7.368826189109115576e-01,8.412005254056973413e-01,6.549612340267098043e-01,2.784196763218758641e-01,5.965025705716014981e-01,6.761041030051954115e-01,5.247725188295359056e-01,3.124192336191485841e-01,5.754392445020130031e-01,6.838354741410811455e-01,6.961550864246464077e-01,7.126594001803381317e-01,5.542223536632779890e-01,5.329274404792574416e-01,5.781778082107766892e-01,6.300261983890517170e-01,7.041253230663682139e-01,6.332796703124697890e-01,4.447419250262670265e-01,2.891476011340279872e-01,3.979242992803102563e-01,6.588153940736246605e-01,3.076813803992149987e-01,6.241268402603276089e-01,7.340291147123551019e-01,7.190975709658414816e-01
2.243765449163246106e-01,1.842760267851385747e-01,1.745307944250026888e-01,-2.081987186025148484e-01,3.751870919616992484e-01,7.644145959019997549e-02,1.252212814789028204e-02,-1.720468105452508667e-01,2.100073971757790980e-01,2.813360041035286585e-01,1.573445280553477377e-02,2.920766432401889455e-03,1.000000000000000000e+00,8.515755439034301821e-02,5.712450021944696227e-02,2.067914770898856558e-01,4.437557996808354221e-02,3.055144389404528260e-01,3.369033771962216539e-01,1.066117061592242697e-03,3.354715572661337575e-01,2.118597943284901974e-01,7.319970734991174122e-02,2.349439162766011058e-01,5.361471284650727587e-02,1.097358117126277649e-01,1.969757759613514625e-01,2.882163301609468320e-01,7.375726147144094635e-02,6.833211925265292308e-02,1.537345987704517025e-01,2.346704470426925204e-01,4.250688873499994247e-01,3.689098897717751346e-01,1.413453838050096056e-01,3.657400571109979959e-01,1.407026396109334332e-01,2.296573381120435020e-01,3.189315872113196448e-01
7.212526637955499753e-01,7.382407928500652750e-01,6.744495152022229600e-01,2.734498303467347013e-01,6.076164997912312238e-01,8.111371491552376023e-01,6.019026601679550170e-01,-6.673746977145648129e-01,8.622436929166201747e-01,7.971054257607262938e-01,5.757790328539487135e-01,7.368826189109115576e-01,8.515755439034301821e-02,1.000000000000000000e+00,7.145792218243359750e-01,7.770067172796648602e-01,3.930854386804916167e-01,5.495693415070044274e-01,5.312979900811338752e-01,7.163195822023281645e-01,5.571086774177224088e-01,7.110750055805150627e-01,8.690010676629649211e-01,8.090776461534726627e-01,8.681889594608680483e-01,7.569835101689930124e-01,7.383741296297698931e-01,7.595258685724004533e-01,8.565118134899157853e-01,8.353020502941784775e-01,7.832001436055867627e-01,6.866928073319500392e-01,4.753600896836413514e-01,5.454772212671029630e-01,8.751439761150505703e-01,6.093268391609519830e-01,8.341197479086968070e-01,8.007515323256265694e-01,7.779492923076327671e-01
4.270184079550300993e-01,5.480647356402672532e-01,4.002665359714167592e-01,-3.152687014802520865e-02,4.251556361140343965e-01,7.141611243636442063e-01,7.197630238132134428e-01,-3.616258761159357737e-01,7.014430196976744192e-01,6.491402526036140763e-01,7.238320364069033008e-01,8.412005254056973413e-01,5.712450021944696227e-02,7.145792218243359750e-01,1.000000000000000000e+00,6.810885209469789148e-01,4.799128161426485240e-01,6.550240466910384196e-01,5.978939904555998774e-01,4.673718461045932582e-01,2.792374595214280331e-01,4.494305920161414947e-01,6.289321534742156050e-01,6.585306742667589308e-01,6.293422528415958395e-01,6.211440551566668189e-01,4.937712825558481233e-01,7.195309350662472125e-01,6.019889527557528153e-01,6.992670327822864129e-01,5.976883650353453925e-01,4.233469847729984248e-01,2.623979746668091972e-01,4.193350107339433586e-01,6.375628732033339352e-01,3.251872696843738919e-01,6.159730621726718924e-01,6.602073659419813723e-01,6.013972346327338681e-01
6.755042017712595825e-01,6.479445915656586452e-01,6.402958053444501862e-01,1.838401187818639593e-01,5.648849769708466084e-01,5.897335379925006116e-01,5.371843222132864915e-01,-6.110937379955789783e-01,7.205356566995262391e-01,8.498923673146003832e-01,4.884173245275023612e-01,6.549612340267098043e-01,2.067914770898856558e-01,7.770067172796648602e-01,6.810885209469789148e-01,1.000000000000000000e+00,3.215359851900509436e-01,6.962438743523102769e-01,6.173750255263295017e-01,5.695759093387599004e-01,5.615457922365012511e-01,6.561316022572579731e-01,7.664186505228925972e-01,7.151517894953238752e-01,7.459230611827937230e-01,6.954534540800462183e-01,6.249071695664938364e-01,7.573406111738135715e-01,6.872902196023943366e-01,8.518516792649982738e-01,6.880154111937203387e-01,4.196292702008057041e-01,5.300639124515459377e-01,4.575927215364119505e-01,7.024300921308143097e-01,6.098739396126995338e-01,6.668512291586933260e-01,7.721962024240793809e-01,7.096156383587064465e-01
2.765976951152983032e-01,4.555195102326612955e-01,1.269516138965163243e-01,-5.561921783810987174e-02,1.705965534630624614e-01,4.605745865574631392e-01,3.170760967771066863e-01,-1.114386977971996290e-01,3.777810429888220911e-01,2.304694712314024618e-01,6.955389664731700394e-01,2.784196763218758641e-01,4.437557996808354221e-02,3.930854386804916167e-01,4.799128161426485240e-01,3.215359851900509436e-01,1.000000000000000000e+00,1.680736981156918664e-01,4.526678213164496423e-02,2.859864040964842369e-01,9.249793465751986188e-02,1.340863670716871126e-01,2.711118166827189979e-01,3.710098906335568270e-01,2.711773886024837488e-01,5.148622738662614884e-01,3.394951592539544594e-01,5.219239081248830958e-01,3.752475445523691389e-01,4.468829746872355346e-01,3.602151377958489054e-01,3.265848199354993708e-01,1.068458448047977100e-01,3.250315407420523162e-01,3.601268179028543348e-01,2.984930391560245977e-01,2.992943925781828551e-01,2.690883451326406828e-01,2.617321521813493201e-01
3.375100018532120605e-01,3.413304855073516775e-01,5.605311565749335756e-01,-2.285334159845252636e-02,6.337784043775422926e-01,4.101719850105631227e-01,4.927484013849835476e-01,-5.259224160047187846e-01,5.911537471603164340e-01,6.128408092358611503e-01,2.971078691498371671e-01,5.965025705716014981e-01,3.055144389404528260e-01,5.495693415070044274e-01,6.550240466910384196e-01,6.962438743523102769e-01,1.680736981156918664e-01,1.000000000000000000e+00,8.145339718486670488e-01,2.489684118980180216e-01,4.971370611899985081e-01,4.670128609237379491e-01,5.092574525468950286e-01,5.878980699933891163e-01,4.687241727582954209e-01,3.155311565666713558e-01,2.229388716181329999e-01,5.750078455086539142e-01,3.145326272909477194e-01,5.776801304633553125e-01,3.723733682435421688e-01,1.618285020163274801e-01,6.069037367340835987e-01,4.916731557656068285e-01,4.092790609619306741e-01,2.987912353357083384e-01,3.702762056644111066e-01,5.158282989807211338e-01,5.255899852481010770e-01
3.745808986044129041e-01,3.019684995203959499e-01,4.559853538150911989e-01,-4.242860781208270156e-03,5.162959706177600028e-01,4.192582922147204960e-01,4.880064219360586431e-01,-4.394144307200839594e-01,5.523441596355856964e-01,6.811438764658122036e-01,2.996148444387869425e-01,6.761041030051954115e-01,3.369033771962216539e-01,5.312979900811338752e-01,5.978939904555998774e-01,6.173750255263295017e-01,4.526678213164496423e-02,8.145339718486670488e-01,1.000000000000000000e+00,3.189829562564160947e-01,4.304808431501112032e-01,4.836107967635875915e-01,5.156271751477440324e-01,6.193783475899503621e-01,5.275570190974596674e-01,2.258797619026157721e-01,2.337256181252818643e-01,4.406703504217475142e-01,3.437795374152288752e-01,5.313992903079601815e-01,3.447454707191193179e-01,2.179199744992177390e-01,4.758397536633918179e-01,3.020032526090853375e-01,4.155950150301849777e-01,3.532680443950106386e-01,4.168712462790239992e-01,5.420530294808196814e-01,5.977986228551589454e-01
6.425882808640692723e-01,5.943488266515126739e-01,5.930829571494633523e-01,3.622143470082402339e-01,3.956192849355961161e-01,6.755850551444488872e-01,4.343676319731208380e-01,-6.025778800803036628e-01,6.015108981296627411e-01,6.146669974113757595e-01,4.661988527989224806e-01,5.247725188295359056e-01,1.066117061592242697e-03,7.163195822023281645e-01,4.673718461045932582e-01,5.695759093387599004e-01,2.859864040964842369e-01,2.489684118980180216e-01,3.189829562564160947e-01,1.000000000000000000e+00,5.277979287031423494e-01,7.269717193511990860e-01,7.197900596349817715e-01,5.973476296979237654e-01,7.520432149677673817e-01,6.164569205734162782e-01,6.164761276096153431e-01,5.767261995405151831e-01,7.332322728959982383e-01,6.391710914589057158e-01,5.992617702159638293e-01,5.960218370143484101e-01,3.227893985931332699e-01,2.657744949499518672e-01,7.358117438326464699e-01,5.287598028915738713e-01,6.852307389876326482e-01,5.989966014347303247e-01,5.453540361019931781e-01
4.510090453138083655e-01,3.529110398079883804e-01,7.917624510895672207e-01,1.559511232630950150e-01,6.698919139487325980e-01,4.136243580121277685e-01,2.689617312391678894e-01,-7.921194814486592906e-01,5.161459784371323911e-01,5.190438090433248108e-01,1.292746018841517130e-01,3.124192336191485841e-01,3.354715572661337575e-01,5.571086774177224088e-01,2.792374595214280331e-01,5.615457922365012511e-01,9.249793465751986188e-02,4.971370611899985081e-01,4.304808431501112032e-01,5.277979287031423494e-01,1.000000000000000000e+00,7.917609845940003499e-01,5.507848850254126738e-01,5.037833102422886178e-01,5.193293611027713919e-01,3.666803464980425420e-01,3.473163976814388487e-01,5.122557244434311485e-01,4.540321677570934855e-01,5.173309744427219137e-01,3.760085573923335756e-01,3.843850530620600559e-01,8.059008778955591978e-01,4.995250970135918234e-01,4.890680406481052178e-01,4.615165300308774476e-01,4.183329170089457039e-01,4.534803990789860184e-01,4.313220133729557260e-01
5.948220141047516618e-01,4.928196337004807082e-01,7.811993382074907677e-01,2.446140218624845153e-01,6.110063417189022239e-01,6.535318416497546412e-01,4.313152510559856156e-01,-7.722156463460876363e-01,6.785850299427327315e-01,6.760028589267131904e-01,3.227386580001244121e-01,5.754392445020130031e-01,2.118597943284901974e-01,7.110750055805150627e-01,4.494305920161414947e-01,6.561316022572579731e-01,1.340863670716871126e-01,4.670128609237379491e-01,4.836107967635875915e-01,7.269717193511990860e-01,7.917609845940003499e-01,1.000000000000000000e+00,7.184940437416266201e-01,6.213774444062749591e-01,7.270843984746384603e-01,5.358590322332663636e-01,5.465786460612573894e-01,5.859112146618168371e-01,6.433841349194923120e-01,6.630268898320560433e-01,5.598245568175663767e-01,5.371557253933432197e-01,6.099455617801944340e-01,4.595754095420342411e-01,6.884856715627067913e-01,5.169930579346541100e-01,5.966638092479653599e-01,6.214576506659679200e-01,6.362789139865298038e-01
6.751064864546703070e-01,6.447404544101275059e-01,6.400089504369224080e-01,3.358965953606872223e-01,5.224217938120870874e-01,7.240657046169026723e-01,5.273081160509257570e-01,-6.411705391030119161e-01,7.577014893458965394e-01,7.769844161334970023e-01,4.796960882311122609e-01,6.838354741410811455e-01,7.319970734991174122e-02,8.690010676629649211e-01,6.289321534742156050e-01,7.664186505228925972e-01,2.711118166827189979e-01,5.092574525468950286e-01,5.156271751477440324e-01,7.197900596349817715e-01,5.507848850254126738e-01,7.184940437416266201e-01,1.000000000000000000e+00,7.934720621733493129e-01,9.221929013026142208e-01,6.996886430281789027e-01,7.260752278618609612e-01,6.695002193068948504e-01,8.297601170836395035e-01,8.048247242943452617e-01,7.078721508532719309e-01,6.589811437524161208e-01,4.219204812281116546e-01,4.301137261715098914e-01,8.374648111911903170e-01,5.753845645199444636e-01,8.082378835507311177e-01,7.665170939542983453e-01,7.170955277425929975e-01
6.343098564018905261e-01,6.135662082997097588e-01,6.079446888634866264e-01,1.400069355750295230e-01,5.781216704776002135e-01,6.831406866071247919e-01,5.306920599927976712e-01,-5.965564672956098491e-01,7.901328314865123659e-01,7.603351920111327544e-01,4.915474968195062688e-01,6.961550864246464077e-01,2.349439162766011058e-01,8.090776461534726627e-01,6.585306742667589308e-01,7.151517894953238752e-01,3.710098906335568270e-01,5.878980699933891163e-01,6.193783475899503621e-01,5.973476296979237654e-01,5.037833102422886178e-01,6.213774444062749591e-01,7.934720621733493129e-01,1.000000000000000000e+00,7.949874047565179680e-01,6.672186976883643927e-01,6.877387601889637381e-01,6.859031398047729100e-01,7.009492212223822349e-01,7.393913882682469074e-01,6.736753112862557957e-01,5.409742824699488306e-01,4.668600159366007585e-01,5.495967661017087114e-01,7.147622560228087396e-01,5.206454585312620953e-01,7.008379584070824064e-01,7.342982963085084025e-01,7.520995830808786531e-01
7.008670655487627688e-01,6.667671585749728180e-01,6.163221231661875077e-01,3.659897222050407795e-01,4.759241945659685724e-01,7.387577608820636854e-01,5.603438890097868219e-01,-6.142670029174636115e-01,7.511297122283860928e-01,7.762925365647770359e-01,5.170106176816238186e-01,7.126594001803381317e-01,5.361471284650727587e-02,8.681889594608680483e-01,6.293422528415958395e-01,7.459230611827937230e-01,2.711773886024837488e-01,4.687241727582954209e-01,5.275570190974596674e-01,7.520432149677673817e-01,5.193293611027713919e-01,7.270843984746384603e-01,9.221929013026142208e-01,7.949874047565179680e-01,1.000000000000000000e+00,7.269035239855409225e-01,7.530389616458436075e-01,6.815750967290354900e-01,8.491155677608454022e-01,7.938559325612339901e-01,7.449088713302884912e-01,6.616700262187982240e-01,3.786851460476230447e-01,3.888074941769210091e-01,8.585932713689288232e-01,5.670822681426036516e-01,8.302745682744665512e-01,7.656951653300390070e-01,7.381068901942363647e-01
7.482961558834905214e-01,7.819754780781419390e-01,4.982485786227804914e-01,2.141976889181894661e-01,3.602838721719962001e-01,6.618489012504102931e-01,5.044290919059162270e-01,-4.767122942589345769e-01,6.998389899353739674e-01,6.502260293680599545e-01,6.193967705113411215e-01,5.542223536632779890e-01,1.097358117126277649e-01,7.569835101689930124e-01,6.211440551566668189e-01,6.954534540800462183e-01,5.148622738662614884e-01,3.155311565666713558e-01,2.258797619026157721e-01,6.164569205734162782e-01,3.666803464980425420e-01,5.358590322332663636e-01,6.996886430281789027e-01,6.672186976883643927e-01,7.269035239855409225e-01,1.000000000000000000e+00,8.725692414914102413e-01,8.344613458073014689e-01,8.209828469679413265e-01,7.126445571811658164e-01,8.630618671086955906e-01,5.725096406903259494e-01,3.017177183534429097e-01,4.543779762850390092e-01,7.981592936260912818e-01,5.684124398744466733e-01,7.691491038060727092e-01,6.971592168665826650e-01,6.445097561058287239e-01
7.772819755731287250e-01,7.084710842184945845e-01,4.945875910647382634e-01,1.771612294346958938e-01,3.891415285042881811e-01,6.151717319586191834e-01,3.669244288455063008e-01,-4.986866466972269540e-01,7.045122526536938823e-01,7.077954428636820117e-01,4.957448711039884048e-01,5.329274404792574416e-01,1.969757759613514625e-01,7.383741296297698931e-01,4.937712825558481233e-01,6.249071695664938364e-01,3.394951592539544594e-01,2.229388716181329999e-01,2.337256181252818643e-01,6.164761276096153431e-01,3.473163976814388487e-01,5.465786460612573894e-01,7.260752278618609612e-01,6.877387601889637381e-01,7.530389616458436075e-01,8.725692414914102413e-01,1.000000000000000000e+00,7.036201481746005015e-01,8.455775516867191088e-01,6.548964594255389793e-01,8.721371084536416740e-01,6.968372637684571158e-01,2.631901245676220857e-01,4.477897022810378158e-01,7.990433871100509622e-01,6.456513545040024615e-01,7.885898706789263857e-01,7.673630419259220847e-01,7.314001204502716957e-01
6.885936731463778715e-01,7.191019561483342759e-01,5.671635188504949854e-01,1.524848990570952523e-01,5.244832469343898573e-01,6.739788815970272351e-01,6.015342281682102277e-01,-5.352325497672018040e-01,7.196386169142982014e-01,6.622157604232921102e-01,5.935338233199107805e-01,5.781778082107766892e-01,2.882163301609468320e-01,7.595258685724004533e-01,7.195309350662472125e-01,7.573406111738135715e-01,5.219239081248830958e-01,5.750078455086539142e-01,4.406703504217475142e-01,5.767261995405151831e-01,5.122557244434311485e-01,5.859112146618168371e-01,6.695002193068948504e-01,6.859031398047729100e-01,6.815750967290354900e-01,8.344613458073014689e-01,7.036201481746005015e-01,1.000000000000000000e+00,7.038472891982771040e-01,7.028755508416011377e-01,7.966012784010630954e-01,5.145051573720946791e-01,4.768113858305245145e-01,5.676021034077343153e-01,7.445677301828896866e-01,5.326992057706492201e-01,7.007540807879596434e-01,7.003417514765662988e-01,6.393117419129453749e-01
7.791517130843587102e-01,7.782866069059440894e-01,5.650587685415340289e-01,3.182162080618940458e-01,4.374767326024449621e-01,7.566519883316087380e-01,5.002952058291771920e-01,-5.712164420411495191e-01,7.572535084647833425e-01,7.507161529232900810e-01,5.877583287940441048e-01,6.300261983890517170e-01,7.375726147144094635e-02,8.565118134899157853e-01,6.019889527557528153e-01,6.872902196023943366e-01,3.752475445523691389e-01,3.145326272909477194e-01,3.437795374152288752e-01,7.332322728959982383e-01,4.540321677570934855e-01,6.433841349194923120e-01,8.297601170836395035e-01,7.009492212223822349e-01,8.491155677608454022e-01,8.209828469679413265e-01,8.455775516867191088e-01,7.038472891982771040e-01,1.000000000000000000e+00,7.734122188781342722e-01,8.191702040848553024e-01,7.804028098235332722e-01,3.319644865981358217e-01,4.113730036477393770e-01,8.945810978854145112e-01,6.715749367608222498e-01,8.951783621789631828e-01,7.623746772331632116e-01,7.265922102859881937e-01
6.538897243882016985e-01,6.623734999081497543e-01,6.452595443264006470e-01,1.609631231592419942e-01,5.311855211096276896e-01,7.001001292365218731e-01,5.262556011634939024e-01,-6.298984698250704728e-01,7.772086832146020141e-01,8.268807774416710998e-01,6.031802601866170788e-01,7.041253230663682139e-01,6.833211925265292308e-02,8.353020502941784775e-01,6.992670327822864129e-01,8.518516792649982738e-01,4.468829746872355346e-01,5.776801304633553125e-01,5.313992903079601815e-01,6.391710914589057158e-01,5.173309744427219137e-01,6.630268898320560433e-01,8.048247242943452617e-01,7.393913882682469074e-01,7.938559325612339901e-01,7.126445571811658164e-01,6.548964594255389793e-01,7.028755508416011377e-01,7.734122188781342722e-01,1.000000000000000000e+00,6.894373448661920145e-01,5.575571061746088519e-01,4.710115788884788879e-01,4.464024880092569147e-01,7.487932693989532984e-01,6.320014853833675339e-01,7.106498425805930497e-01,7.540573031282181704e-01,7.155940209284074038e-01
7.602219157576173281e-01,7.131715045220198279e-01,5.537233069023086429e-01,1.636506635912847174e-01,4.773569564464228976e-01,6.298872414240613837e-01,4.587144570783501796e-01,-5.412305092459354094e-01,7.549959709789931805e-01,7.304368446264571935e-01,5.201242130553380694e-01,6.332796703124697890e-01,1.537345987704517025e-01,7.832001436055867627e-01,5.976883650353453925e-01,6.880154111937203387e-01,3.602151377958489054e-01,3.723733682435421688e-01,3.447454707191193179e-01,5.992617702159638293e-01,3.760085573923335756e-01,5.598245568175663767e-01,7.078721508532719309e-01,6.736753112862557957e-01,7.449088713302884912e-01,8.630618671086955906e-01,8.721371084536416740e-01,7.966012784010630954e-01,8.191702040848553024e-01,6.894373448661920145e-01,1.000000000000000000e+00,6.182448139958831579e-01,3.446092640730826218e-01,5.101713862447401215e-01,7.925984840330738690e-01,5.815689701622817065e-01,7.714906299957360325e-01,8.007506603514905619e-01,7.620889372203174528e-01
5.915965134867815500e-01,5.590462634024295774e-01,4.334883019984404617e-01,1.430438631308518227e-01,4.522189418192021360e-01,6.708620150327039289e-01,2.737372762337982324e-01,-4.659485929690222461e-01,6.318369037707697311e-01,5.760091762947768812e-01,4.329632217842754871e-01,4.447419250262670265e-01,2.346704470426925204e-01,6.866928073319500392e-01,4.233469847729984248e-01,4.196292702008057041e-01,3.265848199354993708e-01,1.618285020163274801e-01,2.179199744992177390e-01,5.960218370143484101e-01,3.843850530620600559e-01,5.371557253933432197e-01,6.589811437524161208e-01,5.409742824699488306e-01,6.616700262187982240e-01,5.725096406903259494e-01,6.968372637684571158e-01,5.145051573720946791e-01,7.804028098235332722e-01,5.575571061746088519e-01,6.182448139958831579e-01,1.000000000000000000e+00,2.900954604956438310e-01,4.465186145041750154e-01,7.446194252321280960e-01,5.997760956257879306e-01,7.371604948272737490e-01,6.464491133434562276e-01,6.258941861018534336e-01
3.501835591779556833e-01,3.001480268470259061e-01,8.110925763067891037e-01,-1.966968186271450189e-02,7.917638029923559362e-01,2.704240378706469494e-01,1.665460641026972888e-01,-8.044784210738854524e-01,5.247213123143545932e-01,4.888228004112021297e-01,8.049773861796163943e-02,2.891476011340279872e-01,4.250688873499994247e-01,4.753600896836413514e-01,2.623979746668091972e-01,5.300639124515459377e-01,1.068458448047977100e-01,6.069037367340835987e-01,4.758397536633918179e-01,3.227893985931332699e-01,8.059008778955591978e-01,6.099455617801944340e-01,4.219204812281116546e-01,4.668600159366007585e-01,3.786851460476230447e-01,3.017177183534429097e-01,2.631901245676220857e-01,4.768113858305245145e-01,3.319644865981358217e-01,4.710115788884788879e-01,3.446092640730826218e-01,2.900954604956438310e-01,1.000000000000000000e+00,6.643020571706518274e-01,3.660411755059098105e-01,3.718961347018325259e-01,3.106695573630102181e-01,4.121655885678666142e-01,4.318761478230136452e-01
3.442277486519500496e-01,3.741634764387405943e-01,6.499073429925642520e-01,-1.019347701520425392e-01,8.259315593203597761e-01,3.868977458083017185e-01,2.435742772189950223e-01,-6.314846711570148985e-01,6.686567044321678477e-01,4.371859552601800036e-01,2.085613895771708526e-01,3.979242992803102563e-01,3.689098897717751346e-01,5.454772212671029630e-01,4.193350107339433586e-01,4.575927215364119505e-01,3.250315407420523162e-01,4.916731557656068285e-01,3.020032526090853375e-01,2.657744949499518672e-01,4.995250970135918234e-01,4.595754095420342411e-01,4.301137261715098914e-01,5.495967661017087114e-01,3.888074941769210091e-01,4.543779762850390092e-01,4.477897022810378158e-01,5.676021034077343153e-01,4.113730036477393770e-01,4.464024880092569147e-01,5.101713862447401215e-01,4.465186145041750154e-01,6.643020571706518274e-01,1.000000000000000000e+00,4.285353819680352561e-01,3.084507283047626669e-01,3.537150417818765158e-01,5.306876975764767135e-01,5.575294561687422767e-01
7.910806681121264061e-01,8.133343790045723942e-01,5.908637610669271734e-01,3.393948120074583019e-01,4.730390376471336755e-01,7.946803497075263234e-01,5.735686569748049690e-01,-5.871177962842661913e-01,7.925661686777274451e-01,7.421308967596784711e-01,5.846844056032632908e-01,6.588153940736246605e-01,1.413453838050096056e-01,8.751439761150505703e-01,6.375628732033339352e-01,7.024300921308143097e-01,3.601268179028543348e-01,4.092790609619306741e-01,4.155950150301849777e-01,7.358117438326464699e-01,4.890680406481052178e-01,6.884856715627067913e-01,8.374648111911903170e-01,7.147622560228087396e-01,8.585932713689288232e-01,7.981592936260912818e-01,7.990433871100509622e-01,7.445677301828896866e-01,8.945810978854145112e-01,7.487932693989532984e-01,7.925984840330738690e-01,7.446194252321280960e-01,3.660411755059098105e-01,4.285353819680352561e-01,1.000000000000000000e+00,6.111298269782092785e-01,9.088241659238712744e-01,7.515614541250977831e-01,7.501748949400218747e-01
7.527841619394272099e-01,6.731587698059500191e-01,4.354834184686399712e-01,1.345512905389231739e-01,3.543814339984146522e-01,5.177146913776706771e-01,3.039499484366311455e-01,-4.617062781406039429e-01,5.678841205826028471e-01,6.790071744666178466e-01,4.122261008162068086e-01,3.076813803992149987e-01,3.657400571109979959e-01,6.093268391609519830e-01,3.251872696843738919e-01,6.098739396126995338e-01,2.984930391560245977e-01,2.987912353357083384e-01,3.532680443950106386e-01,5.287598028915738713e-01,4.615165300308774476e-01,5.169930579346541100e-01,5.753845645199444636e-01,5.206454585312620953e-01,5.670822681426036516e-01,5.684124398744466733e-01,6.456513545040024615e-01,5.326992057706492201e-01,6.715749367608222498e-01,6.320014853833675339e-01,5.815689701622817065e-01,5.997760956257879306e-01,3.718961347018325259e-01,3.084507283047626669e-01,6.111298269782092785e-01,1.000000000000000000e+00,6.293158584084754814e-01,5.698931024740213624e-01,5.935938135945119098e-01
7.915672700321988442e-01,8.149520630822507661e-01,5.175487221781315261e-01,3.318379473600746032e-01,3.911872272666756523e-01,7.441363699710230595e-01,5.453031103467117502e-01,-5.148499856052158874e-01,7.419059385188985223e-01,7.290289931064415363e-01,5.478752178937067452e-01,6.241268402603276089e-01,1.407026396109334332e-01,8.341197479086968070e-01,6.159730621726718924e-01,6.668512291586933260e-01,2.992943925781828551e-01,3.702762056644111066e-01,4.168712462790239992e-01,6.852307389876326482e-01,4.183329170089457039e-01,5.966638092479653599e-01,8.082378835507311177e-01,7.008379584070824064e-01,8.302745682744665512e-01,7.691491038060727092e-01,7.885898706789263857e-01,7.007540807879596434e-01,8.951783621789631828e-01,7.106498425805930497e-01,7.714906299957360325e-01,7.371604948272737490e-01,3.106695573630102181e-01,3.537150417818765158e-01,9.088241659238712744e-01,6.293158584084754814e-01,1.000000000000000000e+00,7.227043651814913927e-01,7.228534960762340589e-01
6.799453919900534382e-01,5.590163948388524595e-01,5.980003886212116315e-01,2.547341500194921435e-02,6.245769967390512045e-01,6.154406941212250404e-01,3.743451566480394122e-01,-5.946632428685291183e-01,7.788010209525055849e-01,8.322464574671063486e-01,4.583409678786014574e-01,7.340291147123551019e-01,2.296573381120435020e-01,8.007515323256265694e-01,6.602073659419813723e-01,7.721962024240793809e-01,2.690883451326406828e-01,5.158282989807211338e-01,5.420530294808196814e-01,5.989966014347303247e-01,4.534803990789860184e-01,6.214576506659679200e-01,7.665170939542983453e-01,7.342982963085084025e-01,7.656951653300390070e-01,6.971592168665826650e-01,7.673630419259220847e-01,7.003417514765662988e-01,7.623746772331632116e-01,7.540573031282181704e-01,8.007506603514905619e-01,6.464491133434562276e-01,4.121655885678666142e-01,5.306876975764767135e-01,7.515614541250977831e-01,5.698931024740213624e-01,7.227043651814913927e-01,1.000000000000000000e+00,8.280889794397842119e-01
6.881971532594440832e-01,6.582394779255802408e-01,6.207295417922176206e-01,3.282139692396116026e-02,6.238856426043314363e-01,6.456748653383759251e-01,4.378600998457879423e-01,-6.175500135195921558e-01,8.457325665770265566e-01,8.289957006441819320e-01,4.720358689122489682e-01,7.190975709658414816e-01,3.189315872113196448e-01,7.779492923076327671e-01,6.013972346327338681e-01,7.096156383587064465e-01,2.617321521813493201e-01,5.255899852481010770e-01,5.977986228551589454e-01,5.453540361019931781e-01,4.313220133729557260e-01,6.362789139865298038e-01,7.170955277425929975e-01,7.520995830808786531e-01,7.381068901942363647e-01,6.445097561058287239e-01,7.314001204502716957e-01,6.393117419129453749e-01,7.265922102859881937e-01,7.155940209284074038e-01,7.620889372203174528e-01,6.258941861018534336e-01,4.318761478230136452e-01,5.575294561687422767e-01,7.501748949400218747e-01,5.935938135945119098e-01,7.228534960762340589e-01,8.280889794397842119e-01,1.000000000000000000e+00
