1.000000000000000000e+00,3.706413207420727329e-01,-5.594789138831488678e-02,-3.585245975240378691e-01,9.257835719234953908e-02,4.783641010688753914e-01,-3.499050356259964523e-01,-7.053150885321757962e-03,-6.734584577171640052e-02,-2.067088623178711324e-02,3.960089334466644351e-01,-4.422123788958965962e-01,-4.234574589446496451e-01,2.429401952332931880e-01,-1.915114591540606759e-01,1.679137791369800514e-01,4.206008576625394624e-01,-3.490988564253173498e-01,-4.648318471887268877e-01,-1.990537872136310948e-01,2.717969058474222765e-01,-1.648319176076602222e-01,5.270494562879742828e-01,3.110076964202729277e-01,2.026798243551230227e-01,4.009765193595608013e-01,2.308943394991894715e-01,2.669437857909185974e-01,5.792950077347567284e-01,5.267081076058710565e-02,-9.485810905613993593e-02,3.957867595955374962e-01,-1.452696138709019535e-01,1.737757641000930650e-02,4.310940049790791817e-01,3.372392234432950442e-01,4.569321980591136700e-01,2.747686244877090012e-01,2.063693136646522694e-02
3.706413207420727329e-01,1.000000000000000000e+00,8.803004635613710660e-02,-2.343198409629601853e-01,4.593087201285175197e-02,7.263824456705614274e-02,-2.201366758612441077e-01,-6.959739616538308804e-02,1.247689133970190239e-01,3.780564803461941015e-01,1.096316415830357743e-01,-1.179534122189487694e-01,-2.131327568484970014e-01,4.335697033063569128e-01,1.050909310023374066e-01,6.415141432699125179e-01,5.500907894193282979e-03,-1.046186765533634044e-01,-9.769511891862653341e-02,5.286500093570001280e-02,1.810581776929263698e-01,2.112367919984438902e-01,3.666584222843187191e-01,2.952027538404321527e-01,3.489978597639413760e-01,3.232435558690051614e-01,1.521950910006899249e-01,2.542374350818930595e-01,2.474468528945574231e-01,5.069002952594591216e-01,3.299544567991609112e-01,3.243484477102401287e-01,1.139289016957065331e-01,6.281478000228626901e-02,1.780925765936231808e-01,4.444041129990078942e-01,4.309045629749055362e-01,-5.042915199843827495e-02,2.046549494460796204e-01
-5.594789138831488678e-02,8.803004635613710660e-02,1.000000000000000000e+00,3.512384517024146890e-01,5.773062278273463077e-01,-1.489374419205360678e-01,3.838731421355205398e-01,-8.252608947806304718e-01,2.404201351640406215e-01,5.619360346261634831e-01,1.805799362361259763e-01,1.679118451376182819e-01,5.949559447446964300e-02,4.849347789639188999e-01,3.116243672255407660e-01,2.647604090945614996e-01,1.676502871384469850e-01,5.254517087160580635e-01,5.777960769279837372e-01,3.659336315948475415e-01,2.566076624691273622e-01,4.868968286417619806e-01,1.023609407392426646e-01,1.515600495715743457e-01,9.660405083819234573e-02,3.768085108663498661e-01,2.941886121461453896e-01,5.128233235695711656e-01,7.484521985126713073e-02,4.306016131343723963e-01,4.278825340761761575e-01,8.962785983145938815e-03,6.146212409948939026e-01,2.813178962539914507e-01,1.617016466984801115e-01,-2.151603456658120889e-02,-1.972161196614432774e-02,4.954910538540684833e-02,1.112131487677909536e-01
-3.585245975240378691e-01,-2.343198409629601853e-01,3.512384517024146890e-01,1.000000000000000000e+00,1.545931610842858350e-01,-3.915249214291433577e-01,6.408412728455691321e-01,-2.398749970648089980e-01,8.834926984959731722e-02,2.359570969400215101e-01,-1.197312346247370041e-01,3.971939334657592635e-01,4.625291459955015450e-01,3.214762043309838530e-02,3.639183684823282250e-01,-4.064454015116237412e-02,3.141783942231027998e-02,5.560427158513908674e-01,5.160557758265817974e-01,5.182879254803668401e-01,-1.073121278931120880e-02,3.401568126680983295e-01,-3.305305686843376667e-01,-2.366172909019420567e-01,-1.771958978320177791e-01,-5.885914963443127784e-02,1.425770271786868382e-01,8.678028472760589140e-02,-2.828668132660566714e-01,2.812856766497442429e-01,1.081200971342224371e-01,-2.833610405468187654e-01,4.649348410740214432e-01,1.279635484920955413e-01,-1.770152291610177231e-01,-6.101041815509134630e-02,-4.488019755335431182e-01,3.352251314021518769e-01,1.283102721370139310e-01
9.257835719234953908e-02,4.593087201285175197e-02,5.773062278273463077e-01,1.545931610842858350e-01,1.000000000000000000e+00,-9.648526583240657484e-02,3.240271961712312687e-01,-6.262809089529598472e-01,4.252771120883783174e-01,2.821106732023548891e-01,8.502277550400441641e-02,2.173349021966645145e-01,-1.918666806008475778e-01,3.770888479894135559e-01,1.735803871287625588e-01,2.207469266515850181e-01,6.761809464545051607e-02,4.416647508625898277e-01,3.388379649998389809e-01,2.788829801513796613e-02,2.732051646983275073e-01,2.905019875645052929e-01,1.312418428817951066e-01,5.042614718828569015e-02,2.734632233515128102e-02,1.167610438082409691e-01,2.953725398250328094e-01,3.204709466295618814e-01,2.234350946552183734e-02,2.592351817924560264e-01,1.979449157513508140e-01,7.413957074359285582e-02,2.270598194490534294e-01,5.767974645172340153e-01,-2.109957032814132032e-03,1.137012147884862850e-01,-4.036674082725533186e-02,1.253630373358740613e-01,1.481949264068321004e-01
4.783641010688753914e-01,7.263824456705614274e-02,-1.489374419205360678e-01,-3.915249214291433577e-01,-9.648526583240657484e-02,1.000000000000000000e+00,-2.785494612548480853e-01,5.881421086851329472e-02,-2.660674150483919309e-01,4.427499371044307797e-02,7.095408423645959139e-01,-6.891049727186224771e-01,-2.909434424245581075e-01,2.208518310887833958e-01,-3.142859561492603038e-01,-3.475140092862237517e-02,3.797510699058415651e-01,-4.932952537468396348e-01,-4.032382429229502963e-01,-2.374553431181546936e-01,1.749786608503456353e-01,-4.082715699288881339e-01,5.619556302936484782e-01,5.376530477234826577e-01,4.799832830782503890e-01,5.211705233698752382e-01,-5.190699075634506304e-02,1.532974108754946163e-01,7.319947212198502084e-01,-2.413077258542846715e-01,-3.125872717544937035e-02,5.446489212422271908e-01,-1.864158267892486176e-01,-3.029407388445525262e-01,6.679755844205763626e-01,-7.159346342772668348e-02,6.410184010263927368e-01,-5.161125511077017947e-02,-1.707274926747404664e-01
-3.499050356259964523e-01,-2.201366758612441077e-01,3.838731421355205398e-01,6.408412728455691321e-01,3.240271961712312687e-01,-2.785494612548480853e-01,1.000000000000000000e+00,-3.557827050486541687e-01,1.232329403889019931e-01,2.674081149937211355e-01,1.543229616057394983e-02,3.485706424632711298e-01,3.149462673957509340e-01,1.150273434589062921e-01,1.990335264011962313e-01,7.917648533128943122e-03,-1.400803857441074995e-01,5.002804754362562001e-01,4.980595664681760626e-01,3.891029999842220977e-01,1.659044387535986986e-01,3.920206900417120832e-01,-2.410765094404024311e-01,-2.803053825576301561e-02,5.691726071759009575e-02,-1.437348120969533516e-01,1.950951114918039464e-01,1.895710271333656272e-01,-2.871408740221363387e-01,1.738448365917016347e-01,1.066508575859930197e-01,-1.883982533090301503e-01,3.621983849115642529e-01,2.647537657919628029e-01,-1.479230195075544041e-01,-6.572281434240752340e-02,-3.111665770902243833e-01,1.676969357828210494e-01,-4.646149048634932478e-03
-7.053150885321757962e-03,-6.959739616538308804e-02,-8.252608947806304718e-01,-2.398749970648089980e-01,-6.262809089529598472e-01,5.881421086851329472e-02,-3.557827050486541687e-01,1.000000000000000000e+00,-2.997690356972237957e-01,-5.121253017611619995e-01,-2.118018969477128144e-01,-1.223019156621815151e-01,9.728564758431432202e-02,-4.516366801813931353e-01,-2.080244116846750591e-01,-2.717611555528621770e-01,-1.160323253524356973e-01,-4.643693505247063480e-01,-4.963873724187590764e-01,-2.292469439750771665e-01,-3.317007323831455690e-01,-4.205819996574132191e-01,-1.601036861594032912e-01,-1.896226953988195962e-01,-1.406583717825069246e-01,-3.555289362494817862e-01,-2.566648688183420512e-01,-5.490325655611951738e-01,-9.939369482335737305e-02,-3.435778786574993360e-01,-3.780920604536063268e-01,-3.512229835291875990e-02,-4.662458366360278106e-01,-3.472280242073053080e-01,-1.557730452094412410e-01,1.557538645708342329e-02,-1.677122661665264580e-02,-2.368570648604259241e-02,-1.400732243117009113e-01
-6.734584577171640052e-02,1.247689133970190239e-01,2.404201351640406215e-01,8.834926984959731722e-02,4.252771120883783174e-01,-2.660674150483919309e-01,1.232329403889019931e-01,-2.997690356972237957e-01,1.000000000000000000e+00,2.564321607401950920e-01,-2.122236566339066044e-01,5.500180252127927494e-01,-3.119975043237537826e-01,1.559019484030047809e-01,2.995922638728044096e-01,4.334413804456118680e-01,-2.607678162067250671e-01,2.611891202086274455e-01,3.016573008814444345e-01,-3.342996098758507090e-02,2.005978186998534640e-01,3.049638256035233086e-01,1.123314288661437024e-02,-1.877868067725506629e-01,-3.408869210515017446e-03,-7.681169517636302069e-02,1.115779748253065556e-01,2.271080825204072062e-01,-2.789416004904122781e-01,3.489539797206900329e-01,3.087022076726301800e-01,-8.861413995668906973e-02,3.586453269367084924e-03,7.021542857363206602e-01,-3.871926844260430434e-01,1.866882711393926808e-01,-1.731890318480644730e-01,2.590978758528444947e-01,6.078878041902930907e-01
-2.067088623178711324e-02,3.780564803461941015e-01,5.619360346261634831e-01,2.359570969400215101e-01,2.821106732023548891e-01,4.427499371044307797e-02,2.674081149937211355e-01,-5.121253017611619995e-01,2.564321607401950920e-01,1.000000000000000000e+00,3.104237264169181221e-01,4.896434134650122505e-02,4.570524933965064429e-02,6.747430698016922967e-01,3.448168486265549837e-01,5.844587490952268816e-01,8.208060461907509819e-02,2.719848604079536658e-01,5.198824215600236220e-01,4.099939621030899151e-01,2.115776868950358380e-01,3.715207087782206319e-01,3.312670242461988601e-01,4.296478876443130535e-01,5.019237269165782722e-01,5.352731705296693843e-01,2.550114148277826676e-01,4.665979807492071085e-01,2.115142143164418786e-01,5.803625256563649248e-01,6.591021741275786550e-01,2.875621527939233313e-01,5.620125993973081879e-01,9.151689225175582698e-02,2.771935515769494707e-01,4.904773213372291829e-02,2.866345156109862402e-01,-5.223321561943334440e-02,2.383511710322523125e-01
3.960089334466644351e-01,1.096316415830357743e-01,1.805799362361259763e-01,-1.197312346247370041e-01,8.502277550400441641e-02,7.095408423645959139e-01,1.543229616057394983e-02,-2.118018969477128144e-01,-2.122236566339066044e-01,3.104237264169181221e-01,1.000000000000000000e+00,-5.244668725096761630e-01,-1.382331707163509116e-01,4.556689057903702822e-01,-1.011753155787587788e-01,4.833541291709503307e-02,4.883886048942512326e-01,-2.400521547300093206e-01,-1.157642736834318120e-01,4.341194211708557932e-02,2.851236283013105499e-01,-9.244958768389045789e-02,5.615377752203902784e-01,6.150605816701321116e-01,5.353844935685482254e-01,6.205071548850445984e-01,2.039634568342843790e-01,2.885607016925223478e-01,7.329791986108568080e-01,-2.019648067254933843e-02,1.614333523714724938e-01,5.383510135578023492e-01,1.839777872808154857e-01,-1.963174247069851830e-01,7.315662755847658349e-01,-4.942521825180944822e-02,5.799830339234659515e-01,3.700577292057796730e-02,-1.417969538707956612e-01
-4.422123788958965962e-01,-1.179534122189487694e-01,1.679118451376182819e-01,3.971939334657592635e-01,2.173349021966645145e-01,-6.891049727186224771e-01,3.485706424632711298e-01,-1.223019156621815151e-01,5.500180252127927494e-01,4.896434134650122505e-02,-5.244668725096761630e-01,1.000000000000000000e+00,1.740595822159854700e-01,-8.861941881000115484e-02,3.696674985185433582e-01,1.489684650119789677e-01,-4.120836061427042285e-01,4.578418992833042100e-01,4.326924177854757358e-01,1.962420381051806217e-01,-2.669420517119682618e-02,4.538056303036901440e-01,-4.226855241581111144e-01,-4.530936644433611882e-01,-2.658794004837752856e-01,-4.843211853193100658e-01,2.212914172569560300e-01,-5.078256732294425535e-02,-6.752070423748997019e-01,2.720847269729896878e-01,1.542154493288233341e-01,-3.972448132290878342e-01,1.590384481630922053e-01,5.621397704700621389e-01,-6.483403336962905161e-01,1.682154753828594418e-01,-5.706219327286891074e-01,2.659021743881666566e-01,4.532878328232245457e-01
-4.234574589446496451e-01,-2.131327568484970014e-01,5.949559447446964300e-02,4.625291459955015450e-01,-1.918666806008475778e-01,-2.909434424245581075e-01,3.149462673957509340e-01,9.728564758431432202e-02,-3.119975043237537826e-01,4.570524933965064429e-02,-1.382331707163509116e-01,1.740595822159854700e-01,1.000000000000000000e+00,-2.204973765734068170e-02,2.471129868601332491e-01,-2.023466518408352233e-01,4.072955800497776030e-02,2.514083001175190790e-01,3.162605945617686931e-01,4.263834834568327459e-01,-3.206217304133353596e-01,1.413256061044091960e-01,-2.928969258374217177e-01,-1.502249726215359460e-01,-1.126834662684163685e-01,-1.180528366882969277e-01,2.728153350246050393e-02,-1.831441381097967114e-01,-2.142198226164979125e-01,9.335599663449088703e-02,-7.111658849548894643e-03,-9.765563105333358029e-02,4.466909560010881020e-01,-2.484936061693411025e-01,-4.497088632927871005e-02,-1.310332040165766987e-01,-2.019075875751722982e-01,1.151914588378743012e-02,-2.655867546671098478e-01
2.429401952332931880e-01,4.335697033063569128e-01,4.849347789639188999e-01,3.214762043309838530e-02,3.770888479894135559e-01,2.208518310887833958e-01,1.150273434589062921e-01,-4.516366801813931353e-01,1.559019484030047809e-01,6.747430698016922967e-01,4.556689057903702822e-01,-8.861941881000115484e-02,-2.204973765734068170e-02,1.000000000000000000e+00,2.384600856540958769e-01,5.002465653543926027e-01,2.871977260618087113e-01,1.376446070509949882e-01,2.899340666392287713e-01,2.916844478809145769e-01,2.852997156022776815e-01,3.115785309145299165e-01,4.735991935893233418e-01,5.317459339388944661e-01,5.171261776773553587e-01,5.756670169817106331e-01,3.756319463665069858e-01,4.424454172280113395e-01,4.201145561144509211e-01,4.554461807448313415e-01,5.428876849222231682e-01,4.692120292551697491e-01,5.000968930516135336e-01,1.394043948732363036e-01,4.244093963709121842e-01,1.709279618708959836e-01,4.922496530167646545e-01,5.685497361601444394e-02,1.164176687906146174e-01
-1.915114591540606759e-01,1.050909310023374066e-01,3.116243672255407660e-01,3.639183684823282250e-01,1.735803871287625588e-01,-3.142859561492603038e-01,1.990335264011962313e-01,-2.080244116846750591e-01,2.995922638728044096e-01,3.448168486265549837e-01,-1.011753155787587788e-01,3.696674985185433582e-01,2.471129868601332491e-01,2.384600856540958769e-01,1.000000000000000000e+00,1.749163592233591857e-01,-4.663551530439003640e-02,3.812171417624009573e-01,5.275461187490059212e-01,6.423854258367803771e-01,2.141644999855632503e-01,5.510197605852938940e-01,-1.614407752871723778e-01,-1.374147435438053677e-01,7.146958478300575492e-03,1.114535990893193579e-01,8.099307945895171945e-02,-1.022967485796347914e-02,-8.903729370364889262e-02,4.116628249002390327e-01,2.203027717726793455e-01,-5.776360819813776415e-02,5.468706613984744003e-01,2.601742138061656218e-01,-4.640383154970083995e-02,-9.438620207985806698e-02,-1.212364808347435735e-01,1.968884873019634552e-01,3.161006584515914097e-01
1.679137791369800514e-01,6.415141432699125179e-01,2.647604090945614996e-01,-4.064454015116237412e-02,2.207469266515850181e-01,-3.475140092862237517e-02,7.917648533128943122e-03,-2.717611555528621770e-01,4.334413804456118680e-01,5.844587490952268816e-01,4.833541291709503307e-02,1.489684650119789677e-01,-2.023466518408352233e-01,5.002465653543926027e-01,1.749163592233591857e-01,1.000000000000000000e+00,-1.068832787718205224e-01,4.249306172939830428e-02,1.846939487363743748e-01,4.907581292360619490e-02,1.693200789716587107e-01,2.405602171694531943e-01,3.301324937422230321e-01,2.112503542071781371e-01,3.607108207851117410e-01,2.959299810839416955e-01,1.399545889601600535e-01,4.411764163695613972e-01,5.291034452169982721e-02,5.751507474135258979e-01,5.331793510698483729e-01,1.858393902324471936e-01,1.731025161497830589e-01,2.599497141631360031e-01,-1.549359033003110217e-04,3.802915656677772205e-01,2.553544366573973212e-01,2.292602353327188522e-02,4.026701687332525648e-01
4.206008576625394624e-01,5.500907894193282979e-03,1.676502871384469850e-01,3.141783942231027998e-02,6.761809464545051607e-02,3.797510699058415651e-01,-1.400803857441074995e-01,-1.160323253524356973e-01,-2.607678162067250671e-01,8.208060461907509819e-02,4.883886048942512326e-01,-4.120836061427042285e-01,4.072955800497776030e-02,2.871977260618087113e-01,-4.663551530439003640e-02,-1.068832787718205224e-01,1.000000000000000000e+00,-1.375112680616817351e-01,-1.374938179650546377e-01,-2.826688644560939722e-03,-3.344371577694812969e-02,-1.985900827580706629e-01,3.884375894489773828e-01,1.863839202683759133e-01,-1.501006907363143864e-02,5.221979663747682299e-01,1.124896868040990011e-01,2.415638284038003347e-01,5.393196805380995329e-01,-1.881520684005072094e-02,5.376562042315798096e-02,2.696716430449698776e-01,2.304647836374314473e-01,-2.277308322625223314e-01,4.924414322899466345e-01,-2.288983495395010420e-02,2.629724552147219008e-01,2.029446053632016356e-01,-2.243170018099512053e-01
-3.490988564253173498e-01,-1.046186765533634044e-01,5.254517087160580635e-01,5.560427158513908674e-01,4.416647508625898277e-01,-4.932952537468396348e-01,5.002804754362562001e-01,-4.643693505247063480e-01,2.611891202086274455e-01,2.719848604079536658e-01,-2.400521547300093206e-01,4.578418992833042100e-01,2.514083001175190790e-01,1.376446070509949882e-01,3.812171417624009573e-01,4.249306172939830428e-02,-1.375112680616817351e-01,1.000000000000000000e+00,6.701157191190737494e-01,4.195958962841374040e-01,1.128582279743122474e-01,5.186025609504815170e-01,-2.950495759721486477e-01,-1.322558127071795653e-01,-1.447324042111967080e-01,-9.263962381136522928e-02,2.064652089516826605e-01,5.989615670468732833e-02,-3.265583368861574298e-01,3.629358205061832265e-01,8.217112259142979325e-02,-2.523910780639942453e-01,4.189783362696604119e-01,3.296987201201890816e-01,-2.311389214797555103e-01,-7.111196921006206206e-02,-3.643758565644860115e-01,1.302950208541123756e-01,5.132008361242102606e-02
-4.648318471887268877e-01,-9.769511891862653341e-02,5.777960769279837372e-01,5.160557758265817974e-01,3.388379649998389809e-01,-4.032382429229502963e-01,4.980595664681760626e-01,-4.963873724187590764e-01,3.016573008814444345e-01,5.198824215600236220e-01,-1.157642736834318120e-01,4.326924177854757358e-01,3.162605945617686931e-01,2.899340666392287713e-01,5.275461187490059212e-01,1.846939487363743748e-01,-1.374938179650546377e-01,6.701157191190737494e-01,1.000000000000000000e+00,5.322398676280598595e-01,6.350096455009535124e-02,5.438958738169560325e-01,-2.364973739068934877e-01,-4.593675657629482656e-02,3.512994519955714434e-02,8.117150927194144439e-02,9.793221007578303827e-02,1.491996246936220794e-01,-2.648581775825957219e-01,4.134531376771470867e-01,4.125025067982475702e-01,-1.874135683879925851e-01,6.065285262701035629e-01,2.077643071411774955e-01,-1.264657080770810738e-01,-2.389494593142049983e-01,-2.360499803718699996e-01,-2.222578869074074565e-02,1.204068094585748344e-01
-1.990537872136310948e-01,5.286500093570001280e-02,3.659336315948475415e-01,5.182879254803668401e-01,2.788829801513796613e-02,-2.374553431181546936e-01,3.891029999842220977e-01,-2.292469439750771665e-01,-3.342996098758507090e-02,4.099939621030899151e-01,4.341194211708557932e-02,1.962420381051806217e-01,4.263834834568327459e-01,2.916844478809145769e-01,6.423854258367803771e-01,4.907581292360619490e-02,-2.826688644560939722e-03,4.195958962841374040e-01,5.322398676280598595e-01,1.000000000000000000e+00,2.718821540520702240e-01,6.086480380482641728e-01,-1.981370928722651081e-01,6.008951901683484698e-02,1.290599214140326356e-01,1.858516788620316607e-01,2.183443517028325342e-01,4.467766477295344318e-02,-1.395998614983721573e-03,3.954043548393514351e-01,1.906758917484571991e-01,-2.783953517169942063e-02,6.924962573440850422e-01,2.378343893276577484e-03,1.508965345006575698e-01,-1.073192806458135168e-01,-5.068014224806687701e-02,1.970875380193211346e-01,7.115025197739657803e-02
2.717969058474222765e-01,1.810581776929263698e-01,2.566076624691273622e-01,-1.073121278931120880e-02,2.732051646983275073e-01,1.749786608503456353e-01,1.659044387535986986e-01,-3.317007323831455690e-01,2.005978186998534640e-01,2.115776868950358380e-01,2.851236283013105499e-01,-2.669420517119682618e-02,-3.206217304133353596e-01,2.852997156022776815e-01,2.141644999855632503e-01,1.693200789716587107e-01,-3.344371577694812969e-02,1.128582279743122474e-01,6.350096455009535124e-02,2.718821540520702240e-01,1.000000000000000000e+00,4.362163856021660790e-01,1.939852656648189400e-01,2.867437901241103870e-01,3.309052876728459380e-01,1.901786210777139108e-01,2.816923810494916802e-01,2.202069610504010511e-01,2.463953569538011312e-01,1.663152895845767809e-01,-1.692704931990294745e-02,1.993130936535697506e-01,1.400136396475674394e-01,3.295652448861277062e-01,2.220701432056177427e-01,7.961954040055875537e-02,2.364124756803499816e-01,2.426121913547609199e-01,1.847921847591056099e-01
-1.648319176076602222e-01,2.112367919984438902e-01,4.868968286417619806e-01,3.401568126680983295e-01,2.905019875645052929e-01,-4.082715699288881339e-01,3.920206900417120832e-01,-4.205819996574132191e-01,3.049638256035233086e-01,3.715207087782206319e-01,-9.244958768389045789e-02,4.538056303036901440e-01,1.413256061044091960e-01,3.115785309145299165e-01,5.510197605852938940e-01,2.405602171694531943e-01,-1.985900827580706629e-01,5.186025609504815170e-01,5.438958738169560325e-01,6.086480380482641728e-01,4.362163856021660790e-01,1.000000000000000000e+00,-2.087889380290848529e-01,4.445511856261108972e-03,1.170656755726646042e-01,-1.819633345434428298e-02,3.626671578544595764e-01,1.388162949376649247e-01,-1.918110131735921986e-01,4.762243971195777026e-01,2.375383907649745996e-01,-1.061514527287760329e-01,5.589564033131135812e-01,4.136770617914735104e-01,-1.013550348106932869e-01,7.664229154695526014e-02,-1.269947434955049081e-01,2.036353547420887977e-01,1.982246531515615695e-01
5.270494562879742828e-01,3.666584222843187191e-01,1.023609407392426646e-01,-3.305305686843376667e-01,1.312418428817951066e-01,5.619556302936484782e-01,-2.410765094404024311e-01,-1.601036861594032912e-01,1.123314288661437024e-02,3.312670242461988601e-01,5.615377752203902784e-01,-4.226855241581111144e-01,-2.928969258374217177e-01,4.735991935893233418e-01,-1.614407752871723778e-01,3.301324937422230321e-01,3.884375894489773828e-01,-2.950495759721486477e-01,-2.364973739068934877e-01,-1.981370928722651081e-01,1.939852656648189400e-01,-2.087889380290848529e-01,1.000000000000000000e+00,5.632598946654872041e-01,4.904003209793634244e-01,5.663177304993074479e-01,1.517040177702060344e-01,3.122601028733188455e-01,6.045913338335745513e-01,1.197700813852423107e-01,2.327347701387919299e-01,6.057984690644859782e-01,8.491675566225927868e-03,-6.314036591731986281e-02,5.091100873556597683e-01,1.711085643495159070e-01,5.996713249343020857e-01,-3.186073011152895651e-02,2.090578443420255256e-02
3.110076964202729277e-01,2.952027538404321527e-01,1.515600495715743457e-01,-2.366172909019420567e-01,5.042614718828569015e-02,5.376530477234826577e-01,-2.803053825576301561e-02,-1.896226953988195962e-01,-1.877868067725506629e-01,4.296478876443130535e-01,6.150605816701321116e-01,-4.530936644433611882e-01,-1.502249726215359460e-01,5.317459339388944661e-01,-1.374147435438053677e-01,2.112503542071781371e-01,1.863839202683759133e-01,-1.322558127071795653e-01,-4.593675657629482656e-02,6.008951901683484698e-02,2.867437901241103870e-01,4.445511856261108972e-03,5.632598946654872041e-01,1.000000000000000000e+00,7.065809262152621395e-01,5.033633577871473586e-01,2.591164152752533645e-01,2.222860792022849363e-01,5.882479350705118737e-01,7.561422104896574348e-02,2.067794711628108684e-01,5.861895991711293386e-01,1.388266174141633835e-01,-1.957140685699884364e-01,6.037221934093781606e-01,5.144430330464252500e-03,6.349548334771398794e-01,-1.734022665616406778e-01,-1.459985073387662369e-01
2.026798243551230227e-01,3.489978597639413760e-01,9.660405083819234573e-02,-1.771958978320177791e-01,2.734632233515128102e-02,4.799832830782503890e-01,5.691726071759009575e-02,-1.406583717825069246e-01,-3.408869210515017446e-03,5.019237269165782722e-01,5.353844935685482254e-01,-2.658794004837752856e-01,-1.126834662684163685e-01,5.171261776773553587e-01,7.146958478300575492e-03,3.607108207851117410e-01,-1.501006907363143864e-02,-1.447324042111967080e-01,3.512994519955714434e-02,1.290599214140326356e-01,3.309052876728459380e-01,1.170656755726646042e-01,4.904003209793634244e-01,7.065809262152621395e-01,1.000000000000000000e+00,4.140715353876100457e-01,2.420498907551061618e-01,2.759323285669478265e-01,4.368177061333285982e-01,1.812973851728784669e-01,3.080566371114918933e-01,5.594666416071182313e-01,1.469299987775865568e-01,-3.040335161349376134e-02,4.620704581383965892e-01,7.384664150008493633e-02,5.888826155550536123e-01,-9.815996760147577271e-02,4.457559038905970633e-02
4.009765193595608013e-01,3.232435558690051614e-01,3.768085108663498661e-01,-5.885914963443127784e-02,1.167610438082409691e-01,5.211705233698752382e-01,-1.437348120969533516e-01,-3.555289362494817862e-01,-7.681169517636302069e-02,5.352731705296693843e-01,6.205071548850445984e-01,-4.843211853193100658e-01,-1.180528366882969277e-01,5.756670169817106331e-01,1.114535990893193579e-01,2.959299810839416955e-01,5.221979663747682299e-01,-9.263962381136522928e-02,8.117150927194144439e-02,1.858516788620316607e-01,1.901786210777139108e-01,-1.819633345434428298e-02,5.663177304993074479e-01,5.033633577871473586e-01,4.140715353876100457e-01,1.000000000000000000e+00,9.763453188704045160e-02,4.537346297659838879e-01,6.818352528864941586e-01,2.781585317057694295e-01,4.119856293513684542e-01,4.471492676060724869e-01,3.852575133069416902e-01,-2.293790565357088918e-01,6.842467678176068491e-01,-2.743620641229164991e-02,5.564777375545850724e-01,2.857207181478282204e-02,-2.602304673338968512e-03
2.308943394991894715e-01,1.521950910006899249e-01,2.941886121461453896e-01,1.425770271786868382e-01,2.953725398250328094e-01,-5.190699075634506304e-02,1.950951114918039464e-01,-2.566648688183420512e-01,1.115779748253065556e-01,2.550114148277826676e-01,2.039634568342843790e-01,2.212914172569560300e-01,2.728153350246050393e-02,3.756319463665069858e-01,8.099307945895171945e-02,1.399545889601600535e-01,1.124896868040990011e-01,2.064652089516826605e-01,9.793221007578303827e-02,2.183443517028325342e-01,2.816923810494916802e-01,3.626671578544595764e-01,1.517040177702060344e-01,2.591164152752533645e-01,2.420498907551061618e-01,9.763453188704045160e-02,1.000000000000000000e+00,1.910134159874881943e-01,1.083997988341862811e-01,3.016006815831369092e-01,1.567198744160931967e-01,2.797685470030252253e-01,3.059517051831347478e-01,3.268604059788193239e-01,1.448352074879865614e-01,4.016208487781955938e-01,8.536458347425074367e-02,3.724952910494468417e-01,1.903944722620829755e-01
2.669437857909185974e-01,2.542374350818930595e-01,5.128233235695711656e-01,8.678028472760589140e-02,3.204709466295618814e-01,1.532974108754946163e-01,1.895710271333656272e-01,-5.490325655611951738e-01,2.271080825204072062e-01,4.665979807492071085e-01,2.885607016925223478e-01,-5.078256732294425535e-02,-1.831441381097967114e-01,4.424454172280113395e-01,-1.022967485796347914e-02,4.411764163695613972e-01,2.415638284038003347e-01,5.989615670468732833e-02,1.491996246936220794e-01,4.467766477295344318e-02,2.202069610504010511e-01,1.388162949376649247e-01,3.122601028733188455e-01,2.222860792022849363e-01,2.759323285669478265e-01,4.537346297659838879e-01,1.910134159874881943e-01,1.000000000000000000e+00,1.790801946851199311e-01,2.867163621889950997e-01,4.331211392812183703e-01,9.469582090928184426e-02,2.687211227350001508e-01,2.040209051198743628e-01,2.015095392663314444e-01,1.906577741014920113e-01,1.766513235017137806e-01,1.714917930957679804e-01,2.188648355503104714e-01
5.792950077347567284e-01,2.474468528945574231e-01,7.484521985126713073e-02,-2.828668132660566714e-01,2.234350946552183734e-02,7.319947212198502084e-01,-2.871408740221363387e-01,-9.939369482335737305e-02,-2.789416004904122781e-01,2.115142143164418786e-01,7.329791986108568080e-01,-6.752070423748997019e-01,-2.142198226164979125e-01,4.201145561144509211e-01,-8.903729370364889262e-02,5.291034452169982721e-02,5.393196805380995329e-01,-3.265583368861574298e-01,-2.648581775825957219e-01,-1.395998614983721573e-03,2.463953569538011312e-01,-1.918110131735921986e-01,6.045913338335745513e-01,5.882479350705118737e-01,4.368177061333285982e-01,6.818352528864941586e-01,1.083997988341862811e-01,1.790801946851199311e-01,1.000000000000000000e+00,-2.076930028540775047e-03,5.380851437410349991e-02,5.950545941406000239e-01,9.944619302550762596e-02,-2.849724466704017245e-01,7.837051126379914745e-01,-1.389649531754691067e-02,6.832115400398415250e-01,6.573500395310749762e-03,-1.719497736960014234e-01
5.267081076058710565e-02,5.069002952594591216e-01,4.306016131343723963e-01,2.812856766497442429e-01,2.592351817924560264e-01,-2.413077258542846715e-01,1.738448365917016347e-01,-3.435778786574993360e-01,3.489539797206900329e-01,5.803625256563649248e-01,-2.019648067254933843e-02,2.720847269729896878e-01,9.335599663449088703e-02,4.554461807448313415e-01,4.116628249002390327e-01,5.751507474135258979e-01,-1.881520684005072094e-02,3.629358205061832265e-01,4.134531376771470867e-01,3.954043548393514351e-01,1.663152895845767809e-01,4.762243971195777026e-01,1.197700813852423107e-01,7.561422104896574348e-02,1.812973851728784669e-01,2.781585317057694295e-01,3.016006815831369092e-01,2.867163621889950997e-01,-2.076930028540775047e-03,1.000000000000000000e+00,4.750861228311038520e-01,1.118821809093719366e-01,4.889268600524753761e-01,2.441770636794943494e-01,9.152407453917389343e-03,3.395953511797465962e-01,6.281609456634786037e-02,1.515817314510546632e-01,3.132149310914504325e-01
-9.485810905613993593e-02,3.299544567991609112e-01,4.278825340761761575e-01,1.081200971342224371e-01,1.979449157513508140e-01,-3.125872717544937035e-02,1.066508575859930197e-01,-3.780920604536063268e-01,3.087022076726301800e-01,6.591021741275786550e-01,1.614333523714724938e-01,1.542154493288233341e-01,-7.111658849548894643e-03,5.428876849222231682e-01,2.203027717726793455e-01,5.331793510698483729e-01,5.376562042315798096e-02,8.217112259142979325e-02,4.125025067982475702e-01,1.906758917484571991e-01,-1.692704931990294745e-02,2.375383907649745996e-01,2.327347701387919299e-01,2.067794711628108684e-01,3.080566371114918933e-01,4.119856293513684542e-01,1.567198744160931967e-01,4.331211392812183703e-01,5.380851437410349991e-02,4.750861228311038520e-01,1.000000000000000000e+00,1.938224169270173769e-01,4.437962360782228832e-01,6.655272431288707102e-02,1.090951162137472896e-01,9.657599686728035593e-02,2.098906957634456838e-01,-1.324261057946060083e-01,3.375343626682831832e-01
3.957867595955374962e-01,3.243484477102401287e-01,8.962785983145938815e-03,-2.833610405468187654e-01,7.413957074359285582e-02,5.446489212422271908e-01,-1.883982533090301503e-01,-3.512229835291875990e-02,-8.861413995668906973e-02,2.875621527939233313e-01,5.383510135578023492e-01,-3.972448132290878342e-01,-9.765563105333358029e-02,4.692120292551697491e-01,-5.776360819813776415e-02,1.858393902324471936e-01,2.696716430449698776e-01,-2.523910780639942453e-01,-1.874135683879925851e-01,-2.783953517169942063e-02,1.993130936535697506e-01,-1.061514527287760329e-01,6.057984690644859782e-01,5.861895991711293386e-01,5.594666416071182313e-01,4.471492676060724869e-01,2.797685470030252253e-01,9.469582090928184426e-02,5.950545941406000239e-01,1.118821809093719366e-01,1.938224169270173769e-01,1.000000000000000000e+00,8.020084281491475509e-02,-8.844046288400232714e-02,5.404293377182423086e-01,1.105361223753435762e-01,6.982343692225359000e-01,-7.664075632235056723e-02,-1.028032581511319904e-02
-1.452696138709019535e-01,1.139289016957065331e-01,6.146212409948939026e-01,4.649348410740214432e-01,2.270598194490534294e-01,-1.864158267892486176e-01,3.621983849115642529e-01,-4.662458366360278106e-01,3.586453269367084924e-03,5.620125993973081879e-01,1.839777872808154857e-01,1.590384481630922053e-01,4.466909560010881020e-01,5.000968930516135336e-01,5.468706613984744003e-01,1.731025161497830589e-01,2.304647836374314473e-01,4.189783362696604119e-01,6.065285262701035629e-01,6.924962573440850422e-01,1.400136396475674394e-01,5.589564033131135812e-01,8.491675566225927868e-03,1.388266174141633835e-01,1.469299987775865568e-01,3.852575133069416902e-01,3.059517051831347478e-01,2.687211227350001508e-01,9.944619302550762596e-02,4.889268600524753761e-01,4.437962360782228832e-01,8.020084281491475509e-02,1.000000000000000000e+00,1.125866973686210845e-02,2.546528031922726809e-01,-7.101106202129330025e-02,4.406281483789325354e-02,1.185063917926503230e-01,3.109286214220103629e-03
1.737757641000930650e-02,6.281478000228626901e-02,2.813178962539914507e-01,1.279635484920955413e-01,5.767974645172340153e-01,-3.029407388445525262e-01,2.647537657919628029e-01,-3.472280242073053080e-01,7.021542857363206602e-01,9.151689225175582698e-02,-1.963174247069851830e-01,5.621397704700621389e-01,-2.484936061693411025e-01,1.394043948732363036e-01,2.601742138061656218e-01,2.599497141631360031e-01,-2.277308322625223314e-01,3.296987201201890816e-01,2.077643071411774955e-01,2.378343893276577484e-03,3.295652448861277062e-01,4.136770617914735104e-01,-6.314036591731986281e-02,-1.957140685699884364e-01,-3.040335161349376134e-02,-2.293790565357088918e-01,3.268604059788193239e-01,2.040209051198743628e-01,-2.849724466704017245e-01,2.441770636794943494e-01,6.655272431288707102e-02,-8.844046288400232714e-02,1.125866973686210845e-02,1.000000000000000000e+00,-3.803050130641742466e-01,2.676995278147313306e-01,-2.339361530311128701e-01,3.642056068091056309e-01,4.537717212531915956e-01
4.310940049790791817e-01,1.780925765936231808e-01,1.617016466984801115e-01,-1.770152291610177231e-01,-2.109957032814132032e-03,6.679755844205763626e-01,-1.479230195075544041e-01,-1.557730452094412410e-01,-3.871926844260430434e-01,2.771935515769494707e-01,7.315662755847658349e-01,-6.483403336962905161e-01,-4.497088632927871005e-02,4.244093963709121842e-01,-4.640383154970083995e-02,-1.549359033003110217e-04,4.924414322899466345e-01,-2.311389214797555103e-01,-1.264657080770810738e-01,1.508965345006575698e-01,2.220701432056177427e-01,-1.013550348106932869e-01,5.091100873556597683e-01,6.037221934093781606e-01,4.620704581383965892e-01,6.842467678176068491e-01,1.448352074879865614e-01,2.015095392663314444e-01,7.837051126379914745e-01,9.152407453917389343e-03,1.090951162137472896e-01,5.404293377182423086e-01,2.546528031922726809e-01,-3.803050130641742466e-01,1.000000000000000000e+00,-6.719768365145543931e-02,6.390234583195799623e-01,-4.156138505460901106e-02,-2.511931133713022346e-01
3.372392234432950442e-01,4.444041129990078942e-01,-2.151603456658120889e-02,-6.101041815509134630e-02,1.137012147884862850e-01,-7.159346342772668348e-02,-6.572281434240752340e-02,1.557538645708342329e-02,1.866882711393926808e-01,4.904773213372291829e-02,-4.942521825180944822e-02,1.682154753828594418e-01,-1.310332040165766987e-01,1.709279618708959836e-01,-9.438620207985806698e-02,3.802915656677772205e-01,-2.288983495395010420e-02,-7.111196921006206206e-02,-2.389494593142049983e-01,-1.073192806458135168e-01,7.961954040055875537e-02,7.664229154695526014e-02,1.711085643495159070e-01,5.144430330464252500e-03,7.384664150008493633e-02,-2.743620641229164991e-02,4.016208487781955938e-01,1.906577741014920113e-01,-1.389649531754691067e-02,3.395953511797465962e-01,9.657599686728035593e-02,1.105361223753435762e-01,-7.101106202129330025e-02,2.676995278147313306e-01,-6.719768365145543931e-02,1.000000000000000000e+00,6.937192073698687789e-02,3.138109095406945714e-01,3.118036491880358807e-01
4.569321980591136700e-01,4.309045629749055362e-01,-1.972161196614432774e-02,-4.488019755335431182e-01,-4.036674082725533186e-02,6.410184010263927368e-01,-3.111665770902243833e-01,-1.677122661665264580e-02,-1.731890318480644730e-01,2.866345156109862402e-01,5.799830339234659515e-01,-5.706219327286891074e-01,-2.019075875751722982e-01,4.922496530167646545e-01,-1.212364808347435735e-01,2.553544366573973212e-01,2.629724552147219008e-01,-3.643758565644860115e-01,-2.360499803718699996e-01,-5.068014224806687701e-02,2.364124756803499816e-01,-1.269947434955049081e-01,5.996713249343020857e-01,6.349548334771398794e-01,5.888826155550536123e-01,5.564777375545850724e-01,8.536458347425074367e-02,1.766513235017137806e-01,6.832115400398415250e-01,6.281609456634786037e-02,2.098906957634456838e-01,6.982343692225359000e-01,4.406281483789325354e-02,-2.339361530311128701e-01,6.390234583195799623e-01,6.937192073698687789e-02,1.000000000000000000e+00,-1.983689511101448255e-01,-1.355895895744892998e-01
2.747686244877090012e-01,-5.042915199843827495e-02,4.954910538540684833e-02,3.352251314021518769e-01,1.253630373358740613e-01,-5.161125511077017947e-02,1.676969357828210494e-01,-2.368570648604259241e-02,2.590978758528444947e-01,-5.223321561943334440e-02,3.700577292057796730e-02,2.659021743881666566e-01,1.151914588378743012e-02,5.685497361601444394e-02,1.968884873019634552e-01,2.292602353327188522e-02,2.029446053632016356e-01,1.302950208541123756e-01,-2.222578869074074565e-02,1.970875380193211346e-01,2.426121913547609199e-01,2.036353547420887977e-01,-3.186073011152895651e-02,-1.734022665616406778e-01,-9.815996760147577271e-02,2.857207181478282204e-02,3.724952910494468417e-01,1.714917930957679804e-01,6.573500395310749762e-03,1.515817314510546632e-01,-1.324261057946060083e-01,-7.664075632235056723e-02,1.185063917926503230e-01,3.642056068091056309e-01,-4.156138505460901106e-02,3.138109095406945714e-01,-1.983689511101448255e-01,1.000000000000000000e+00,3.108949000530856210e-01
2.063693136646522694e-02,2.046549494460796204e-01,1.112131487677909536e-01,1.283102721370139310e-01,1.481949264068321004e-01,-1.707274926747404664e-01,-4.646149048634932478e-03,-1.400732243117009113e-01,6.078878041902930907e-01,2.383511710322523125e-01,-1.417969538707956612e-01,4.532878328232245457e-01,-2.655867546671098478e-01,1.164176687906146174e-01,3.161006584515914097e-01,4.026701687332525648e-01,-2.243170018099512053e-01,5.132008361242102606e-02,1.204068094585748344e-01,7.115025197739657803e-02,1.847921847591056099e-01,1.982246531515615695e-01,2.090578443420255256e-02,-1.459985073387662369e-01,4.457559038905970633e-02,-2.602304673338968512e-03,1.903944722620829755e-01,2.188648355503104714e-01,-1.719497736960014234e-01,3.132149310914504325e-01,3.375343626682831832e-01,-1.028032581511319904e-02,3.109286214220103629e-03,4.537717212531915956e-01,-2.511931133713022346e-01,3.118036491880358807e-01,-1.355895895744892998e-01,3.108949000530856210e-01,1.000000000000000000e+00
