1.000000000000000000e+00,-3.695467413570593385e-01,5.819947833177041563e-01,7.472329707630841478e-01,2.917292421607477482e-01,-3.564491430269886019e-01,-5.862702230420815397e-01,-3.650101657453722059e-02,8.456882347503120734e-01,7.759931703479623355e-01,-5.072590055552845811e-01,4.455611410228356717e-01,3.802894067486540797e-01,-3.860221786630677054e-01,-1.559515789013725673e-01,8.250806528915831661e-01,-2.730858798636552898e-01,7.594116970273789846e-01,7.829399619353970552e-01,7.383564940887274997e-01,-7.002874447127260815e-01,-7.180159467057886102e-01,-4.450506581893775016e-01,-5.644213688863481543e-02,-3.005934385768657124e-01,3.072292514070174008e-01,-3.621469145786121446e-01,-5.120877516254955797e-01,-2.550970361226455041e-01,8.604193495475797038e-01,-5.313796537324736446e-01,-5.693529869743690908e-01,-4.359873944992226913e-01,6.205536203062200773e-01,-1.923526517384134271e-01,-6.729041772018787837e-01,-5.320819240451252208e-01,8.425844501494358374e-01,2.758625932410656567e-01
-3.695467413570593385e-01,1.000000000000000000e+00,-6.134787480624404737e-02,-4.787642569962302641e-01,2.591452810221443470e-01,6.290392987933625113e-01,6.603031718156811003e-01,-3.793822106408783479e-01,-4.011773693213999126e-01,-2.875255173266671460e-01,7.177159680650386786e-01,-2.673868654426573427e-02,-2.692061809308229914e-01,7.005746640325504204e-01,1.559420111021217192e-01,-5.230562167097351223e-01,5.450585212379978062e-01,-4.691542886539022406e-01,-3.827231899481680077e-01,-5.292771128328725982e-01,4.031559726198587490e-01,4.904960001505212497e-01,7.834152998236220133e-01,5.649987592879834875e-01,7.365153946503890658e-01,3.273707176340928671e-01,7.134151503291852325e-01,2.733849531906808461e-01,3.537885549815754094e-01,-4.147170345068839081e-01,7.361633809340404344e-01,8.373309482064871245e-01,4.809463882343010255e-01,-3.466111209538254023e-01,6.915747565482971426e-01,7.105299474366469914e-01,8.065682354589112091e-01,-4.603888655013959608e-01,2.145430589415668887e-01
5.819947833177041563e-01,-6.134787480624404737e-02,1.000000000000000000e+00,4.921908825163992529e-01,6.636997276789634581e-01,1.806661767347156888e-01,-3.856956514422964499e-01,-6.212334871251150581e-01,5.348226756624625544e-01,5.019714581811024479e-01,-1.007963434462519001e-02,3.337696819506287826e-01,1.393601594392171461e-01,1.832854040063653378e-01,-8.506467524133524971e-02,4.905192478587386828e-01,1.985192587954026922e-01,4.642925888693199554e-01,5.681206546674840707e-01,4.057739346563775107e-01,-3.738733393857976983e-01,-3.430466171404977782e-01,9.676106856535308942e-02,2.643800953208192972e-01,9.925485856879381896e-02,1.891364548112754451e-01,1.827372661279453095e-02,-3.606628931171551589e-01,-1.728526480238264385e-01,5.903313206860114626e-01,-9.492431938410497705e-02,-1.305125181417149671e-01,1.685275583724203663e-01,5.306969193302267795e-01,-3.831003611963625793e-02,-3.420892541538851361e-01,-2.070913028261272271e-01,5.339812407734420008e-01,2.311756747208338625e-01
7.472329707630841478e-01,-4.787642569962302641e-01,4.921908825163992529e-01,1.000000000000000000e+00,6.904606168476744299e-02,-4.292418435770239404e-01,-6.159623627338006724e-01,1.847796878197452697e-01,9.066734128261471071e-01,8.817955936209148637e-01,-5.768217499185872565e-01,7.292609186141568722e-01,5.748164055514699555e-01,-4.659948667598484695e-01,-3.009096672382929327e-01,8.830939067643844842e-01,-3.283518824424556670e-01,9.423809839642215413e-01,9.286790112582918866e-01,8.472554096252103983e-01,-8.902358050377783272e-01,-8.797910495123654195e-01,-4.878139577343990063e-01,-1.164705493614717202e-01,-3.871424193315307072e-01,-5.106474705486710453e-02,-4.948318154697716187e-01,-7.433548727910684883e-01,-6.696394240557285160e-01,8.560402852609451108e-01,-7.464165469654434615e-01,-7.276149103293407805e-01,-6.205199233152051130e-01,6.524857477664628425e-01,-3.429860167743295496e-01,-8.452230716173966263e-01,-6.724271430761126211e-01,9.082625779726408721e-01,5.347396227603004037e-01
2.917292421607477482e-01,2.591452810221443470e-01,6.636997276789634581e-01,6.904606168476744299e-02,1.000000000000000000e+00,3.418903907516657736e-01,4.169418401373393979e-02,-6.222501009452734433e-01,1.642312013386467984e-01,1.811354802528145624e-01,1.796846208005951906e-01,4.921857453310838487e-02,-2.784212408352879087e-01,4.149349438002695178e-01,-1.699437922179133642e-01,1.731042919998064533e-01,2.304302888160486562e-01,7.159755571615376846e-02,1.565068268625723624e-01,-1.060699317915647817e-02,2.981475104702011741e-02,9.261718169932774136e-02,3.756738780390197485e-01,3.696765990256911105e-01,3.990693130471874572e-01,4.064320262532061800e-01,3.739195414336055623e-01,1.329303572128340272e-01,1.961696100693135214e-01,2.449958708039081667e-01,3.909366687426106268e-01,2.420756587756504319e-01,4.086126698183170092e-01,2.817455272982387626e-01,2.870890831899811646e-01,9.985766362373149629e-02,2.015145787568423386e-01,1.546772490747591045e-01,1.551221461674484048e-01
-3.564491430269886019e-01,6.290392987933625113e-01,1.806661767347156888e-01,-4.292418435770239404e-01,3.418903907516657736e-01,1.000000000000000000e+00,3.469724879692649977e-01,-5.968305417188819462e-01,-4.261062515827178654e-01,-3.811227813526031349e-01,8.719309051618993056e-01,-1.711086952792668925e-01,-2.651474260402565952e-01,8.081806313343462556e-01,5.708264221919924497e-02,-5.294339568434700549e-01,8.615302124188007893e-01,-4.208597488743424098e-01,-3.224756025297919604e-01,-4.210270538562685405e-01,3.906572296809763811e-01,4.572184816449318956e-01,8.044804778264817990e-01,3.846360999560831107e-01,6.606847530039819949e-01,2.653612146397989549e-02,5.856283937671227235e-01,1.757773389372316308e-01,3.410936472842394651e-01,-3.925809851870860623e-01,6.178630645521455689e-01,7.399738609685426738e-01,7.168537582243530437e-01,-2.904656916704428382e-01,4.996387615326096099e-01,6.381574608904752033e-01,7.256395970344255986e-01,-4.449926490052233952e-01,-3.608537645880614125e-02
-5.862702230420815397e-01,6.603031718156811003e-01,-3.856956514422964499e-01,-6.159623627338006724e-01,4.169418401373393979e-02,3.469724879692649977e-01,1.000000000000000000e+00,2.941392720997484250e-02,-5.799852678998180799e-01,-5.032552342913735322e-01,4.221219354102652699e-01,-2.185543242242528050e-01,-3.939708389637162633e-01,4.397971644463210539e-01,6.227448069075872811e-02,-5.973245221621229506e-01,1.833804880952376593e-01,-6.123168582429343587e-01,-6.029588718721817786e-01,-6.598425864875849811e-01,6.637177223876745691e-01,7.162738878533755349e-01,5.774451095533453815e-01,3.851862486428748733e-01,5.136675535940313786e-01,2.459488464698887100e-01,6.572525509098590124e-01,6.433992995935390313e-01,3.671353158532165151e-01,-6.102268114321207637e-01,7.287016402961159489e-01,6.555623193946884530e-01,4.247943338424237103e-01,-4.022128566490724144e-01,5.101012190088350939e-01,7.088502082583152397e-01,6.181247170305872451e-01,-6.483323945797808685e-01,-3.853936724037174827e-02
-3.650101657453722059e-02,-3.793822106408783479e-01,-6.212334871251150581e-01,1.847796878197452697e-01,-6.222501009452734433e-01,-5.968305417188819462e-01,2.941392720997484250e-02,1.000000000000000000e+00,1.096935114436284608e-01,7.781618991434063881e-02,-5.099849064419811340e-01,1.354889710477709674e-01,1.596574112061279749e-01,-6.368993301325500678e-01,-1.265155327203553171e-01,1.335292378398889590e-01,-5.521354540117686671e-01,1.779419151681464750e-01,6.516093133593625630e-02,2.234446976971152243e-01,-1.659033366406397203e-01,-2.090659393358238749e-01,-4.915323197717220705e-01,-4.054982262982991803e-01,-4.264427163394420850e-01,-1.957760909692628226e-01,-3.985557881723795770e-01,-9.477467878548499411e-03,-2.891281637008064065e-01,4.330879020815471027e-03,-4.183733999730213093e-01,-4.654464511978949615e-01,-5.821423619527935633e-01,-9.911064456953529514e-03,-2.580992746691125883e-01,-2.659934401406679472e-01,-3.541990992045923603e-01,8.532610448398482428e-02,4.776651270425696233e-02
8.456882347503120734e-01,-4.011773693213999126e-01,5.348226756624625544e-01,9.066734128261471071e-01,1.642312013386467984e-01,-4.261062515827178654e-01,-5.799852678998180799e-01,1.096935114436284608e-01,1.000000000000000000e+00,9.215186363332652508e-01,-5.737063864238530764e-01,7.134457060295261721e-01,5.409725474280996371e-01,-4.136167137159310059e-01,-2.403878074492885597e-01,9.167312164674576991e-01,-3.265445855481093340e-01,9.159059851776798489e-01,9.246212423853383822e-01,8.420964557782500970e-01,-8.533734944972031222e-01,-8.408961739262708068e-01,-4.851780251327979521e-01,-2.523459035168379092e-02,-3.291213951547854455e-01,1.065489840326665077e-01,-4.347028636438631244e-01,-6.833104915370216137e-01,-5.377848725720119072e-01,9.325462280419249961e-01,-6.747134490084234493e-01,-6.525860206888199899e-01,-5.827058821789584675e-01,7.375547588906228302e-01,-2.710125209630614429e-01,-8.186411981653561876e-01,-6.183902195365318377e-01,9.404753756887953564e-01,5.558112293496705325e-01
7.759931703479623355e-01,-2.875255173266671460e-01,5.019714581811024479e-01,8.817955936209148637e-01,1.811354802528145624e-01,-3.811227813526031349e-01,-5.032552342913735322e-01,7.781618991434063881e-02,9.215186363332652508e-01,1.000000000000000000e+00,-5.261437245859419409e-01,7.910717757546676943e-01,5.590831415169534857e-01,-3.388329013593490147e-01,-2.793991484078545140e-01,8.985824813327870642e-01,-3.021478063085955013e-01,9.048532107060204277e-01,9.151317481967632395e-01,7.657301450181395186e-01,-8.479517817770581001e-01,-8.167440503972475119e-01,-3.923569950561820452e-01,5.966604260657055320e-02,-2.072015895158307031e-01,1.386392502026411733e-01,-3.012924504331861986e-01,-6.716226399370879285e-01,-5.804053832153071024e-01,8.861362467386064701e-01,-5.951039817486925010e-01,-5.605558133748919092e-01,-5.974843414308562695e-01,6.705549799340689843e-01,-1.908169064959333305e-01,-7.600270346814470557e-01,-5.603730253042188414e-01,9.092819088962706964e-01,6.872813750190924775e-01
-5.072590055552845811e-01,7.177159680650386786e-01,-1.007963434462519001e-02,-5.768217499185872565e-01,1.796846208005951906e-01,8.719309051618993056e-01,4.221219354102652699e-01,-5.099849064419811340e-01,-5.737063864238530764e-01,-5.261437245859419409e-01,1.000000000000000000e+00,-2.714985648123542927e-01,-3.068791577678965377e-01,7.840520689362511231e-01,1.693778250201061486e-01,-6.911305500963992321e-01,8.704624984125101106e-01,-5.660199799633500728e-01,-4.707819528433720979e-01,-5.198006223939910520e-01,4.781453332719584060e-01,5.343437182887705861e-01,8.208574656910153644e-01,3.331260558567309960e-01,6.826639226041062436e-01,1.236913950203353228e-02,5.728831894309044381e-01,2.637609777100300423e-01,3.950820311636571991e-01,-5.598378242981904007e-01,6.670620609327089223e-01,8.189024274905244427e-01,7.059901724665669231e-01,-4.561436899758942731e-01,5.049611216742441178e-01,7.563637039435577858e-01,8.182691499459339157e-01,-5.853853962572075353e-01,-9.359687912200831406e-02
4.455611410228356717e-01,-2.673868654426573427e-02,3.337696819506287826e-01,7.292609186141568722e-01,4.921857453310838487e-02,-1.711086952792668925e-01,-2.185543242242528050e-01,1.354889710477709674e-01,7.134457060295261721e-01,7.910717757546676943e-01,-2.714985648123542927e-01,1.000000000000000000e+00,5.619974250418542372e-01,-1.236137786323884963e-01,-2.344639329951201945e-01,6.338511423870440975e-01,-1.042332481724127513e-01,7.404903788090292371e-01,7.511922618506361449e-01,5.819744704816210978e-01,-6.984837476826746272e-01,-6.156929210554515919e-01,-1.013199814760018524e-01,2.037214359996092350e-01,-6.221288848353178670e-03,-3.322172825461990053e-02,-8.767860183490447379e-02,-5.902711737112297241e-01,-6.974274878010170431e-01,6.237105624658697556e-01,-4.128944653158137523e-01,-3.259686835663450633e-01,-4.551467337665783264e-01,5.547610345747060467e-01,-7.211182525735053417e-02,-5.314436160657997066e-01,-3.352666275070963486e-01,6.609202563920690832e-01,8.247238965150257561e-01
3.802894067486540797e-01,-2.692061809308229914e-01,1.393601594392171461e-01,5.748164055514699555e-01,-2.784212408352879087e-01,-2.651474260402565952e-01,-3.939708389637162633e-01,1.596574112061279749e-01,5.409725474280996371e-01,5.590831415169534857e-01,-3.068791577678965377e-01,5.619974250418542372e-01,1.000000000000000000e+00,-3.590052711492130455e-01,-1.606877889019686992e-02,4.775488930535820020e-01,-1.193293168255015052e-01,5.928871379525710861e-01,5.832578433072915791e-01,5.255270779795989666e-01,-6.558730518479443106e-01,-6.404418838604101216e-01,-3.515285537517046643e-01,1.762312628598932188e-02,-3.703208675535770711e-01,-1.570179053955470805e-01,-2.305856560884430584e-01,-5.958044613089650277e-01,-4.967301168533878597e-01,4.816523528227904527e-01,-5.559537053561602882e-01,-3.923828877590175290e-01,-5.461029614834290724e-01,3.084292837595399850e-01,-2.030394955270190538e-01,-5.478594321941868683e-01,-4.385653129556043583e-01,5.328442922007270433e-01,3.982054548455255527e-01
-3.860221786630677054e-01,7.005746640325504204e-01,1.832854040063653378e-01,-4.659948667598484695e-01,4.149349438002695178e-01,8.081806313343462556e-01,4.397971644463210539e-01,-6.368993301325500678e-01,-4.136167137159310059e-01,-3.388329013593490147e-01,7.840520689362511231e-01,-1.236137786323884963e-01,-3.590052711492130455e-01,1.000000000000000000e+00,1.178715157869333896e-01,-4.832338922763066980e-01,7.276024129929202777e-01,-4.647522428238914372e-01,-3.662938735307870175e-01,-4.646157077854801698e-01,4.664638464318840994e-01,5.509691173640802742e-01,8.111556881160253418e-01,5.662962730658757105e-01,7.819066293823541125e-01,1.962664002055164725e-01,6.507677687326679505e-01,2.901490676638863730e-01,3.747194099702705894e-01,-3.590558994513204372e-01,6.982454634006294292e-01,7.719909957559401015e-01,7.762257923155919670e-01,-1.916559330094397551e-01,5.252610604444848397e-01,6.343894815853615698e-01,7.226922801736654911e-01,-4.371601858650712158e-01,8.089226608921755435e-02
-1.559515789013725673e-01,1.559420111021217192e-01,-8.506467524133524971e-02,-3.009096672382929327e-01,-1.699437922179133642e-01,5.708264221919924497e-02,6.227448069075872811e-02,-1.265155327203553171e-01,-2.403878074492885597e-01,-2.793991484078545140e-01,1.693778250201061486e-01,-2.344639329951201945e-01,-1.606877889019686992e-02,1.178715157869333896e-01,1.000000000000000000e+00,-3.212550089060862146e-01,1.043283959725359727e-01,-3.459673385894136421e-01,-3.041829364541824288e-01,-8.300128515459384571e-02,1.910128202252073526e-01,1.737416717392646359e-01,4.476186842726380399e-02,2.057740374595042054e-01,-5.008679918970888878e-02,6.212952472464349646e-02,9.222803900692963519e-02,1.297366771479514513e-01,2.355086029502362344e-01,-2.300600714068951058e-01,9.661174095374991388e-02,2.213799073343324653e-01,1.184045212539058672e-01,-9.887486214628933567e-03,4.538348280410882396e-02,1.718600993875093463e-01,1.527156270117805414e-01,-2.440153548870417355e-01,-2.499898764888061065e-01
8.250806528915831661e-01,-5.230562167097351223e-01,4.905192478587386828e-01,8.830939067643844842e-01,1.731042919998064533e-01,-5.294339568434700549e-01,-5.973245221621229506e-01,1.335292378398889590e-01,9.167312164674576991e-01,8.985824813327870642e-01,-6.911305500963992321e-01,6.338511423870440975e-01,4.775488930535820020e-01,-4.832338922763066980e-01,-3.212550089060862146e-01,1.000000000000000000e+00,-4.538155603459687049e-01,8.989496296825923993e-01,8.777987205604962373e-01,7.977331311099064015e-01,-7.987657987300530449e-01,-7.976365786374217670e-01,-5.642974563307304736e-01,-9.952720735597637980e-02,-3.808303441595720651e-01,1.409406358526282266e-01,-4.644652487710158595e-01,-5.813261376313417772e-01,-5.133180544425416381e-01,9.202518350665364055e-01,-6.768938912248008144e-01,-7.285702357072192381e-01,-5.946407989464936872e-01,7.078331313501093902e-01,-3.577945090026358188e-01,-8.500676715480832701e-01,-7.167271372948865737e-01,9.325797463262857079e-01,4.772678836809212122e-01
-2.730858798636552898e-01,5.450585212379978062e-01,1.985192587954026922e-01,-3.283518824424556670e-01,2.304302888160486562e-01,8.615302124188007893e-01,1.833804880952376593e-01,-5.521354540117686671e-01,-3.265445855481093340e-01,-3.021478063085955013e-01,8.704624984125101106e-01,-1.042332481724127513e-01,-1.193293168255015052e-01,7.276024129929202777e-01,1.043283959725359727e-01,-4.538155603459687049e-01,1.000000000000000000e+00,-3.155894014883304788e-01,-2.006525516394553066e-01,-2.454446433015358420e-01,2.382153560223001787e-01,2.911010584685342906e-01,7.040813474172312736e-01,2.759613077800386893e-01,5.779445360372957863e-01,-1.227866925401707721e-02,4.452473553956527996e-01,6.286060111210639567e-02,2.897792434113696247e-01,-3.117401561426815793e-01,4.640249545677668230e-01,6.347737466239367077e-01,6.219846381134649382e-01,-2.350860178560656433e-01,4.121110713316442076e-01,5.463978290247902825e-01,6.476563376441111242e-01,-3.324228564293324473e-01,-1.590644233160876456e-02
7.594116970273789846e-01,-4.691542886539022406e-01,4.642925888693199554e-01,9.423809839642215413e-01,7.159755571615376846e-02,-4.208597488743424098e-01,-6.123168582429343587e-01,1.779419151681464750e-01,9.159059851776798489e-01,9.048532107060204277e-01,-5.660199799633500728e-01,7.404903788090292371e-01,5.928871379525710861e-01,-4.647522428238914372e-01,-3.459673385894136421e-01,8.989496296825923993e-01,-3.155894014883304788e-01,1.000000000000000000e+00,9.435656866921464658e-01,8.443847129237747051e-01,-9.063438269941499481e-01,-8.948295189208244071e-01,-4.896492087661090120e-01,-1.283200698446393950e-01,-3.605291235818923190e-01,-3.390138753637328417e-02,-4.771158475607419902e-01,-7.344616484579387095e-01,-6.687958329735230745e-01,8.678377793843944366e-01,-7.400698616115324313e-01,-7.162647491795740562e-01,-6.499719038155817863e-01,6.250916072277900026e-01,-3.260350817878255869e-01,-8.353107453334608357e-01,-6.574206996009547277e-01,9.185704766158012680e-01,5.711176825643629051e-01
7.829399619353970552e-01,-3.827231899481680077e-01,5.681206546674840707e-01,9.286790112582918866e-01,1.565068268625723624e-01,-3.224756025297919604e-01,-6.029588718721817786e-01,6.516093133593625630e-02,9.246212423853383822e-01,9.151317481967632395e-01,-4.707819528433720979e-01,7.511922618506361449e-01,5.832578433072915791e-01,-3.662938735307870175e-01,-3.041829364541824288e-01,8.777987205604962373e-01,-2.006525516394553066e-01,9.435656866921464658e-01,1.000000000000000000e+00,8.381845504154784576e-01,-8.934470742456596115e-01,-8.756462622199777668e-01,-3.944533239948891934e-01,-4.384761275210324882e-02,-2.657004598123769434e-01,1.478297384733580182e-02,-3.996982458499898638e-01,-7.417486980173726430e-01,-6.232249610072300161e-01,8.774017286216875267e-01,-6.700458535220426004e-01,-6.280014499091413072e-01,-5.605254741437587507e-01,6.410705087753434395e-01,-2.590587517471003021e-01,-7.871884512671671885e-01,-5.894790735111671287e-01,9.144714051547361278e-01,5.958392614978363921e-01
7.383564940887274997e-01,-5.292771128328725982e-01,4.057739346563775107e-01,8.472554096252103983e-01,-1.060699317915647817e-02,-4.210270538562685405e-01,-6.598425864875849811e-01,2.234446976971152243e-01,8.420964557782500970e-01,7.657301450181395186e-01,-5.198006223939910520e-01,5.819744704816210978e-01,5.255270779795989666e-01,-4.646157077854801698e-01,-8.300128515459384571e-02,7.977331311099064015e-01,-2.454446433015358420e-01,8.443847129237747051e-01,8.381845504154784576e-01,1.000000000000000000e+00,-8.242331571001286772e-01,-8.461620450226099432e-01,-5.102576972419862189e-01,-1.197713493088794767e-01,-4.065544414122707617e-01,-1.739913629220463456e-02,-5.901818904245715869e-01,-6.288225052952939320e-01,-4.942712471768436200e-01,7.939090852143348975e-01,-7.610543349866909502e-01,-7.238347487766708666e-01,-5.727499655142603840e-01,6.363297192862513718e-01,-3.246924276118877684e-01,-7.921004499709205504e-01,-6.073080811285768155e-01,8.573219334398217706e-01,4.025894236554420358e-01
-7.002874447127260815e-01,4.031559726198587490e-01,-3.738733393857976983e-01,-8.902358050377783272e-01,2.981475104702011741e-02,3.906572296809763811e-01,6.637177223876745691e-01,-1.659033366406397203e-01,-8.533734944972031222e-01,-8.479517817770581001e-01,4.781453332719584060e-01,-6.984837476826746272e-01,-6.558730518479443106e-01,4.664638464318840994e-01,1.910128202252073526e-01,-7.987657987300530449e-01,2.382153560223001787e-01,-9.063438269941499481e-01,-8.934470742456596115e-01,-8.242331571001286772e-01,1.000000000000000000e+00,9.437203885329196185e-01,4.961849065056645469e-01,1.540480966600546175e-01,4.061578865429371632e-01,1.188170645356901867e-01,5.022505161607542234e-01,8.296639927068208964e-01,6.673307528484522244e-01,-7.895189308753092217e-01,7.766317035305018157e-01,6.625632800929104338e-01,7.089513382292382815e-01,-5.510809490217652984e-01,3.102487877053888843e-01,8.002661789275421489e-01,5.858868362351602466e-01,-8.599306459353400767e-01,-5.419231004138626018e-01
-7.180159467057886102e-01,4.904960001505212497e-01,-3.430466171404977782e-01,-8.797910495123654195e-01,9.261718169932774136e-02,4.572184816449318956e-01,7.162738878533755349e-01,-2.090659393358238749e-01,-8.408961739262708068e-01,-8.167440503972475119e-01,5.343437182887705861e-01,-6.156929210554515919e-01,-6.404418838604101216e-01,5.509691173640802742e-01,1.737416717392646359e-01,-7.976365786374217670e-01,2.911010584685342906e-01,-8.948295189208244071e-01,-8.756462622199777668e-01,-8.461620450226099432e-01,9.437203885329196185e-01,1.000000000000000000e+00,5.820534926594281844e-01,2.425833681350271775e-01,4.814888654465878104e-01,1.149058114589836116e-01,5.844230895323782038e-01,8.100536468267546253e-01,6.219509194478308745e-01,-7.744332724363131026e-01,8.293587289262098761e-01,7.284670134472795988e-01,7.522201422498536738e-01,-5.100617413435041270e-01,3.472754848452794252e-01,8.210699750236344352e-01,6.362431552510157129e-01,-8.600806880437612545e-01,-4.545255380523698929e-01
-4.450506581893775016e-01,7.834152998236220133e-01,9.676106856535308942e-02,-4.878139577343990063e-01,3.756738780390197485e-01,8.044804778264817990e-01,5.774451095533453815e-01,-4.915323197717220705e-01,-4.851780251327979521e-01,-3.923569950561820452e-01,8.208574656910153644e-01,-1.013199814760018524e-01,-3.515285537517046643e-01,8.111556881160253418e-01,4.476186842726380399e-02,-5.642974563307304736e-01,7.040813474172312736e-01,-4.896492087661090120e-01,-3.944533239948891934e-01,-5.102576972419862189e-01,4.961849065056645469e-01,5.820534926594281844e-01,1.000000000000000000e+00,5.641516146211759120e-01,8.243921153967318505e-01,1.828494387825083944e-01,7.303324975928631169e-01,3.774624499190710192e-01,3.452997436063731107e-01,-4.701246424752806297e-01,7.956964425694529330e-01,8.178861066918425848e-01,7.244533594230808671e-01,-3.758325295539973743e-01,5.942008354758094857e-01,7.344924825827976456e-01,7.760002838844887174e-01,-5.163398193085193544e-01,8.628143295621604203e-02
-5.644213688863481543e-02,5.649987592879834875e-01,2.643800953208192972e-01,-1.164705493614717202e-01,3.696765990256911105e-01,3.846360999560831107e-01,3.851862486428748733e-01,-4.054982262982991803e-01,-2.523459035168379092e-02,5.966604260657055320e-02,3.331260558567309960e-01,2.037214359996092350e-01,1.762312628598932188e-02,5.662962730658757105e-01,2.057740374595042054e-01,-9.952720735597637980e-02,2.759613077800386893e-01,-1.283200698446393950e-01,-4.384761275210324882e-02,-1.197713493088794767e-01,1.540480966600546175e-01,2.425833681350271775e-01,5.641516146211759120e-01,1.000000000000000000e+00,5.365038917779245686e-01,3.523462592084460887e-01,5.407120375062983708e-01,1.253142337726876332e-01,2.184607385235569632e-01,4.211967446857560991e-03,4.718491136969675814e-01,4.983202728297043693e-01,3.605822608050316402e-01,7.726535019632460588e-02,5.128975691116717250e-01,2.216425711633706608e-01,3.987702927928590824e-01,-7.365689013106564709e-02,3.565547554104674388e-01
-3.005934385768657124e-01,7.365153946503890658e-01,9.925485856879381896e-02,-3.871424193315307072e-01,3.990693130471874572e-01,6.606847530039819949e-01,5.136675535940313786e-01,-4.264427163394420850e-01,-3.291213951547854455e-01,-2.072015895158307031e-01,6.826639226041062436e-01,-6.221288848353178670e-03,-3.703208675535770711e-01,7.819066293823541125e-01,-5.008679918970888878e-02,-3.808303441595720651e-01,5.779445360372957863e-01,-3.605291235818923190e-01,-2.657004598123769434e-01,-4.065544414122707617e-01,4.061578865429371632e-01,4.814888654465878104e-01,8.243921153967318505e-01,5.365038917779245686e-01,1.000000000000000000e+00,3.333197701898836240e-01,6.795823992629232979e-01,3.333992897142073475e-01,3.157694832521886208e-01,-3.125031398751222378e-01,7.136868114288494880e-01,7.147843684128152297e-01,6.154199142334365602e-01,-2.604966608960685437e-01,6.089809350588162307e-01,6.249421302278117540e-01,6.923513567888195386e-01,-3.576924118927208851e-01,2.503148034920015252e-01
3.072292514070174008e-01,3.273707176340928671e-01,1.891364548112754451e-01,-5.106474705486710453e-02,4.064320262532061800e-01,2.653612146397989549e-02,2.459488464698887100e-01,-1.957760909692628226e-01,1.065489840326665077e-01,1.386392502026411733e-01,1.236913950203353228e-02,-3.322172825461990053e-02,-1.570179053955470805e-01,1.962664002055164725e-01,6.212952472464349646e-02,1.409406358526282266e-01,-1.227866925401707721e-02,-3.390138753637328417e-02,1.478297384733580182e-02,-1.739913629220463456e-02,1.188170645356901867e-01,1.149058114589836116e-01,1.828494387825083944e-01,3.523462592084460887e-01,3.333197701898836240e-01,1.000000000000000000e+00,3.861677220106138342e-01,3.306027927918395171e-01,4.814832916550320641e-01,1.664599587385512669e-01,3.468046337862629724e-01,2.091735848069763704e-01,1.582540303579482166e-01,2.629883997446384389e-02,4.203550814153859116e-01,1.833203846026885409e-01,1.901764879954412069e-01,9.237557239760930961e-02,7.588416760566789321e-02
-3.621469145786121446e-01,7.134151503291852325e-01,1.827372661279453095e-02,-4.948318154697716187e-01,3.739195414336055623e-01,5.856283937671227235e-01,6.572525509098590124e-01,-3.985557881723795770e-01,-4.347028636438631244e-01,-3.012924504331861986e-01,5.728831894309044381e-01,-8.767860183490447379e-02,-2.305856560884430584e-01,6.507677687326679505e-01,9.222803900692963519e-02,-4.644652487710158595e-01,4.452473553956527996e-01,-4.771158475607419902e-01,-3.996982458499898638e-01,-5.901818904245715869e-01,5.022505161607542234e-01,5.844230895323782038e-01,7.303324975928631169e-01,5.407120375062983708e-01,6.795823992629232979e-01,3.861677220106138342e-01,1.000000000000000000e+00,4.591899915824081968e-01,3.657186307203906805e-01,-4.072393323996107428e-01,8.062351060459853613e-01,7.908378529534757506e-01,5.689353544634790927e-01,-2.861162794048154323e-01,5.492150398427955160e-01,6.457129381772247489e-01,6.140985864708691233e-01,-4.940514277711737234e-01,5.108744242028386007e-02
-5.120877516254955797e-01,2.733849531906808461e-01,-3.606628931171551589e-01,-7.433548727910684883e-01,1.329303572128340272e-01,1.757773389372316308e-01,6.433992995935390313e-01,-9.477467878548499411e-03,-6.833104915370216137e-01,-6.716226399370879285e-01,2.637609777100300423e-01,-5.902711737112297241e-01,-5.958044613089650277e-01,2.901490676638863730e-01,1.297366771479514513e-01,-5.813261376313417772e-01,6.286060111210639567e-02,-7.344616484579387095e-01,-7.417486980173726430e-01,-6.288225052952939320e-01,8.296639927068208964e-01,8.100536468267546253e-01,3.774624499190710192e-01,1.253142337726876332e-01,3.333992897142073475e-01,3.306027927918395171e-01,4.591899915824081968e-01,1.000000000000000000e+00,6.147587860707940388e-01,-6.341301528221819916e-01,7.074395044360504148e-01,4.775885885115018770e-01,5.332701890151697599e-01,-4.315000853257902058e-01,2.801178117651412780e-01,6.663254405195536689e-01,4.380551778116486550e-01,-6.839281575506522826e-01,-4.331466236585311269e-01
-2.550970361226455041e-01,3.537885549815754094e-01,-1.728526480238264385e-01,-6.696394240557285160e-01,1.961696100693135214e-01,3.410936472842394651e-01,3.671353158532165151e-01,-2.891281637008064065e-01,-5.377848725720119072e-01,-5.804053832153071024e-01,3.950820311636571991e-01,-6.974274878010170431e-01,-4.967301168533878597e-01,3.747194099702705894e-01,2.355086029502362344e-01,-5.133180544425416381e-01,2.897792434113696247e-01,-6.687958329735230745e-01,-6.232249610072300161e-01,-4.942712471768436200e-01,6.673307528484522244e-01,6.219509194478308745e-01,3.452997436063731107e-01,2.184607385235569632e-01,3.157694832521886208e-01,4.814832916550320641e-01,3.657186307203906805e-01,6.147587860707940388e-01,1.000000000000000000e+00,-4.432815641457168443e-01,6.061789766159410009e-01,5.461015315276142035e-01,5.508685843614686828e-01,-3.898994817250462930e-01,4.834266547602073527e-01,6.250640807556865353e-01,5.822527784899131920e-01,-5.276840307966629284e-01,-5.216897136675375801e-01
8.604193495475797038e-01,-4.147170345068839081e-01,5.903313206860114626e-01,8.560402852609451108e-01,2.449958708039081667e-01,-3.925809851870860623e-01,-6.102268114321207637e-01,4.330879020815471027e-03,9.325462280419249961e-01,8.861362467386064701e-01,-5.598378242981904007e-01,6.237105624658697556e-01,4.816523528227904527e-01,-3.590558994513204372e-01,-2.300600714068951058e-01,9.202518350665364055e-01,-3.117401561426815793e-01,8.678377793843944366e-01,8.774017286216875267e-01,7.939090852143348975e-01,-7.895189308753092217e-01,-7.744332724363131026e-01,-4.701246424752806297e-01,4.211967446857560991e-03,-3.125031398751222378e-01,1.664599587385512669e-01,-4.072393323996107428e-01,-6.341301528221819916e-01,-4.432815641457168443e-01,1.000000000000000000e+00,-6.196187608996304164e-01,-6.176958694995793309e-01,-4.795574233392675412e-01,7.566867022315095781e-01,-2.886064883489063426e-01,-8.045315337284835167e-01,-6.186050387359812719e-01,9.284249610671887476e-01,4.681157544964598682e-01
-5.313796537324736446e-01,7.361633809340404344e-01,-9.492431938410497705e-02,-7.464165469654434615e-01,3.909366687426106268e-01,6.178630645521455689e-01,7.287016402961159489e-01,-4.183733999730213093e-01,-6.747134490084234493e-01,-5.951039817486925010e-01,6.670620609327089223e-01,-4.128944653158137523e-01,-5.559537053561602882e-01,6.982454634006294292e-01,9.661174095374991388e-02,-6.768938912248008144e-01,4.640249545677668230e-01,-7.400698616115324313e-01,-6.700458535220426004e-01,-7.610543349866909502e-01,7.766317035305018157e-01,8.293587289262098761e-01,7.956964425694529330e-01,4.718491136969675814e-01,7.136868114288494880e-01,3.468046337862629724e-01,8.062351060459853613e-01,7.074395044360504148e-01,6.061789766159410009e-01,-6.196187608996304164e-01,1.000000000000000000e+00,8.618504583850199463e-01,7.639699454365210807e-01,-4.737711924566603283e-01,5.641263931226752071e-01,8.447983548049442515e-01,7.610656493187791805e-01,-7.068767568908153054e-01,-1.837738205389337354e-01
-5.693529869743690908e-01,8.373309482064871245e-01,-1.305125181417149671e-01,-7.276149103293407805e-01,2.420756587756504319e-01,7.399738609685426738e-01,6.555623193946884530e-01,-4.654464511978949615e-01,-6.525860206888199899e-01,-5.605558133748919092e-01,8.189024274905244427e-01,-3.259686835663450633e-01,-3.923828877590175290e-01,7.719909957559401015e-01,2.213799073343324653e-01,-7.285702357072192381e-01,6.347737466239367077e-01,-7.162647491795740562e-01,-6.280014499091413072e-01,-7.238347487766708666e-01,6.625632800929104338e-01,7.284670134472795988e-01,8.178861066918425848e-01,4.983202728297043693e-01,7.147843684128152297e-01,2.091735848069763704e-01,7.908378529534757506e-01,4.775885885115018770e-01,5.461015315276142035e-01,-6.176958694995793309e-01,8.618504583850199463e-01,1.000000000000000000e+00,7.039425009345071649e-01,-4.537683280321730961e-01,6.000037067174915917e-01,8.361098629962580020e-01,8.465150359798421231e-01,-6.898737978674858162e-01,-9.079503133314505148e-02
-4.359873944992226913e-01,4.809463882343010255e-01,1.685275583724203663e-01,-6.205199233152051130e-01,4.086126698183170092e-01,7.168537582243530437e-01,4.247943338424237103e-01,-5.821423619527935633e-01,-5.827058821789584675e-01,-5.974843414308562695e-01,7.059901724665669231e-01,-4.551467337665783264e-01,-5.461029614834290724e-01,7.762257923155919670e-01,1.184045212539058672e-01,-5.946407989464936872e-01,6.219846381134649382e-01,-6.499719038155817863e-01,-5.605254741437587507e-01,-5.727499655142603840e-01,7.089513382292382815e-01,7.522201422498536738e-01,7.244533594230808671e-01,3.605822608050316402e-01,6.154199142334365602e-01,1.582540303579482166e-01,5.689353544634790927e-01,5.332701890151697599e-01,5.508685843614686828e-01,-4.795574233392675412e-01,7.639699454365210807e-01,7.039425009345071649e-01,1.000000000000000000e+00,-2.681463628652851483e-01,3.506094985157881538e-01,6.854452527516742277e-01,6.152829043603955661e-01,-5.933370991155606511e-01,-3.602450406898566326e-01
6.205536203062200773e-01,-3.466111209538254023e-01,5.306969193302267795e-01,6.524857477664628425e-01,2.817455272982387626e-01,-2.904656916704428382e-01,-4.022128566490724144e-01,-9.911064456953529514e-03,7.375547588906228302e-01,6.705549799340689843e-01,-4.561436899758942731e-01,5.547610345747060467e-01,3.084292837595399850e-01,-1.916559330094397551e-01,-9.887486214628933567e-03,7.078331313501093902e-01,-2.350860178560656433e-01,6.250916072277900026e-01,6.410705087753434395e-01,6.363297192862513718e-01,-5.510809490217652984e-01,-5.100617413435041270e-01,-3.758325295539973743e-01,7.726535019632460588e-02,-2.604966608960685437e-01,2.629883997446384389e-02,-2.861162794048154323e-01,-4.315000853257902058e-01,-3.898994817250462930e-01,7.566867022315095781e-01,-4.737711924566603283e-01,-4.537683280321730961e-01,-2.681463628652851483e-01,1.000000000000000000e+00,-2.738906459776444535e-01,-6.670232149302801616e-01,-5.126716840211694715e-01,7.157884716128182223e-01,3.684344828049336273e-01
-1.923526517384134271e-01,6.915747565482971426e-01,-3.831003611963625793e-02,-3.429860167743295496e-01,2.870890831899811646e-01,4.996387615326096099e-01,5.101012190088350939e-01,-2.580992746691125883e-01,-2.710125209630614429e-01,-1.908169064959333305e-01,5.049611216742441178e-01,-7.211182525735053417e-02,-2.030394955270190538e-01,5.252610604444848397e-01,4.538348280410882396e-02,-3.577945090026358188e-01,4.121110713316442076e-01,-3.260350817878255869e-01,-2.590587517471003021e-01,-3.246924276118877684e-01,3.102487877053888843e-01,3.472754848452794252e-01,5.942008354758094857e-01,5.128975691116717250e-01,6.089809350588162307e-01,4.203550814153859116e-01,5.492150398427955160e-01,2.801178117651412780e-01,4.834266547602073527e-01,-2.886064883489063426e-01,5.641263931226752071e-01,6.000037067174915917e-01,3.506094985157881538e-01,-2.738906459776444535e-01,1.000000000000000000e+00,5.675703505528703063e-01,7.591290003996944424e-01,-3.265622531666890205e-01,1.228261932366048470e-01
-6.729041772018787837e-01,7.105299474366469914e-01,-3.420892541538851361e-01,-8.452230716173966263e-01,9.985766362373149629e-02,6.381574608904752033e-01,7.088502082583152397e-01,-2.659934401406679472e-01,-8.186411981653561876e-01,-7.600270346814470557e-01,7.563637039435577858e-01,-5.314436160657997066e-01,-5.478594321941868683e-01,6.343894815853615698e-01,1.718600993875093463e-01,-8.500676715480832701e-01,5.463978290247902825e-01,-8.353107453334608357e-01,-7.871884512671671885e-01,-7.921004499709205504e-01,8.002661789275421489e-01,8.210699750236344352e-01,7.344924825827976456e-01,2.216425711633706608e-01,6.249421302278117540e-01,1.833203846026885409e-01,6.457129381772247489e-01,6.663254405195536689e-01,6.250640807556865353e-01,-8.045315337284835167e-01,8.447983548049442515e-01,8.361098629962580020e-01,6.854452527516742277e-01,-6.670232149302801616e-01,5.675703505528703063e-01,1.000000000000000000e+00,8.431817405755771544e-01,-8.434088356005952081e-01,-3.184552701513670425e-01
-5.320819240451252208e-01,8.065682354589112091e-01,-2.070913028261272271e-01,-6.724271430761126211e-01,2.015145787568423386e-01,7.256395970344255986e-01,6.181247170305872451e-01,-3.541990992045923603e-01,-6.183902195365318377e-01,-5.603730253042188414e-01,8.182691499459339157e-01,-3.352666275070963486e-01,-4.385653129556043583e-01,7.226922801736654911e-01,1.527156270117805414e-01,-7.167271372948865737e-01,6.476563376441111242e-01,-6.574206996009547277e-01,-5.894790735111671287e-01,-6.073080811285768155e-01,5.858868362351602466e-01,6.362431552510157129e-01,7.760002838844887174e-01,3.987702927928590824e-01,6.923513567888195386e-01,1.901764879954412069e-01,6.140985864708691233e-01,4.380551778116486550e-01,5.822527784899131920e-01,-6.186050387359812719e-01,7.610656493187791805e-01,8.465150359798421231e-01,6.152829043603955661e-01,-5.126716840211694715e-01,7.591290003996944424e-01,8.431817405755771544e-01,1.000000000000000000e+00,-6.548833469650398031e-01,-7.993423725421182346e-02
8.425844501494358374e-01,-4.603888655013959608e-01,5.339812407734420008e-01,9.082625779726408721e-01,1.546772490747591045e-01,-4.449926490052233952e-01,-6.483323945797808685e-01,8.532610448398482428e-02,9.404753756887953564e-01,9.092819088962706964e-01,-5.853853962572075353e-01,6.609202563920690832e-01,5.328442922007270433e-01,-4.371601858650712158e-01,-2.440153548870417355e-01,9.325797463262857079e-01,-3.324228564293324473e-01,9.185704766158012680e-01,9.144714051547361278e-01,8.573219334398217706e-01,-8.599306459353400767e-01,-8.600806880437612545e-01,-5.163398193085193544e-01,-7.365689013106564709e-02,-3.576924118927208851e-01,9.237557239760930961e-02,-4.940514277711737234e-01,-6.839281575506522826e-01,-5.276840307966629284e-01,9.284249610671887476e-01,-7.068767568908153054e-01,-6.898737978674858162e-01,-5.933370991155606511e-01,7.157884716128182223e-01,-3.265622531666890205e-01,-8.434088356005952081e-01,-6.548833469650398031e-01,1.000000000000000000e+00,5.202951288343283798e-01
2.758625932410656567e-01,2.145430589415668887e-01,2.311756747208338625e-01,5.347396227603004037e-01,1.551221461674484048e-01,-3.608537645880614125e-02,-3.853936724037174827e-02,4.776651270425696233e-02,5.558112293496705325e-01,6.872813750190924775e-01,-9.359687912200831406e-02,8.247238965150257561e-01,3.982054548455255527e-01,8.089226608921755435e-02,-2.499898764888061065e-01,4.772678836809212122e-01,-1.590644233160876456e-02,5.711176825643629051e-01,5.958392614978363921e-01,4.025894236554420358e-01,-5.419231004138626018e-01,-4.545255380523698929e-01,8.628143295621604203e-02,3.565547554104674388e-01,2.503148034920015252e-01,7.588416760566789321e-02,5.108744242028386007e-02,-4.331466236585311269e-01,-5.216897136675375801e-01,4.681157544964598682e-01,-1.837738205389337354e-01,-9.079503133314505148e-02,-3.602450406898566326e-01,3.684344828049336273e-01,1.228261932366048470e-01,-3.184552701513670425e-01,-7.993423725421182346e-02,5.202951288343283798e-01,1.000000000000000000e+00
