1.000000000000000000e+00,6.033196567339235150e-01,3.401485925648689013e-01,6.088492148088979761e-01,4.196273875183686997e-01,-5.496096588407417549e-01,3.421312160948737913e-01,-3.475851531094254487e-01,6.922076580068530216e-01,4.230446057178475772e-01,-5.111143773104872556e-01,3.423599258360479070e-01,3.885368123962882336e-01,3.527653055662653414e-01,4.812256129529491888e-01,1.226027424620969170e-01,-5.400114435021021730e-01,5.171005494349940612e-01,5.391608686672134665e-01,5.114655129294601865e-01,3.979500688747676374e-01,2.104647226128102400e-01,-2.850587993685597676e-01,-4.511007429992271167e-02,-2.684779339436219603e-01,4.766263208998122725e-01,2.939388070875856643e-02,3.080498269546935730e-01,2.966304596732388110e-01,2.065824110590416263e-01,-1.994953251217553847e-01,-4.757816670142945847e-01,-4.447900267618645209e-01,5.853705234571975335e-01,-3.868581962286776199e-01,3.581580899277366226e-01,-4.889825426222733085e-01,6.290494448510522973e-01,4.199246446222071882e-01
6.033196567339235150e-01,1.000000000000000000e+00,3.912933616926306812e-01,6.435199365786934411e-01,5.070236162031485083e-01,-6.171149217478175686e-01,3.913321248038062472e-01,-4.271747614524225023e-01,7.639825679949788784e-01,4.594263622493064969e-01,-6.468863003166912540e-01,6.495662531360950620e-01,4.078342953930789716e-01,3.863891880703129167e-01,5.866948850027823292e-01,1.553398630392407165e-01,-6.064254848155007371e-01,5.277539432176597822e-01,5.934349153223261730e-01,5.307888140890444362e-01,5.334529229447718679e-01,2.670618665032133965e-01,-2.988684470456601239e-01,-2.079566162800839391e-01,-4.164342649465081481e-01,5.465998919294822178e-01,5.122208013656759373e-01,2.034025927138761181e-01,9.813729990279476678e-02,5.419002537154168908e-02,-6.400899689591886543e-02,-2.660468128959587175e-01,-6.129262999503284348e-01,6.737107971440912113e-01,-3.923816004107145705e-01,5.057817751391083805e-01,-3.932963119491698079e-01,6.018144023153317868e-01,5.335126727415924197e-01
3.401485925648689013e-01,3.912933616926306812e-01,1.000000000000000000e+00,2.829085387755007619e-01,6.921254088374091396e-01,-3.542184546345620855e-01,3.954012215064013902e-01,-9.141577105578603257e-01,4.498333136796867637e-01,5.674670680658555622e-01,-3.049281485143503501e-01,1.828334626160282861e-01,-3.625611101820938598e-02,3.382620039918319832e-01,7.395301581878263586e-02,4.380119416963129675e-01,-2.735939560479487831e-01,3.356361945602497343e-01,4.733974781923243613e-01,3.789004153303008327e-01,4.669031296221587413e-01,4.326248804465751552e-01,1.824407989816458076e-01,8.953178153744753565e-02,1.204279425123812586e-01,3.718339699416890465e-01,3.631420472025588264e-01,5.721775097533903232e-01,1.170488747642674798e-01,3.323405467666332158e-01,4.398984850661080137e-01,-2.203413176231252060e-02,-2.623585264316212820e-02,5.661499859197833828e-01,-2.198772664041848957e-01,4.026326141942354608e-01,-1.647548675833566123e-01,3.763437339317316499e-01,4.842186377946793296e-01
6.088492148088979761e-01,6.435199365786934411e-01,2.829085387755007619e-01,1.000000000000000000e+00,3.895950001206764379e-01,-8.522492562983151609e-01,6.024509920505464189e-01,-2.344692247836192567e-01,7.613715641310245807e-01,4.329220013814323864e-01,-8.174199159670993975e-01,6.671014864212856388e-01,6.908809047274526716e-01,1.106709328054298058e-01,7.854550785400398194e-01,-9.719487973109159837e-03,-8.247023030021318757e-01,7.508294456375278481e-01,7.657928113779235435e-01,7.466728974356744430e-01,6.499468841232022287e-01,3.407083701227752170e-01,-5.216543567885411070e-01,-2.344578273484248798e-01,-6.179060594564248499e-01,5.962953041076125560e-01,2.525277689039505669e-01,3.852224921677472880e-01,2.581870784390636209e-03,-9.647845158805153087e-02,-3.966133991095669442e-01,-7.197419203607310356e-01,-7.898329992709012259e-01,7.462177526730622290e-01,-5.816667700128965723e-01,2.624323790536172152e-01,-7.327505628830055517e-01,8.073303282808748094e-01,5.285685467634072543e-01
4.196273875183686997e-01,5.070236162031485083e-01,6.921254088374091396e-01,3.895950001206764379e-01,1.000000000000000000e+00,-3.505282071137422739e-01,3.465581840970552996e-01,-7.076105527644424020e-01,6.230011730915726575e-01,5.260223354766333514e-01,-3.887483089819179782e-01,3.335597911184994269e-01,1.031579960671221985e-01,5.765621312820214950e-01,3.081498855895053457e-01,2.616758316760172121e-01,-3.475872106313057097e-01,5.000252391376585059e-01,5.959545654541890114e-01,3.120377086485627838e-01,2.482373178380235246e-01,1.522129627958623554e-01,1.335811387429123309e-01,6.513324838165041042e-02,4.782147199324199294e-02,3.454169425764260781e-01,3.180933673358671276e-01,2.352551588104908331e-01,2.281784549011622032e-01,3.927579556770477986e-01,2.702036477770944356e-01,-1.070015290769850275e-01,-1.620990086841472277e-01,7.046066908823940267e-01,-1.618525704526451725e-01,2.855261430389055555e-01,-1.257239205399730830e-01,5.580325726629927763e-01,6.223271193591402017e-01
-5.496096588407417549e-01,-6.171149217478175686e-01,-3.542184546345620855e-01,-8.522492562983151609e-01,-3.505282071137422739e-01,1.000000000000000000e+00,-4.860216766479831252e-01,3.056583870825668736e-01,-7.427540022423997357e-01,-4.425263591405468322e-01,8.925812733945005517e-01,-7.607327496311960813e-01,-7.265328711979112120e-01,-1.688240917023825505e-02,-8.050103936868113763e-01,1.691162672485179569e-02,8.741178895830232776e-01,-7.316484709845996193e-01,-7.905123163991443214e-01,-7.347974413693247886e-01,-7.418501702717724688e-01,-5.157443499965328471e-01,5.394279398322964214e-01,2.783938705214266118e-01,6.165773229544896372e-01,-6.382273263205794356e-01,-3.164401782153548615e-01,-4.692785560433346270e-01,7.225712448921199627e-02,1.388261816612834654e-01,3.933736059585791200e-01,7.513410220531582251e-01,8.193932956639320420e-01,-7.721846469352268150e-01,7.058201931720018418e-01,-2.310836641222494825e-01,8.029765892208418077e-01,-8.064127495694344283e-01,-5.450261705427704717e-01
3.421312160948737913e-01,3.913321248038062472e-01,3.954012215064013902e-01,6.024509920505464189e-01,3.465581840970552996e-01,-4.860216766479831252e-01,1.000000000000000000e+00,-3.442706166255276590e-01,4.385831799997750857e-01,4.982234963348531331e-01,-3.996663336103220554e-01,1.995166296305557752e-01,2.979564901329498916e-01,-4.226141469198803347e-02,3.094315024455454588e-01,1.294972704949487741e-01,-4.316798926668021230e-01,4.334803819372058942e-01,5.418433087236953494e-01,4.546356370565347027e-01,3.373933849498584880e-01,2.353114838322407087e-01,-1.487552964074876916e-01,-1.119070499005013763e-01,-2.158459385750666204e-01,2.524612360405346645e-01,1.935394283496633949e-01,3.885714935572798234e-01,-1.352543916754487263e-01,1.411393416316451821e-01,-5.865882784456501707e-03,-2.740482049234567730e-01,-3.432794599075771891e-01,4.805807208443862444e-01,-3.974189611879698769e-01,1.620320300235462696e-01,-4.065212844054284513e-01,4.483623911265920414e-01,4.236943226008336172e-01
-3.475851531094254487e-01,-4.271747614524225023e-01,-9.141577105578603257e-01,-2.344692247836192567e-01,-7.076105527644424020e-01,3.056583870825668736e-01,-3.442706166255276590e-01,1.000000000000000000e+00,-4.404792669114336867e-01,-5.370089489049317821e-01,2.545685024301875266e-01,-1.564917944008408779e-01,2.982256858743972255e-02,-3.664290637532536254e-01,-5.365081972366802371e-02,-4.042813877422762880e-01,2.274304520663705809e-01,-3.015413660663484596e-01,-4.173279785478053450e-01,-2.972798792564944614e-01,-3.840939987871352934e-01,-3.388562945855554953e-01,-1.809152747727861554e-01,-1.546252644682180877e-01,-1.112061122980051719e-01,-3.322497757845744859e-01,-3.637384751480675082e-01,-4.469561594462826970e-01,-1.031761432849581800e-01,-3.236631541877240115e-01,-4.006915698867418718e-01,-3.998529078134199777e-02,4.254558380096134379e-02,-5.225684580635069354e-01,1.936736780938486113e-01,-3.703967117935175191e-01,1.248820922228299907e-01,-3.257196566895564360e-01,-4.475253888031904825e-01
6.922076580068530216e-01,7.639825679949788784e-01,4.498333136796867637e-01,7.613715641310245807e-01,6.230011730915726575e-01,-7.427540022423997357e-01,4.385831799997750857e-01,-4.404792669114336867e-01,1.000000000000000000e+00,6.441167942245249467e-01,-7.214533517867178780e-01,6.918147536695922195e-01,5.847991009893517278e-01,3.807102520517694488e-01,7.063752538722372076e-01,2.069369474246049723e-01,-7.625602453539096492e-01,8.065964911683505267e-01,8.221952198412552093e-01,6.670281759564304913e-01,4.495986928413780448e-01,4.002278182501521897e-01,-2.676550001771000886e-01,-1.254494904315318071e-01,-4.121309384256567343e-01,5.138320228453644445e-01,3.594779183883883844e-01,2.215525072684152441e-01,-3.304910605419403291e-02,2.623111683434951602e-01,-2.109624706078044587e-01,-5.190266470782746167e-01,-6.332869229420540202e-01,8.606478634207670453e-01,-5.651562561682312857e-01,3.156689119147659817e-01,-5.789177276376676895e-01,7.937244473839371040e-01,7.014075317315476843e-01
4.230446057178475772e-01,4.594263622493064969e-01,5.674670680658555622e-01,4.329220013814323864e-01,5.260223354766333514e-01,-4.425263591405468322e-01,4.982234963348531331e-01,-5.370089489049317821e-01,6.441167942245249467e-01,1.000000000000000000e+00,-3.575529116233651661e-01,2.860247335306616567e-01,1.809174027835411258e-01,3.944826943989269696e-01,1.856554666154057176e-01,6.563836815604762176e-01,-4.712564401138517045e-01,6.114778120575624643e-01,7.065924638937285396e-01,4.046520705188400013e-01,3.076593178421965780e-01,3.363945830891745814e-01,1.998563687152301593e-01,-4.808158339973626211e-02,9.024481641227899420e-02,2.514272938237820387e-01,3.454923976830044929e-01,2.571425024984168028e-01,-2.073586212088995573e-01,6.394609549600437370e-01,1.959084939258966540e-01,-1.286117997321820083e-01,-2.630206506167864222e-01,5.893904481207130619e-01,-4.208428307093727838e-01,3.558353712665833224e-01,-3.538303961641859341e-01,5.003837558268576791e-01,7.473941456791068916e-01
-5.111143773104872556e-01,-6.468863003166912540e-01,-3.049281485143503501e-01,-8.174199159670993975e-01,-3.887483089819179782e-01,8.925812733945005517e-01,-3.996663336103220554e-01,2.545685024301875266e-01,-7.214533517867178780e-01,-3.575529116233651661e-01,1.000000000000000000e+00,-8.194613582588284872e-01,-7.111082830149608736e-01,-4.719855270055201002e-02,-8.361592414198167900e-01,6.036879906840705856e-02,8.367666988376333270e-01,-7.210796650272629504e-01,-7.617888613844552292e-01,-7.006608601732220443e-01,-7.149614517107526490e-01,-5.184658015943137688e-01,5.074739775878858161e-01,3.130506111575023787e-01,5.685691164294475186e-01,-6.695006800964815596e-01,-3.684409953979805863e-01,-4.216877091302696501e-01,2.816560527476548795e-02,1.846074853706921315e-01,3.921554833843761689e-01,7.246432603069099532e-01,7.998151727203280936e-01,-7.353922311419293090e-01,6.274293618119316518e-01,-2.104255497780563311e-01,7.027592955927928209e-01,-7.740786810440019039e-01,-5.057103959146617145e-01
3.423599258360479070e-01,6.495662531360950620e-01,1.828334626160282861e-01,6.671014864212856388e-01,3.335597911184994269e-01,-7.607327496311960813e-01,1.995166296305557752e-01,-1.564917944008408779e-01,6.918147536695922195e-01,2.860247335306616567e-01,-8.194613582588284872e-01,1.000000000000000000e+00,6.643486440210383259e-01,4.119292815387117640e-02,8.172664358368854076e-01,-7.571418741549161557e-02,-7.700705990969308745e-01,6.795540326082848415e-01,6.830500856576477986e-01,5.951092769492570822e-01,6.023134997287676873e-01,5.063505207210967640e-01,-5.156267409690212800e-01,-3.030542349751383369e-01,-5.922511343293688224e-01,6.448197641898804067e-01,5.872508809796873619e-01,2.415842406333502945e-01,-1.159996237266458230e-01,-1.943091898555901753e-01,-3.583096873820498796e-01,-5.755442173154889929e-01,-7.472065800917603307e-01,6.754405793493781784e-01,-6.096929346481595458e-01,1.499007188971260840e-01,-6.163531701425170040e-01,6.928131578910574628e-01,5.069205711379143331e-01
3.885368123962882336e-01,4.078342953930789716e-01,-3.625611101820938598e-02,6.908809047274526716e-01,1.031579960671221985e-01,-7.265328711979112120e-01,2.979564901329498916e-01,2.982256858743972255e-02,5.847991009893517278e-01,1.809174027835411258e-01,-7.111082830149608736e-01,6.643486440210383259e-01,1.000000000000000000e+00,-1.415588092695752587e-01,8.154007982361491935e-01,-1.967268973281005862e-01,-7.265021978655361590e-01,6.635076617349804362e-01,5.526449442823284652e-01,6.170750482083120492e-01,3.901588576046830514e-01,3.804477093195908766e-01,-5.513836098399312879e-01,-1.184787646837615338e-01,-6.944554329859250474e-01,4.665997609884461328e-01,1.301778093519521118e-01,1.407842791782429603e-01,-2.682510249173357675e-01,-2.467291251436659338e-01,-7.428688832101285611e-01,-7.690046070092163566e-01,-7.545699735076197845e-01,4.812145780475164392e-01,-6.094081607599215467e-01,-1.395761290628054763e-01,-6.751341939250429247e-01,5.992576511383713722e-01,2.543557443039693444e-01
3.527653055662653414e-01,3.863891880703129167e-01,3.382620039918319832e-01,1.106709328054298058e-01,5.765621312820214950e-01,-1.688240917023825505e-02,-4.226141469198803347e-02,-3.664290637532536254e-01,3.807102520517694488e-01,3.944826943989269696e-01,-4.719855270055201002e-02,4.119292815387117640e-02,-1.415588092695752587e-01,1.000000000000000000e+00,1.853923244339792872e-02,3.906042812450280510e-01,-5.525506849220238048e-02,2.027183818099030088e-01,2.445365999277377134e-01,7.056102452106451529e-04,5.070760388357701404e-02,-2.681922332531309072e-01,3.144806922892120493e-01,8.580720791637157230e-02,2.239676728962500252e-01,1.247464893481026738e-01,1.264623955163221014e-01,-6.020667269262287152e-02,3.415313909055981978e-01,4.509519627567107336e-01,3.206997281167587865e-01,1.150733382152111656e-01,3.599850093707929882e-02,3.308566523203064214e-01,2.025698048600862722e-01,4.455865142589117145e-01,1.317272578216502621e-01,2.581640574955004763e-01,3.918028584138381065e-01
4.812256129529491888e-01,5.866948850027823292e-01,7.395301581878263586e-02,7.854550785400398194e-01,3.081498855895053457e-01,-8.050103936868113763e-01,3.094315024455454588e-01,-5.365081972366802371e-02,7.063752538722372076e-01,1.856554666154057176e-01,-8.361592414198167900e-01,8.172664358368854076e-01,8.154007982361491935e-01,1.853923244339792872e-02,1.000000000000000000e+00,-2.155567423870652366e-01,-7.893419342790076731e-01,7.232477549036443465e-01,6.773422492895569968e-01,6.752007546971390273e-01,5.377506872281283545e-01,3.777591885563975072e-01,-5.973208091027950584e-01,-1.883546752892858167e-01,-7.065895717293225742e-01,6.413847855092236205e-01,3.021888242072998110e-01,2.507634545001278248e-01,-2.054768850399326871e-02,-2.648595265193471882e-01,-5.720246333621824553e-01,-7.627775058390642293e-01,-7.938036841466034055e-01,6.818564233057787805e-01,-5.865419753730104491e-01,1.009006080761087540e-02,-6.806229100749058292e-01,7.592610762476235120e-01,3.823020023155053737e-01
1.226027424620969170e-01,1.553398630392407165e-01,4.380119416963129675e-01,-9.719487973109159837e-03,2.616758316760172121e-01,1.691162672485179569e-02,1.294972704949487741e-01,-4.042813877422762880e-01,2.069369474246049723e-01,6.563836815604762176e-01,6.036879906840705856e-02,-7.571418741549161557e-02,-1.967268973281005862e-01,3.906042812450280510e-01,-2.155567423870652366e-01,1.000000000000000000e+00,1.818950436200002935e-02,2.350848798652254990e-01,1.930070247509373116e-01,1.562104469992285638e-01,7.367444899097337629e-02,1.681042745267125604e-01,4.981241803804004609e-01,3.023407833576757103e-02,3.612365177531454141e-01,1.649855309862124642e-01,2.820112848800368499e-01,2.135227207267359206e-01,-8.524598632196091208e-02,6.491699021094875510e-01,3.624138200580272473e-01,2.642505015257186618e-01,1.604273397744540308e-01,1.493807535599596670e-01,-9.443069860286516792e-02,3.766284632925540610e-01,-2.865154110940168041e-03,8.964609893430558474e-02,3.011812762899395146e-01
-5.400114435021021730e-01,-6.064254848155007371e-01,-2.735939560479487831e-01,-8.247023030021318757e-01,-3.475872106313057097e-01,8.741178895830232776e-01,-4.316798926668021230e-01,2.274304520663705809e-01,-7.625602453539096492e-01,-4.712564401138517045e-01,8.367666988376333270e-01,-7.700705990969308745e-01,-7.265021978655361590e-01,-5.525506849220238048e-02,-7.893419342790076731e-01,1.818950436200002935e-02,1.000000000000000000e+00,-7.738182955445537248e-01,-8.137276211312867158e-01,-6.964183802553142177e-01,-6.590575342537191572e-01,-4.807874952919216627e-01,5.529583197775246317e-01,2.847887165958197797e-01,6.181526038954314739e-01,-5.701979236007159724e-01,-2.997677909401500473e-01,-3.340751864580464581e-01,1.557709619279718516e-01,8.374034680614639292e-02,4.160706646877458392e-01,7.468634985787665492e-01,8.295154588219869618e-01,-7.117419350705757042e-01,6.701273341434764719e-01,-2.230355415822730669e-01,7.539760398310006995e-01,-7.665514891668211428e-01,-5.581834025815137768e-01
5.171005494349940612e-01,5.277539432176597822e-01,3.356361945602497343e-01,7.508294456375278481e-01,5.000252391376585059e-01,-7.316484709845996193e-01,4.334803819372058942e-01,-3.015413660663484596e-01,8.065964911683505267e-01,6.114778120575624643e-01,-7.210796650272629504e-01,6.795540326082848415e-01,6.635076617349804362e-01,2.027183818099030088e-01,7.232477549036443465e-01,2.350848798652254990e-01,-7.738182955445537248e-01,1.000000000000000000e+00,8.535995225538137721e-01,6.770651875906916750e-01,4.400467106539723838e-01,4.972578361913606027e-01,-2.520552601283636007e-01,-1.046135283830271073e-01,-3.919447485628598238e-01,5.721097135823377533e-01,3.557105033523064730e-01,3.174125696524859319e-01,-1.833821799909186034e-01,1.700554216666911311e-01,-3.113992280870089835e-01,-6.071489071345610444e-01,-6.166982177714548374e-01,7.214441484926624737e-01,-6.333132345238453587e-01,8.962342725786923148e-02,-6.555030638377908891e-01,7.465903002075268136e-01,5.974276453458426950e-01
5.391608686672134665e-01,5.934349153223261730e-01,4.733974781923243613e-01,7.657928113779235435e-01,5.959545654541890114e-01,-7.905123163991443214e-01,5.418433087236953494e-01,-4.173279785478053450e-01,8.221952198412552093e-01,7.065924638937285396e-01,-7.617888613844552292e-01,6.830500856576477986e-01,5.526449442823284652e-01,2.445365999277377134e-01,6.773422492895569968e-01,1.930070247509373116e-01,-8.137276211312867158e-01,8.535995225538137721e-01,1.000000000000000000e+00,6.359490603879210946e-01,5.695149920413374867e-01,4.913469783508391808e-01,-2.585876645290262621e-01,-1.745387336540033529e-01,-3.198053717206877367e-01,5.308861691607553723e-01,3.757380592039393230e-01,3.697693100634649732e-01,-1.133569472169637105e-01,2.459177672964071859e-01,-1.374633130557406102e-01,-5.716669584504004975e-01,-6.252499312711414792e-01,8.264644974624202334e-01,-6.299450956129584167e-01,2.013818677860354789e-01,-6.534734031656217468e-01,7.961302405933262660e-01,7.636648757642197083e-01
5.114655129294601865e-01,5.307888140890444362e-01,3.789004153303008327e-01,7.466728974356744430e-01,3.120377086485627838e-01,-7.347974413693247886e-01,4.546356370565347027e-01,-2.972798792564944614e-01,6.670281759564304913e-01,4.046520705188400013e-01,-7.006608601732220443e-01,5.951092769492570822e-01,6.170750482083120492e-01,7.056102452106451529e-04,6.752007546971390273e-01,1.562104469992285638e-01,-6.964183802553142177e-01,6.770651875906916750e-01,6.359490603879210946e-01,1.000000000000000000e+00,5.943790875277781272e-01,5.750680061647728269e-01,-3.861610398435031954e-01,-9.556673435711929288e-02,-4.893448584128541334e-01,6.280787800403844212e-01,3.553649041950073251e-01,5.191357786768869831e-01,-7.377146231034932555e-02,-8.021299150808175460e-02,-3.240243375069823961e-01,-5.961693737404826221e-01,-5.624488500158192350e-01,6.390127450357757644e-01,-5.650949508459770509e-01,1.991846706264222555e-01,-6.551605474315450595e-01,6.645070592059647563e-01,3.574054592618188808e-01
3.979500688747676374e-01,5.334529229447718679e-01,4.669031296221587413e-01,6.499468841232022287e-01,2.482373178380235246e-01,-7.418501702717724688e-01,3.373933849498584880e-01,-3.840939987871352934e-01,4.495986928413780448e-01,3.076593178421965780e-01,-7.149614517107526490e-01,6.023134997287676873e-01,3.901588576046830514e-01,5.070760388357701404e-02,5.377506872281283545e-01,7.367444899097337629e-02,-6.590575342537191572e-01,4.400467106539723838e-01,5.695149920413374867e-01,5.943790875277781272e-01,1.000000000000000000e+00,4.940195775883994278e-01,-4.453016811422833565e-01,-2.693125229887960992e-01,-4.297719020542756230e-01,7.283668499411288799e-01,4.428383380410058079e-01,6.842645381228561474e-01,1.481074579423940218e-01,-2.505473047950357857e-01,-4.833378649713231806e-02,-4.979076433852870354e-01,-5.910387883514539586e-01,5.500369622532234049e-01,-4.607359948214735934e-01,4.454570473848979972e-01,-5.816755460761569019e-01,5.917963918669678636e-01,3.715407747000314398e-01
2.104647226128102400e-01,2.670618665032133965e-01,4.326248804465751552e-01,3.407083701227752170e-01,1.522129627958623554e-01,-5.157443499965328471e-01,2.353114838322407087e-01,-3.388562945855554953e-01,4.002278182501521897e-01,3.363945830891745814e-01,-5.184658015943137688e-01,5.063505207210967640e-01,3.804477093195908766e-01,-2.681922332531309072e-01,3.777591885563975072e-01,1.681042745267125604e-01,-4.807874952919216627e-01,4.972578361913606027e-01,4.913469783508391808e-01,5.750680061647728269e-01,4.940195775883994278e-01,1.000000000000000000e+00,-2.200408168811670839e-01,-8.698540479409451465e-02,-2.015861320663897005e-01,4.316625480610121746e-01,4.231256829242334150e-01,5.667983637666078600e-01,-2.992147175935799264e-01,-5.376344712463251851e-02,-4.592440375654575219e-02,-3.397983119632443927e-01,-2.705096830888493731e-01,3.937644359926540383e-01,-5.904199278077321145e-01,3.445541566018085755e-02,-4.677190863396888942e-01,2.953702820494432113e-01,2.232351837136204165e-01
-2.850587993685597676e-01,-2.988684470456601239e-01,1.824407989816458076e-01,-5.216543567885411070e-01,1.335811387429123309e-01,5.394279398322964214e-01,-1.487552964074876916e-01,-1.809152747727861554e-01,-2.676550001771000886e-01,1.998563687152301593e-01,5.074739775878858161e-01,-5.156267409690212800e-01,-5.513836098399312879e-01,3.144806922892120493e-01,-5.973208091027950584e-01,4.981241803804004609e-01,5.529583197775246317e-01,-2.520552601283636007e-01,-2.585876645290262621e-01,-3.861610398435031954e-01,-4.453016811422833565e-01,-2.200408168811670839e-01,1.000000000000000000e+00,3.046831452966693998e-01,7.895544928551940789e-01,-3.712328184248120388e-01,-1.668610978808059489e-02,-1.491654570385368417e-01,-6.802500968375639612e-02,5.470473307687860887e-01,5.291174490667988062e-01,6.012429283229316912e-01,6.386822570489121276e-01,-2.313089001966603386e-01,3.480678109418782196e-01,2.906424894351689742e-02,4.885143981005734548e-01,-3.519102751194388978e-01,2.466362697597284173e-02
-4.511007429992271167e-02,-2.079566162800839391e-01,8.953178153744753565e-02,-2.344578273484248798e-01,6.513324838165041042e-02,2.783938705214266118e-01,-1.119070499005013763e-01,-1.546252644682180877e-01,-1.254494904315318071e-01,-4.808158339973626211e-02,3.130506111575023787e-01,-3.030542349751383369e-01,-1.184787646837615338e-01,8.580720791637157230e-02,-1.883546752892858167e-01,3.023407833576757103e-02,2.847887165958197797e-01,-1.046135283830271073e-01,-1.745387336540033529e-01,-9.556673435711929288e-02,-2.693125229887960992e-01,-8.698540479409451465e-02,3.046831452966693998e-01,1.000000000000000000e+00,2.458368775925765526e-01,-1.252917706123976016e-01,-7.589192839995345663e-02,2.188664947104375022e-02,8.405749523489831898e-02,1.427255847983228687e-01,1.853442189797008810e-01,2.495851772163601712e-01,3.738711991288536929e-01,-1.031234697279088397e-01,2.746133480371066860e-01,-3.264942914497161452e-01,3.129117173727490875e-01,-2.262617344696801203e-01,-2.086397987870665383e-01
-2.684779339436219603e-01,-4.164342649465081481e-01,1.204279425123812586e-01,-6.179060594564248499e-01,4.782147199324199294e-02,6.165773229544896372e-01,-2.158459385750666204e-01,-1.112061122980051719e-01,-4.121309384256567343e-01,9.024481641227899420e-02,5.685691164294475186e-01,-5.922511343293688224e-01,-6.944554329859250474e-01,2.239676728962500252e-01,-7.065895717293225742e-01,3.612365177531454141e-01,6.181526038954314739e-01,-3.919447485628598238e-01,-3.198053717206877367e-01,-4.893448584128541334e-01,-4.297719020542756230e-01,-2.015861320663897005e-01,7.895544928551940789e-01,2.458368775925765526e-01,1.000000000000000000e+00,-4.367186096796545347e-01,-1.619468131917131959e-01,-9.412159746022143170e-02,9.940134664669407483e-02,4.846335892719541016e-01,6.294630076398612939e-01,6.346789193939870177e-01,7.318385667335688405e-01,-3.484151138933836434e-01,4.281356846262227567e-01,5.268243379811932484e-03,5.809320360943108774e-01,-4.618389713702379940e-01,-8.037253290031690089e-02
4.766263208998122725e-01,5.465998919294822178e-01,3.718339699416890465e-01,5.962953041076125560e-01,3.454169425764260781e-01,-6.382273263205794356e-01,2.524612360405346645e-01,-3.322497757845744859e-01,5.138320228453644445e-01,2.514272938237820387e-01,-6.695006800964815596e-01,6.448197641898804067e-01,4.665997609884461328e-01,1.247464893481026738e-01,6.413847855092236205e-01,1.649855309862124642e-01,-5.701979236007159724e-01,5.721097135823377533e-01,5.308861691607553723e-01,6.280787800403844212e-01,7.283668499411288799e-01,4.316625480610121746e-01,-3.712328184248120388e-01,-1.252917706123976016e-01,-4.367186096796545347e-01,1.000000000000000000e+00,5.533471196970765060e-01,6.411642557037687817e-01,2.748856770812651007e-01,-1.454994401273560500e-01,-1.563583855520173094e-01,-4.523203773766943936e-01,-4.852684685028474942e-01,5.656319773781348648e-01,-4.864473432342464321e-01,2.202020565518167383e-01,-5.274117443620620627e-01,6.529090572158480210e-01,3.077300709595350847e-01
2.939388070875856643e-02,5.122208013656759373e-01,3.631420472025588264e-01,2.525277689039505669e-01,3.180933673358671276e-01,-3.164401782153548615e-01,1.935394283496633949e-01,-3.637384751480675082e-01,3.594779183883883844e-01,3.454923976830044929e-01,-3.684409953979805863e-01,5.872508809796873619e-01,1.301778093519521118e-01,1.264623955163221014e-01,3.021888242072998110e-01,2.820112848800368499e-01,-2.997677909401500473e-01,3.557105033523064730e-01,3.757380592039393230e-01,3.553649041950073251e-01,4.428383380410058079e-01,4.231256829242334150e-01,-1.668610978808059489e-02,-7.589192839995345663e-02,-1.619468131917131959e-01,5.533471196970765060e-01,1.000000000000000000e+00,3.102271343670750525e-01,-1.322139989194958676e-01,-1.267425266197254839e-02,2.127087969582258931e-01,5.716019214391629411e-02,-2.303893439586854330e-01,4.025519457660263201e-01,-3.317955662804645822e-01,2.150970843406935784e-01,-2.291317773489348064e-01,3.280937915033197427e-01,4.081548778977963088e-01
3.080498269546935730e-01,2.034025927138761181e-01,5.721775097533903232e-01,3.852224921677472880e-01,2.352551588104908331e-01,-4.692785560433346270e-01,3.885714935572798234e-01,-4.469561594462826970e-01,2.215525072684152441e-01,2.571425024984168028e-01,-4.216877091302696501e-01,2.415842406333502945e-01,1.407842791782429603e-01,-6.020667269262287152e-02,2.507634545001278248e-01,2.135227207267359206e-01,-3.340751864580464581e-01,3.174125696524859319e-01,3.697693100634649732e-01,5.191357786768869831e-01,6.842645381228561474e-01,5.667983637666078600e-01,-1.491654570385368417e-01,2.188664947104375022e-02,-9.412159746022143170e-02,6.411642557037687817e-01,3.102271343670750525e-01,1.000000000000000000e+00,2.049903236716000832e-01,-1.083389870024120266e-01,1.935214707282301161e-01,-2.887219055992074068e-01,-1.142185279447192475e-01,3.895621658910866092e-01,-3.549789341585352642e-01,2.180644121428680360e-01,-3.637732712006105373e-01,3.731676839372638499e-01,1.434748344970309120e-01
2.966304596732388110e-01,9.813729990279476678e-02,1.170488747642674798e-01,2.581870784390636209e-03,2.281784549011622032e-01,7.225712448921199627e-02,-1.352543916754487263e-01,-1.031761432849581800e-01,-3.304910605419403291e-02,-2.073586212088995573e-01,2.816560527476548795e-02,-1.159996237266458230e-01,-2.682510249173357675e-01,3.415313909055981978e-01,-2.054768850399326871e-02,-8.524598632196091208e-02,1.557709619279718516e-01,-1.833821799909186034e-01,-1.133569472169637105e-01,-7.377146231034932555e-02,1.481074579423940218e-01,-2.992147175935799264e-01,-6.802500968375639612e-02,8.405749523489831898e-02,9.940134664669407483e-02,2.748856770812651007e-01,-1.322139989194958676e-01,2.049903236716000832e-01,1.000000000000000000e+00,-2.868055245240814718e-02,2.585134471059835626e-01,9.249203641312979396e-02,1.663905363865815779e-01,8.538410510714156132e-02,3.419374192448093042e-01,2.189215338874596628e-01,2.454850308129872816e-01,9.251695936420885336e-02,-9.904847984932138583e-02
2.065824110590416263e-01,5.419002537154168908e-02,3.323405467666332158e-01,-9.647845158805153087e-02,3.927579556770477986e-01,1.388261816612834654e-01,1.411393416316451821e-01,-3.236631541877240115e-01,2.623111683434951602e-01,6.394609549600437370e-01,1.846074853706921315e-01,-1.943091898555901753e-01,-2.467291251436659338e-01,4.509519627567107336e-01,-2.648595265193471882e-01,6.491699021094875510e-01,8.374034680614639292e-02,1.700554216666911311e-01,2.459177672964071859e-01,-8.021299150808175460e-02,-2.505473047950357857e-01,-5.376344712463251851e-02,5.470473307687860887e-01,1.427255847983228687e-01,4.846335892719541016e-01,-1.454994401273560500e-01,-1.267425266197254839e-02,-1.083389870024120266e-01,-2.868055245240814718e-02,1.000000000000000000e+00,3.541041298928828684e-01,2.897521770867222402e-01,2.634546825411369642e-01,2.193075411829573107e-01,-2.459210859097418767e-02,1.839178554389378772e-01,1.033240751732139029e-01,1.135835109724246117e-01,4.555040090203656966e-01
-1.994953251217553847e-01,-6.400899689591886543e-02,4.398984850661080137e-01,-3.966133991095669442e-01,2.702036477770944356e-01,3.933736059585791200e-01,-5.865882784456501707e-03,-4.006915698867418718e-01,-2.109624706078044587e-01,1.959084939258966540e-01,3.921554833843761689e-01,-3.583096873820498796e-01,-7.428688832101285611e-01,3.206997281167587865e-01,-5.720246333621824553e-01,3.624138200580272473e-01,4.160706646877458392e-01,-3.113992280870089835e-01,-1.374633130557406102e-01,-3.240243375069823961e-01,-4.833378649713231806e-02,-4.592440375654575219e-02,5.291174490667988062e-01,1.853442189797008810e-01,6.294630076398612939e-01,-1.563583855520173094e-01,2.127087969582258931e-01,1.935214707282301161e-01,2.585134471059835626e-01,3.541041298928828684e-01,1.000000000000000000e+00,6.777409503823695891e-01,5.911137199579831192e-01,-6.650954139899321882e-02,4.148557521561435646e-01,2.632878638189307119e-01,5.313085457307199500e-01,-2.734064233500646535e-01,1.297182779210712955e-01
-4.757816670142945847e-01,-2.660468128959587175e-01,-2.203413176231252060e-02,-7.197419203607310356e-01,-1.070015290769850275e-01,7.513410220531582251e-01,-2.740482049234567730e-01,-3.998529078134199777e-02,-5.190266470782746167e-01,-1.286117997321820083e-01,7.246432603069099532e-01,-5.755442173154889929e-01,-7.690046070092163566e-01,1.150733382152111656e-01,-7.627775058390642293e-01,2.642505015257186618e-01,7.468634985787665492e-01,-6.071489071345610444e-01,-5.716669584504004975e-01,-5.961693737404826221e-01,-4.979076433852870354e-01,-3.397983119632443927e-01,6.012429283229316912e-01,2.495851772163601712e-01,6.346789193939870177e-01,-4.523203773766943936e-01,5.716019214391629411e-02,-2.887219055992074068e-01,9.249203641312979396e-02,2.897521770867222402e-01,6.777409503823695891e-01,1.000000000000000000e+00,7.046368713617574553e-01,-5.005155630924722487e-01,5.562397062996626840e-01,3.010918833012276100e-02,7.397563612772369845e-01,-6.433352477190821261e-01,-2.554131771561892195e-01
-4.447900267618645209e-01,-6.129262999503284348e-01,-2.623585264316212820e-02,-7.898329992709012259e-01,-1.620990086841472277e-01,8.193932956639320420e-01,-3.432794599075771891e-01,4.254558380096134379e-02,-6.332869229420540202e-01,-2.630206506167864222e-01,7.998151727203280936e-01,-7.472065800917603307e-01,-7.545699735076197845e-01,3.599850093707929882e-02,-7.938036841466034055e-01,1.604273397744540308e-01,8.295154588219869618e-01,-6.166982177714548374e-01,-6.252499312711414792e-01,-5.624488500158192350e-01,-5.910387883514539586e-01,-2.705096830888493731e-01,6.386822570489121276e-01,3.738711991288536929e-01,7.318385667335688405e-01,-4.852684685028474942e-01,-2.303893439586854330e-01,-1.142185279447192475e-01,1.663905363865815779e-01,2.634546825411369642e-01,5.911137199579831192e-01,7.046368713617574553e-01,1.000000000000000000e+00,-5.622372330859267686e-01,6.133108463926857379e-01,-2.251213628996669436e-01,7.364665966316170653e-01,-6.701547521585119460e-01,-4.141227743268298678e-01
5.853705234571975335e-01,6.737107971440912113e-01,5.661499859197833828e-01,7.462177526730622290e-01,7.046066908823940267e-01,-7.721846469352268150e-01,4.805807208443862444e-01,-5.225684580635069354e-01,8.606478634207670453e-01,5.893904481207130619e-01,-7.353922311419293090e-01,6.754405793493781784e-01,4.812145780475164392e-01,3.308566523203064214e-01,6.818564233057787805e-01,1.493807535599596670e-01,-7.117419350705757042e-01,7.214441484926624737e-01,8.264644974624202334e-01,6.390127450357757644e-01,5.500369622532234049e-01,3.937644359926540383e-01,-2.313089001966603386e-01,-1.031234697279088397e-01,-3.484151138933836434e-01,5.656319773781348648e-01,4.025519457660263201e-01,3.895621658910866092e-01,8.538410510714156132e-02,2.193075411829573107e-01,-6.650954139899321882e-02,-5.005155630924722487e-01,-5.622372330859267686e-01,1.000000000000000000e+00,-5.401984928014981202e-01,3.009710321012517009e-01,-5.750017035571682866e-01,8.536479030874049023e-01,7.603645068305054933e-01
-3.868581962286776199e-01,-3.923816004107145705e-01,-2.198772664041848957e-01,-5.816667700128965723e-01,-1.618525704526451725e-01,7.058201931720018418e-01,-3.974189611879698769e-01,1.936736780938486113e-01,-5.651562561682312857e-01,-4.208428307093727838e-01,6.274293618119316518e-01,-6.096929346481595458e-01,-6.094081607599215467e-01,2.025698048600862722e-01,-5.865419753730104491e-01,-9.443069860286516792e-02,6.701273341434764719e-01,-6.333132345238453587e-01,-6.299450956129584167e-01,-5.650949508459770509e-01,-4.607359948214735934e-01,-5.904199278077321145e-01,3.480678109418782196e-01,2.746133480371066860e-01,4.281356846262227567e-01,-4.864473432342464321e-01,-3.317955662804645822e-01,-3.549789341585352642e-01,3.419374192448093042e-01,-2.459210859097418767e-02,4.148557521561435646e-01,5.562397062996626840e-01,6.133108463926857379e-01,-5.401984928014981202e-01,1.000000000000000000e+00,-4.784224462624513119e-02,8.209900942918163524e-01,-5.634001990625933098e-01,-4.033653159715885894e-01
3.581580899277366226e-01,5.057817751391083805e-01,4.026326141942354608e-01,2.624323790536172152e-01,2.855261430389055555e-01,-2.310836641222494825e-01,1.620320300235462696e-01,-3.703967117935175191e-01,3.156689119147659817e-01,3.558353712665833224e-01,-2.104255497780563311e-01,1.499007188971260840e-01,-1.395761290628054763e-01,4.455865142589117145e-01,1.009006080761087540e-02,3.766284632925540610e-01,-2.230355415822730669e-01,8.962342725786923148e-02,2.013818677860354789e-01,1.991846706264222555e-01,4.454570473848979972e-01,3.445541566018085755e-02,2.906424894351689742e-02,-3.264942914497161452e-01,5.268243379811932484e-03,2.202020565518167383e-01,2.150970843406935784e-01,2.180644121428680360e-01,2.189215338874596628e-01,1.839178554389378772e-01,2.632878638189307119e-01,3.010918833012276100e-02,-2.251213628996669436e-01,3.009710321012517009e-01,-4.784224462624513119e-02,1.000000000000000000e+00,-1.457117367224042004e-01,2.664277526605413060e-01,3.377056569940276032e-01
-4.889825426222733085e-01,-3.932963119491698079e-01,-1.647548675833566123e-01,-7.327505628830055517e-01,-1.257239205399730830e-01,8.029765892208418077e-01,-4.065212844054284513e-01,1.248820922228299907e-01,-5.789177276376676895e-01,-3.538303961641859341e-01,7.027592955927928209e-01,-6.163531701425170040e-01,-6.751341939250429247e-01,1.317272578216502621e-01,-6.806229100749058292e-01,-2.865154110940168041e-03,7.539760398310006995e-01,-6.555030638377908891e-01,-6.534734031656217468e-01,-6.551605474315450595e-01,-5.816755460761569019e-01,-4.677190863396888942e-01,4.885143981005734548e-01,3.129117173727490875e-01,5.809320360943108774e-01,-5.274117443620620627e-01,-2.291317773489348064e-01,-3.637732712006105373e-01,2.454850308129872816e-01,1.033240751732139029e-01,5.313085457307199500e-01,7.397563612772369845e-01,7.364665966316170653e-01,-5.750017035571682866e-01,8.209900942918163524e-01,-1.457117367224042004e-01,1.000000000000000000e+00,-6.899246900193514165e-01,-4.131563776126777610e-01
6.290494448510522973e-01,6.018144023153317868e-01,3.763437339317316499e-01,8.073303282808748094e-01,5.580325726629927763e-01,-8.064127495694344283e-01,4.483623911265920414e-01,-3.257196566895564360e-01,7.937244473839371040e-01,5.003837558268576791e-01,-7.740786810440019039e-01,6.928131578910574628e-01,5.992576511383713722e-01,2.581640574955004763e-01,7.592610762476235120e-01,8.964609893430558474e-02,-7.665514891668211428e-01,7.465903002075268136e-01,7.961302405933262660e-01,6.645070592059647563e-01,5.917963918669678636e-01,2.953702820494432113e-01,-3.519102751194388978e-01,-2.262617344696801203e-01,-4.618389713702379940e-01,6.529090572158480210e-01,3.280937915033197427e-01,3.731676839372638499e-01,9.251695936420885336e-02,1.135835109724246117e-01,-2.734064233500646535e-01,-6.433352477190821261e-01,-6.701547521585119460e-01,8.536479030874049023e-01,-5.634001990625933098e-01,2.664277526605413060e-01,-6.899246900193514165e-01,1.000000000000000000e+00,7.197291900165431189e-01
4.199246446222071882e-01,5.335126727415924197e-01,4.842186377946793296e-01,5.285685467634072543e-01,6.223271193591402017e-01,-5.450261705427704717e-01,4.236943226008336172e-01,-4.475253888031904825e-01,7.014075317315476843e-01,7.473941456791068916e-01,-5.057103959146617145e-01,5.069205711379143331e-01,2.543557443039693444e-01,3.918028584138381065e-01,3.823020023155053737e-01,3.011812762899395146e-01,-5.581834025815137768e-01,5.974276453458426950e-01,7.636648757642197083e-01,3.574054592618188808e-01,3.715407747000314398e-01,2.232351837136204165e-01,2.466362697597284173e-02,-2.086397987870665383e-01,-8.037253290031690089e-02,3.077300709595350847e-01,4.081548778977963088e-01,1.434748344970309120e-01,-9.904847984932138583e-02,4.555040090203656966e-01,1.297182779210712955e-01,-2.554131771561892195e-01,-4.141227743268298678e-01,7.603645068305054933e-01,-4.033653159715885894e-01,3.377056569940276032e-01,-4.131563776126777610e-01,7.197291900165431189e-01,1.000000000000000000e+00
