1.000000000000000000e+00,5.837794664280890888e-01,3.423125079862973652e-01,1.169797411071885340e-01,2.308112410323780728e-01,1.379489190661479514e-01,1.934301673284647693e-01,-2.704752473906638088e-01,3.073916798297544051e-01,5.492838860095322628e-01,3.276073666089340808e-01,2.057561142610937754e-01,3.149031094146651499e-01,4.793272859430101618e-01,3.475464097944589992e-01,3.776630080506233056e-01,-4.539604058396736613e-02,1.538390492486377270e-01,2.255339545295746151e-01,2.584136460984757799e-01,2.754383924208266277e-01,5.057838133052025564e-02,4.108628163399323241e-01,3.855351005023441857e-01,2.666718622701868546e-01,2.221600569221963695e-01,-7.163879866041414357e-02,4.270029553037328340e-01,3.834696247653502366e-01,2.952059411275867462e-01,8.060930310248368147e-02,1.611788813025046563e-01,1.382366898499853836e-01,3.290055608386147079e-01,2.244170187932059690e-01,3.353203021962688352e-02,3.140206386135980798e-01,4.273209141750666240e-01,2.147880193562789197e-01
5.837794664280890888e-01,1.000000000000000000e+00,4.284290290971313198e-01,-1.398805902705154702e-01,4.033170833872606886e-01,-7.578659930740004602e-02,2.142893199006285498e-01,-3.978319731997574937e-01,5.106741953775270071e-01,6.896798744730576747e-01,2.661774690177853286e-01,6.090562356861901894e-02,-2.873444052842678148e-02,4.569963292194844096e-01,1.113577050644299626e-01,4.657954902454694568e-01,1.752986614141098243e-01,3.667331454887939879e-02,3.163828180845817406e-01,2.796935548549264391e-02,2.815082709113000958e-01,9.539191204280800251e-02,6.199194836353970617e-01,5.682270022984500235e-01,3.351360279899910366e-01,2.959415822390381035e-01,1.674427650206590512e-01,4.724956359620104407e-01,3.692710009562831242e-01,4.795939788068457332e-01,4.172544205325224853e-01,2.665836228467641233e-01,1.936321036249852856e-01,1.964255398476686121e-01,3.443557768026273558e-01,4.992890748575331411e-02,3.825023044546175810e-01,2.154888561819609527e-01,4.192460924800875399e-01
3.423125079862973652e-01,4.284290290971313198e-01,1.000000000000000000e+00,-1.869759862086337043e-01,7.959617921118293804e-01,-2.526994173734510851e-01,3.058944902816251310e-01,-9.033183107973988824e-01,6.798666056263001911e-01,5.899959407934938227e-01,1.410930605626205814e-01,9.663302574872094375e-02,-1.404439975899148263e-01,4.801063783614532565e-01,1.191826461015712546e-01,5.321327570316342070e-01,2.464196672126237053e-01,-1.476255797120788749e-01,6.927429098705246702e-01,-1.783467058921081316e-01,6.720074994814853042e-01,1.068927929467387294e-01,5.311583544170245252e-01,4.078036158555098378e-01,3.698239199175221703e-01,1.951449463564702003e-01,2.947375943379943464e-01,6.288126130699438487e-01,8.892164292793316993e-02,4.909261874762951838e-01,5.901088610509780397e-01,1.474231564260419791e-01,4.905015273582873925e-01,2.912982039660705902e-01,9.978310937008970372e-02,-7.577449552418306922e-02,-1.178876412299092145e-02,2.986658944094790491e-01,6.521128615195126432e-01
1.169797411071885340e-01,-1.398805902705154702e-01,-1.869759862086337043e-01,1.000000000000000000e+00,-1.897774208407393692e-01,1.059231082713407435e-01,-3.653840599846031999e-03,2.361521007896978108e-01,-2.491645634778557605e-01,2.988538412478698378e-02,3.569082497626174799e-01,6.188894480500025524e-02,2.496923735177486448e-01,1.744636277418872006e-01,-9.451985205679793930e-03,-4.285600670889685299e-02,-3.903828024270130509e-02,5.673301343602107361e-01,-9.575553816968694620e-02,2.635342925330174668e-01,-1.899127680008777519e-01,-4.159705957828294109e-02,-1.491478122568270781e-01,-1.192975870651266299e-02,-1.277025271049412325e-01,-6.996935067767037775e-02,-1.934929728836789486e-01,-1.436004109151056973e-01,1.909507634068637605e-01,-8.571061963158267683e-02,-4.577112921554009617e-01,5.654147897495846037e-02,-3.429434038534981410e-01,-7.777718332846796090e-02,-2.453827918676718400e-01,2.062496434848244409e-01,-1.174000219741603152e-01,7.169626941565042377e-02,-2.063255152692626826e-01
2.308112410323780728e-01,4.033170833872606886e-01,7.959617921118293804e-01,-1.897774208407393692e-01,1.000000000000000000e+00,-3.716992169509725774e-01,3.587290425396739701e-01,-8.193590766006978443e-01,7.764163058530130224e-01,5.631958269634876890e-01,-3.487719571800277502e-03,3.021885537381723691e-02,-3.338016909993949399e-01,4.173590368615879287e-01,-4.072835587951743885e-02,6.777703419969455245e-01,4.580296648136134019e-01,-1.431582587761914827e-01,6.845782915676132951e-01,-1.851185203226659581e-01,5.506163718799365059e-01,1.355156955991316803e-01,5.426982703274599862e-01,4.385500059156289265e-01,3.064334671292193168e-01,3.445285810806186233e-01,5.068818126890892728e-01,5.537805396152398751e-01,8.020643565603650937e-02,6.823515930244984373e-01,5.734119445285472683e-01,1.314441567783552478e-01,4.008735612863639219e-01,1.594946257593914674e-01,1.034148580981853749e-01,9.368390626303206223e-03,-1.633864221919656412e-01,2.946741720169964163e-01,7.308116805716491360e-01
1.379489190661479514e-01,-7.578659930740004602e-02,-2.526994173734510851e-01,1.059231082713407435e-01,-3.716992169509725774e-01,1.000000000000000000e+00,3.650970889771091438e-02,3.317073605861322605e-01,-3.152446188286103235e-01,-1.083005586589451050e-02,3.438329470217078576e-01,3.193482893391955679e-01,5.806798867496202332e-01,1.269210119659292813e-01,4.586363669938822163e-01,-3.417382987906887881e-01,-3.109623163509646071e-01,1.830604653405879523e-01,-1.317310162164116449e-01,3.493615195162486642e-01,-1.335399444862060692e-01,-1.055001030372138826e-01,-2.454043020771423667e-01,-1.825252746993062669e-01,-2.496395418569826580e-02,1.023025554353894223e-01,-3.038779181730531520e-01,4.848151499013363119e-02,3.977469733831314191e-01,-4.059757399947485079e-01,-2.614809714537623675e-01,3.695450211098909032e-01,1.841661007462864208e-01,3.116212386611280083e-01,4.084786794517434871e-01,1.514245651142470672e-01,5.050488121663998520e-01,1.479429211686774659e-01,-5.379022693272654809e-01
1.934301673284647693e-01,2.142893199006285498e-01,3.058944902816251310e-01,-3.653840599846031999e-03,3.587290425396739701e-01,3.650970889771091438e-02,1.000000000000000000e+00,-2.427141824136601622e-01,4.401174791508652429e-01,3.706528476798011118e-01,1.358315206588446011e-01,5.746368384018192277e-01,2.280410283167389751e-01,3.982237148792048265e-01,5.146216285549976011e-01,2.795810009427540654e-01,-9.730562758386683206e-03,2.803190497713128337e-01,5.745385384427946773e-01,3.494857659102297287e-01,3.144343680337068347e-01,5.173181780464243262e-01,4.170561257712651626e-01,3.625156588903195587e-01,2.869985297493250487e-01,2.964236551189992630e-01,2.609416035241990950e-01,4.751281342790109607e-01,5.555944389034508935e-02,1.297764598833484884e-01,1.660347185481839682e-01,4.108106672354053801e-01,1.725419540438888899e-01,5.718284648518329183e-01,3.614114999214348423e-01,3.236980268077005451e-01,2.819964600231317786e-01,5.819367306929845718e-01,2.580405556042865145e-01
-2.704752473906638088e-01,-3.978319731997574937e-01,-9.033183107973988824e-01,2.361521007896978108e-01,-8.193590766006978443e-01,3.317073605861322605e-01,-2.427141824136601622e-01,1.000000000000000000e+00,-6.912175641026150341e-01,-5.275728747573358302e-01,-5.390582575769001239e-02,-8.580563949398626591e-04,2.591728029266779920e-01,-4.082290308056106820e-01,-4.147521729447603382e-03,-5.467607458812049348e-01,-3.074130868153495677e-01,2.078672307721158574e-01,-6.520696807782385696e-01,2.684075132347510939e-01,-6.372775183056608173e-01,-6.587589008774752397e-02,-4.917541071091491300e-01,-3.780772681859226880e-01,-3.369539330021453227e-01,-1.995289618794954256e-01,-3.475095800768968068e-01,-5.745093287359248624e-01,-5.565039048512981923e-02,-5.365459483023441445e-01,-6.212568325457896723e-01,-8.352702450424277780e-02,-4.822016335911546436e-01,-1.948844252701688040e-01,-5.370276649550334569e-02,1.066018000768494817e-01,1.015090757650810027e-01,-2.239297133025270892e-01,-6.805038074243336954e-01
3.073916798297544051e-01,5.106741953775270071e-01,6.798666056263001911e-01,-2.491645634778557605e-01,7.764163058530130224e-01,-3.152446188286103235e-01,4.401174791508652429e-01,-6.912175641026150341e-01,1.000000000000000000e+00,6.287144114271370210e-01,-6.287546048550183599e-03,1.983512920096278664e-01,-2.665889429539075595e-01,4.651393883140647056e-01,1.118300562796483572e-01,5.964036077721868168e-01,3.645559396902312010e-01,-6.709186903580767469e-02,6.737929503909753093e-01,-4.877305938892020215e-02,5.323796413017165552e-01,3.258329698799469765e-01,6.130589692599922591e-01,5.381374646948635654e-01,5.045590478205747020e-01,4.759502221583601922e-01,5.948194036174655475e-01,6.894173122255641273e-01,1.800596849765714880e-01,6.000115701987663863e-01,7.034029865301052453e-01,2.488224810446700019e-01,5.176514194550305703e-01,3.329507936819180447e-01,2.296826624300117303e-01,1.626479251160468931e-01,3.730073834339521499e-03,4.107156339519339450e-01,7.374665628314497345e-01
5.492838860095322628e-01,6.896798744730576747e-01,5.899959407934938227e-01,2.988538412478698378e-02,5.631958269634876890e-01,-1.083005586589451050e-02,3.706528476798011118e-01,-5.275728747573358302e-01,6.287144114271370210e-01,1.000000000000000000e+00,3.851587625968571071e-01,3.210407734232674226e-01,1.290855732591660032e-01,7.369150997186766361e-01,3.318170704528387027e-01,4.638671183278584298e-01,1.831083760805690686e-01,1.482743673426451525e-01,5.742067569541844385e-01,1.544493759317074610e-01,4.321204747872893215e-01,2.851566981236624554e-01,7.072120779136578106e-01,6.523301790790292376e-01,5.373584924128677054e-01,3.694953901558205578e-01,2.482132541404409032e-01,6.648877684857877890e-01,3.854649596605128070e-01,4.287030111188211423e-01,4.017961481406208679e-01,3.770674307493663835e-01,3.144831414108583689e-01,4.369979084948895642e-01,2.273411307855914831e-01,2.658714806433685185e-01,2.611907643080372265e-01,4.254691726957977038e-01,4.401106414573643932e-01
3.276073666089340808e-01,2.661774690177853286e-01,1.410930605626205814e-01,3.569082497626174799e-01,-3.487719571800277502e-03,3.438329470217078576e-01,1.358315206588446011e-01,-5.390582575769001239e-02,-6.287546048550183599e-03,3.851587625968571071e-01,1.000000000000000000e+00,2.035782143151152745e-01,3.696847645917336611e-01,4.986825360523122197e-01,2.425672880014181909e-01,6.493593652435704355e-02,1.274600609929338324e-01,4.132030362035846172e-01,1.956918731927554667e-01,2.116017715382763342e-01,9.156956520619961154e-03,-9.754350064994762870e-02,2.557486337580439639e-01,2.335049957799675280e-01,1.737145431646982263e-01,1.635227954387996618e-01,-9.302542963621357464e-02,3.083416520059265031e-01,4.769243868784274754e-01,-6.183459637310288054e-02,-7.231763376148600542e-02,3.548045912633270293e-01,4.526712308495240561e-02,2.083354871418103549e-01,3.488410170474889882e-02,2.641453254584500976e-01,2.227307147783463004e-01,2.213993954251726459e-01,4.693978112805380614e-05
2.057561142610937754e-01,6.090562356861901894e-02,9.663302574872094375e-02,6.188894480500025524e-02,3.021885537381723691e-02,3.193482893391955679e-01,5.746368384018192277e-01,-8.580563949398626591e-04,1.983512920096278664e-01,3.210407734232674226e-01,2.035782143151152745e-01,1.000000000000000000e+00,5.803648544691251132e-01,4.905835742780225717e-01,8.031060430007131989e-01,-1.920638731823266082e-02,-3.121442323137106900e-01,3.660469540751906670e-01,3.446746104991729731e-01,5.878088035437410985e-01,1.808239891176355030e-01,5.882380359586157903e-01,3.067318696594185101e-01,2.842543507439819206e-01,3.728465803891751751e-01,2.248540667096519396e-01,-1.924466213024843275e-02,5.034364926226692072e-01,9.036337313115933023e-02,-2.156662542349018219e-01,2.070984836390764652e-02,3.524352949670441770e-01,2.230295427963702448e-01,8.356282655621698474e-01,3.141198718104559195e-01,2.783892810106816107e-01,4.169654215422606280e-01,6.219152425666756301e-01,-5.730102986843038648e-02
3.149031094146651499e-01,-2.873444052842678148e-02,-1.404439975899148263e-01,2.496923735177486448e-01,-3.338016909993949399e-01,5.806798867496202332e-01,2.280410283167389751e-01,2.591728029266779920e-01,-2.665889429539075595e-01,1.290855732591660032e-01,3.696847645917336611e-01,5.803648544691251132e-01,1.000000000000000000e+00,3.726589890051870135e-01,7.368658959289534627e-01,-1.987947766149770479e-01,-5.442366678253486301e-01,3.969026015754686942e-01,5.965328594207347165e-03,5.348115013994493294e-01,-9.680211520675201242e-02,1.294844471197974245e-01,-6.631339654300989761e-02,6.254898879864413674e-02,1.187645144265070812e-01,-1.712645637644917562e-02,-5.012830160505876709e-01,1.513638978606296204e-01,2.357539538149048819e-01,-4.617262207292284759e-01,-4.297925818783581153e-01,3.179475727319611145e-01,1.089761849817828592e-03,5.942127616740722207e-01,2.451767663012472398e-01,1.606506888481552542e-01,5.149946162480072420e-01,4.104808262824219955e-01,-4.461017903364155046e-01
4.793272859430101618e-01,4.569963292194844096e-01,4.801063783614532565e-01,1.744636277418872006e-01,4.173590368615879287e-01,1.269210119659292813e-01,3.982237148792048265e-01,-4.082290308056106820e-01,4.651393883140647056e-01,7.369150997186766361e-01,4.986825360523122197e-01,4.905835742780225717e-01,3.726589890051870135e-01,1.000000000000000000e+00,4.883100892108313551e-01,3.385456046099077354e-01,3.442264082652478352e-02,3.281349137348966716e-01,5.325538017797787349e-01,3.392730463400945862e-01,3.040674355651764582e-01,2.947008239483178693e-01,5.564281099287898824e-01,6.240935562127640779e-01,5.999583617124915058e-01,3.376490962284772746e-01,1.079140686920641440e-01,6.206825923475178808e-01,4.238091340791736439e-01,1.946719310225342170e-01,2.176702981822948579e-01,4.341823519812521570e-01,3.350909404003172831e-01,5.640435746827775487e-01,1.766529574826704863e-01,2.973938486820489890e-01,2.916315499659762334e-01,5.320418971311537959e-01,2.858978294038588830e-01
3.475464097944589992e-01,1.113577050644299626e-01,1.191826461015712546e-01,-9.451985205679793930e-03,-4.072835587951743885e-02,4.586363669938822163e-01,5.146216285549976011e-01,-4.147521729447603382e-03,1.118300562796483572e-01,3.318170704528387027e-01,2.425672880014181909e-01,8.031060430007131989e-01,7.368658959289534627e-01,4.883100892108313551e-01,1.000000000000000000e+00,-7.088323299685421464e-02,-4.616852384932630948e-01,2.699463297581878307e-01,3.222774670039310063e-01,6.056518148068380514e-01,1.866047631402864837e-01,4.461798378625973505e-01,2.128292700002731574e-01,2.587885630552524407e-01,3.738947167808547856e-01,1.679235658918052099e-01,-1.917557517044543303e-01,4.780256580582470938e-01,1.808907362872275715e-01,-3.051254308946629856e-01,-3.747289580527823211e-02,3.736547271006449011e-01,2.956253138833878635e-01,8.405388248520365702e-01,4.065057766644389892e-01,2.142120219778559931e-01,5.528461794600706414e-01,6.003963457737973020e-01,-1.772258270814120185e-01
3.776630080506233056e-01,4.657954902454694568e-01,5.321327570316342070e-01,-4.285600670889685299e-02,6.777703419969455245e-01,-3.417382987906887881e-01,2.795810009427540654e-01,-5.467607458812049348e-01,5.964036077721868168e-01,4.638671183278584298e-01,6.493593652435704355e-02,-1.920638731823266082e-02,-1.987947766149770479e-01,3.385456046099077354e-01,-7.088323299685421464e-02,1.000000000000000000e+00,4.713080569373087614e-01,9.236640802558845897e-02,4.914594717029380777e-01,-6.260412745872255547e-02,2.491651641460614353e-01,6.507376075683937895e-04,4.548703895640606731e-01,4.917156763349406212e-01,1.219631362040890371e-01,3.714526759286481128e-01,3.405919639214198824e-01,3.956190793682911599e-01,2.084244162828314262e-01,7.288494391277103857e-01,2.560306734501184289e-01,4.942957143346149440e-02,9.663818015346067880e-02,2.960569080878886969e-02,1.302711309769199188e-01,-4.839366681182073054e-02,-7.628702539797659055e-02,3.865857881904154469e-01,6.184394240169954760e-01
-4.539604058396736613e-02,1.752986614141098243e-01,2.464196672126237053e-01,-3.903828024270130509e-02,4.580296648136134019e-01,-3.109623163509646071e-01,-9.730562758386683206e-03,-3.074130868153495677e-01,3.645559396902312010e-01,1.831083760805690686e-01,1.274600609929338324e-01,-3.121442323137106900e-01,-5.442366678253486301e-01,3.442264082652478352e-02,-4.616852384932630948e-01,4.713080569373087614e-01,1.000000000000000000e+00,-7.572281240618113085e-02,2.045850487924726346e-01,-2.726546066671309276e-01,8.926444570333598449e-02,-1.837843498057044056e-01,2.457607694364059570e-01,1.280108100738930887e-01,-8.478204054327234673e-02,3.899182523308760140e-01,5.233099275447324894e-01,1.531471693698505943e-01,2.046795241255403019e-01,5.437165762741319464e-01,2.495611431046124706e-01,-4.362561918879717671e-02,1.794877447529242415e-02,-3.252154420698403214e-01,-8.296867968470204857e-02,1.320206863515760998e-01,-3.547092333390975405e-01,-7.032000068762338241e-02,4.199709891068857393e-01
1.538390492486377270e-01,3.667331454887939879e-02,-1.476255797120788749e-01,5.673301343602107361e-01,-1.431582587761914827e-01,1.830604653405879523e-01,2.803190497713128337e-01,2.078672307721158574e-01,-6.709186903580767469e-02,1.482743673426451525e-01,4.132030362035846172e-01,3.660469540751906670e-01,3.969026015754686942e-01,3.281349137348966716e-01,2.699463297581878307e-01,9.236640802558845897e-02,-7.572281240618113085e-02,1.000000000000000000e+00,9.933507935143814915e-02,3.758520968668411788e-01,-1.634549068466738531e-01,1.098382632022521371e-01,1.611887866233769132e-02,1.925758290192438882e-01,4.066533696614089977e-02,1.148625381956563524e-01,-1.867865772708803829e-01,1.189745291472697891e-01,2.425672712066404002e-01,-1.186985589303970745e-01,-3.209795714203776962e-01,3.358145403106451155e-01,-1.802186372751289900e-01,2.249963803725646971e-01,3.079493644782435244e-02,3.216810514837661894e-01,1.863072394542427956e-01,2.909869546312544020e-01,-1.659121994067606076e-01
2.255339545295746151e-01,3.163828180845817406e-01,6.927429098705246702e-01,-9.575553816968694620e-02,6.845782915676132951e-01,-1.317310162164116449e-01,5.745385384427946773e-01,-6.520696807782385696e-01,6.737929503909753093e-01,5.742067569541844385e-01,1.956918731927554667e-01,3.446746104991729731e-01,5.965328594207347165e-03,5.325538017797787349e-01,3.222774670039310063e-01,4.914594717029380777e-01,2.045850487924726346e-01,9.933507935143814915e-02,1.000000000000000000e+00,3.618822265032156649e-02,5.352170228090569193e-01,3.184301524816827156e-01,5.558480623259808295e-01,4.349517417874254055e-01,3.758283607503424273e-01,2.879437385459941434e-01,3.554702548469214629e-01,6.387048915759709899e-01,7.492659537024821959e-02,4.173904065739106883e-01,4.688405707182188298e-01,3.549205637609700315e-01,3.955489346925488703e-01,4.275493953968913519e-01,2.166183460778099146e-01,1.588485441551865107e-01,8.907328342455098080e-02,4.729441809402169516e-01,5.554094606106231291e-01
2.584136460984757799e-01,2.796935548549264391e-02,-1.783467058921081316e-01,2.635342925330174668e-01,-1.851185203226659581e-01,3.493615195162486642e-01,3.494857659102297287e-01,2.684075132347510939e-01,-4.877305938892020215e-02,1.544493759317074610e-01,2.116017715382763342e-01,5.878088035437410985e-01,5.348115013994493294e-01,3.392730463400945862e-01,6.056518148068380514e-01,-6.260412745872255547e-02,-2.726546066671309276e-01,3.758520968668411788e-01,3.618822265032156649e-02,1.000000000000000000e+00,-1.186575233397717602e-02,3.963585140462676515e-01,3.908081269384102580e-02,2.207008225701035942e-01,2.218274740736183026e-01,2.365729107117460761e-01,-1.192990464173531440e-01,2.528455084435249911e-01,2.589560506043967480e-01,-2.414710113063389674e-01,-2.395676231023599334e-01,1.357068422692417065e-01,7.887204754864665657e-02,5.030443005805447232e-01,2.830577176338679446e-01,1.457942544570005605e-01,3.623849266068001063e-01,4.438484106664744022e-01,-2.293706882849106954e-01
2.754383924208266277e-01,2.815082709113000958e-01,6.720074994814853042e-01,-1.899127680008777519e-01,5.506163718799365059e-01,-1.335399444862060692e-01,3.144343680337068347e-01,-6.372775183056608173e-01,5.323796413017165552e-01,4.321204747872893215e-01,9.156956520619961154e-03,1.808239891176355030e-01,-9.680211520675201242e-02,3.040674355651764582e-01,1.866047631402864837e-01,2.491651641460614353e-01,8.926444570333598449e-02,-1.634549068466738531e-01,5.352170228090569193e-01,-1.186575233397717602e-02,1.000000000000000000e+00,3.668596495702628468e-01,4.670318466404784763e-01,3.753222878681675145e-01,3.880153311657715820e-01,2.170754948087682545e-01,3.237678647205056714e-01,5.125011154129578417e-01,-5.481460751961034217e-02,2.922035388846475623e-01,5.315743426297514507e-01,1.365097839115718970e-01,4.273523552785547519e-01,3.266518332862989871e-01,1.801759850313986167e-01,-1.638077734465716029e-01,6.938670955575088062e-02,2.750028427175684187e-01,4.624448248834605035e-01
5.057838133052025564e-02,9.539191204280800251e-02,1.068927929467387294e-01,-4.159705957828294109e-02,1.355156955991316803e-01,-1.055001030372138826e-01,5.173181780464243262e-01,-6.587589008774752397e-02,3.258329698799469765e-01,2.851566981236624554e-01,-9.754350064994762870e-02,5.882380359586157903e-01,1.294844471197974245e-01,2.947008239483178693e-01,4.461798378625973505e-01,6.507376075683937895e-04,-1.837843498057044056e-01,1.098382632022521371e-01,3.184301524816827156e-01,3.963585140462676515e-01,3.668596495702628468e-01,1.000000000000000000e+00,4.200087236498548093e-01,4.302178778311879781e-01,4.151475780242036007e-01,2.561801351647446379e-01,3.247367580181406144e-01,3.089089788289543503e-01,-1.575143549597495252e-01,-5.612193045996576729e-02,2.243956330991682957e-01,1.522279554508460808e-01,6.452784466859508294e-02,5.494959464948345751e-01,2.034070860077558385e-01,1.774791777364544965e-01,2.024516975205292724e-01,4.221927217414375710e-01,1.401768455359700682e-01
4.108628163399323241e-01,6.199194836353970617e-01,5.311583544170245252e-01,-1.491478122568270781e-01,5.426982703274599862e-01,-2.454043020771423667e-01,4.170561257712651626e-01,-4.917541071091491300e-01,6.130589692599922591e-01,7.072120779136578106e-01,2.557486337580439639e-01,3.067318696594185101e-01,-6.631339654300989761e-02,5.564281099287898824e-01,2.128292700002731574e-01,4.548703895640606731e-01,2.457607694364059570e-01,1.611887866233769132e-02,5.558480623259808295e-01,3.908081269384102580e-02,4.670318466404784763e-01,4.200087236498548093e-01,1.000000000000000000e+00,6.161599370391005470e-01,5.158861192204871049e-01,2.819088658841933381e-01,3.428387261159490107e-01,5.609558981068422101e-01,7.551137706563408603e-02,4.878839788355412432e-01,4.738904043275949940e-01,2.313692977623617586e-01,1.965176402658302124e-01,3.761325716900594252e-01,1.505263692759041816e-01,1.068955890351840909e-01,1.823023281561918785e-01,3.389078556021846156e-01,5.619064722719770977e-01
3.855351005023441857e-01,5.682270022984500235e-01,4.078036158555098378e-01,-1.192975870651266299e-02,4.385500059156289265e-01,-1.825252746993062669e-01,3.625156588903195587e-01,-3.780772681859226880e-01,5.381374646948635654e-01,6.523301790790292376e-01,2.335049957799675280e-01,2.842543507439819206e-01,6.254898879864413674e-02,6.240935562127640779e-01,2.587885630552524407e-01,4.917156763349406212e-01,1.280108100738930887e-01,1.925758290192438882e-01,4.349517417874254055e-01,2.207008225701035942e-01,3.753222878681675145e-01,4.302178778311879781e-01,6.161599370391005470e-01,1.000000000000000000e+00,5.959216559071599528e-01,4.278888701326633570e-01,3.451669172336669367e-01,4.909895997112412869e-01,2.855965101628106240e-01,3.561776894409414695e-01,3.259588472416690141e-01,3.156642412804280817e-01,1.778648989706212991e-01,3.435548155211226029e-01,2.332367212005930224e-01,7.020875337788570758e-02,2.812129721179228437e-01,4.540138223420683294e-01,4.083984261437904051e-01
2.666718622701868546e-01,3.351360279899910366e-01,3.698239199175221703e-01,-1.277025271049412325e-01,3.064334671292193168e-01,-2.496395418569826580e-02,2.869985297493250487e-01,-3.369539330021453227e-01,5.045590478205747020e-01,5.373584924128677054e-01,1.737145431646982263e-01,3.728465803891751751e-01,1.187645144265070812e-01,5.999583617124915058e-01,3.738947167808547856e-01,1.219631362040890371e-01,-8.478204054327234673e-02,4.066533696614089977e-02,3.758283607503424273e-01,2.218274740736183026e-01,3.880153311657715820e-01,4.151475780242036007e-01,5.158861192204871049e-01,5.959216559071599528e-01,1.000000000000000000e+00,2.741554133030666418e-01,2.486618659477619342e-01,5.488032109891406440e-01,2.152854627087220363e-01,7.392897732566144908e-02,4.728180555432094923e-01,3.006435767195275166e-01,5.120412512538264904e-01,5.078031172493234768e-01,1.510766358926869113e-01,1.322091890922156843e-01,2.268039300456664298e-01,3.424090799453903822e-01,3.242384910145994503e-01
2.221600569221963695e-01,2.959415822390381035e-01,1.951449463564702003e-01,-6.996935067767037775e-02,3.445285810806186233e-01,1.023025554353894223e-01,2.964236551189992630e-01,-1.995289618794954256e-01,4.759502221583601922e-01,3.694953901558205578e-01,1.635227954387996618e-01,2.248540667096519396e-01,-1.712645637644917562e-02,3.376490962284772746e-01,1.679235658918052099e-01,3.714526759286481128e-01,3.899182523308760140e-01,1.148625381956563524e-01,2.879437385459941434e-01,2.365729107117460761e-01,2.170754948087682545e-01,2.561801351647446379e-01,2.819088658841933381e-01,4.278888701326633570e-01,2.741554133030666418e-01,1.000000000000000000e+00,6.411637307010172870e-01,4.432173744650060865e-01,5.638073382086563612e-01,2.274330295278693126e-01,2.980665790047027364e-01,3.655862780100777587e-01,3.118481416096157699e-01,2.672338539265513013e-01,4.685903498561251879e-01,3.322438525958846811e-01,1.821727780564466603e-01,4.313014824027823213e-01,2.238195566685909355e-01
-7.163879866041414357e-02,1.674427650206590512e-01,2.947375943379943464e-01,-1.934929728836789486e-01,5.068818126890892728e-01,-3.038779181730531520e-01,2.609416035241990950e-01,-3.475095800768968068e-01,5.948194036174655475e-01,2.482132541404409032e-01,-9.302542963621357464e-02,-1.924466213024843275e-02,-5.012830160505876709e-01,1.079140686920641440e-01,-1.917557517044543303e-01,3.405919639214198824e-01,5.233099275447324894e-01,-1.867865772708803829e-01,3.554702548469214629e-01,-1.192990464173531440e-01,3.237678647205056714e-01,3.247367580181406144e-01,3.428387261159490107e-01,3.451669172336669367e-01,2.486618659477619342e-01,6.411637307010172870e-01,1.000000000000000000e+00,2.691910358745091547e-01,1.146108815845034157e-01,4.033591495570914010e-01,5.211302562903432634e-01,1.468914894213658728e-01,2.458379790085757910e-01,-4.210780036287912684e-03,2.191166473931567549e-01,2.092431522421910606e-01,-1.837248712654448168e-01,2.414517798550090966e-01,5.239552780184579817e-01
4.270029553037328340e-01,4.724956359620104407e-01,6.288126130699438487e-01,-1.436004109151056973e-01,5.537805396152398751e-01,4.848151499013363119e-02,4.751281342790109607e-01,-5.745093287359248624e-01,6.894173122255641273e-01,6.648877684857877890e-01,3.083416520059265031e-01,5.034364926226692072e-01,1.513638978606296204e-01,6.206825923475178808e-01,4.780256580582470938e-01,3.956190793682911599e-01,1.531471693698505943e-01,1.189745291472697891e-01,6.387048915759709899e-01,2.528455084435249911e-01,5.125011154129578417e-01,3.089089788289543503e-01,5.609558981068422101e-01,4.909895997112412869e-01,5.488032109891406440e-01,4.432173744650060865e-01,2.691910358745091547e-01,1.000000000000000000e+00,3.860637114641276568e-01,2.829146850978880856e-01,5.570912658440421161e-01,3.122417876110301083e-01,6.090044093414878068e-01,6.267939756305150878e-01,2.876058138697288880e-01,1.468506101769990191e-01,2.564109219996005828e-01,4.958043620062346224e-01,4.628286713736041724e-01
3.834696247653502366e-01,3.692710009562831242e-01,8.892164292793316993e-02,1.909507634068637605e-01,8.020643565603650937e-02,3.977469733831314191e-01,5.555944389034508935e-02,-5.565039048512981923e-02,1.800596849765714880e-01,3.854649596605128070e-01,4.769243868784274754e-01,9.036337313115933023e-02,2.357539538149048819e-01,4.238091340791736439e-01,1.808907362872275715e-01,2.084244162828314262e-01,2.046795241255403019e-01,2.425672712066404002e-01,7.492659537024821959e-02,2.589560506043967480e-01,-5.481460751961034217e-02,-1.575143549597495252e-01,7.551137706563408603e-02,2.855965101628106240e-01,2.152854627087220363e-01,5.638073382086563612e-01,1.146108815845034157e-01,3.860637114641276568e-01,1.000000000000000000e+00,5.999889023956758022e-02,5.745580809983591442e-02,4.557815063276550172e-01,2.670609703891262399e-01,1.550482339120492215e-01,3.350076287180726586e-01,3.573338393568378790e-01,3.319187429412346901e-01,2.314610784104616237e-01,-6.972419766947259012e-02
2.952059411275867462e-01,4.795939788068457332e-01,4.909261874762951838e-01,-8.571061963158267683e-02,6.823515930244984373e-01,-4.059757399947485079e-01,1.297764598833484884e-01,-5.365459483023441445e-01,6.000115701987663863e-01,4.287030111188211423e-01,-6.183459637310288054e-02,-2.156662542349018219e-01,-4.617262207292284759e-01,1.946719310225342170e-01,-3.051254308946629856e-01,7.288494391277103857e-01,5.437165762741319464e-01,-1.186985589303970745e-01,4.173904065739106883e-01,-2.414710113063389674e-01,2.922035388846475623e-01,-5.612193045996576729e-02,4.878839788355412432e-01,3.561776894409414695e-01,7.392897732566144908e-02,2.274330295278693126e-01,4.033591495570914010e-01,2.829146850978880856e-01,5.999889023956758022e-02,1.000000000000000000e+00,3.593099243808319243e-01,-5.187349664281045575e-02,1.059869784452502905e-01,-1.800730814342438590e-01,-9.258840222900709127e-03,-1.178239678598097667e-01,-2.388253294098466872e-01,8.408839495093291261e-02,6.363019717717717239e-01
8.060930310248368147e-02,4.172544205325224853e-01,5.901088610509780397e-01,-4.577112921554009617e-01,5.734119445285472683e-01,-2.614809714537623675e-01,1.660347185481839682e-01,-6.212568325457896723e-01,7.034029865301052453e-01,4.017961481406208679e-01,-7.231763376148600542e-02,2.070984836390764652e-02,-4.297925818783581153e-01,2.176702981822948579e-01,-3.747289580527823211e-02,2.560306734501184289e-01,2.495611431046124706e-01,-3.209795714203776962e-01,4.688405707182188298e-01,-2.395676231023599334e-01,5.315743426297514507e-01,2.243956330991682957e-01,4.738904043275949940e-01,3.259588472416690141e-01,4.728180555432094923e-01,2.980665790047027364e-01,5.211302562903432634e-01,5.570912658440421161e-01,5.745580809983591442e-02,3.593099243808319243e-01,1.000000000000000000e+00,1.277226907324773564e-01,6.283317589107935142e-01,1.869147549603375480e-01,1.998926560034023636e-01,-5.127456009106053786e-02,5.780450497006586752e-02,7.163533603345874357e-02,6.323555845779994522e-01
1.611788813025046563e-01,2.665836228467641233e-01,1.474231564260419791e-01,5.654147897495846037e-02,1.314441567783552478e-01,3.695450211098909032e-01,4.108106672354053801e-01,-8.352702450424277780e-02,2.488224810446700019e-01,3.770674307493663835e-01,3.548045912633270293e-01,3.524352949670441770e-01,3.179475727319611145e-01,4.341823519812521570e-01,3.736547271006449011e-01,4.942957143346149440e-02,-4.362561918879717671e-02,3.358145403106451155e-01,3.549205637609700315e-01,1.357068422692417065e-01,1.365097839115718970e-01,1.522279554508460808e-01,2.313692977623617586e-01,3.156642412804280817e-01,3.006435767195275166e-01,3.655862780100777587e-01,1.468914894213658728e-01,3.122417876110301083e-01,4.557815063276550172e-01,-5.187349664281045575e-02,1.277226907324773564e-01,1.000000000000000000e+00,2.083490780589621061e-01,3.826428409960482835e-01,4.802452952800086439e-01,4.921891017096809984e-01,5.284489654860906604e-01,3.371006463833587929e-01,-3.957336921349011855e-02
1.382366898499853836e-01,1.936321036249852856e-01,4.905015273582873925e-01,-3.429434038534981410e-01,4.008735612863639219e-01,1.841661007462864208e-01,1.725419540438888899e-01,-4.822016335911546436e-01,5.176514194550305703e-01,3.144831414108583689e-01,4.526712308495240561e-02,2.230295427963702448e-01,1.089761849817828592e-03,3.350909404003172831e-01,2.956253138833878635e-01,9.663818015346067880e-02,1.794877447529242415e-02,-1.802186372751289900e-01,3.955489346925488703e-01,7.887204754864665657e-02,4.273523552785547519e-01,6.452784466859508294e-02,1.965176402658302124e-01,1.778648989706212991e-01,5.120412512538264904e-01,3.118481416096157699e-01,2.458379790085757910e-01,6.090044093414878068e-01,2.670609703891262399e-01,1.059869784452502905e-01,6.283317589107935142e-01,2.083490780589621061e-01,1.000000000000000000e+00,4.116626443657283030e-01,3.391429827387232865e-01,-2.912628172513436961e-02,2.057250152486840011e-01,2.063296469368233188e-01,3.182464141885159581e-01
3.290055608386147079e-01,1.964255398476686121e-01,2.912982039660705902e-01,-7.777718332846796090e-02,1.594946257593914674e-01,3.116212386611280083e-01,5.718284648518329183e-01,-1.948844252701688040e-01,3.329507936819180447e-01,4.369979084948895642e-01,2.083354871418103549e-01,8.356282655621698474e-01,5.942127616740722207e-01,5.640435746827775487e-01,8.405388248520365702e-01,2.960569080878886969e-02,-3.252154420698403214e-01,2.249963803725646971e-01,4.275493953968913519e-01,5.030443005805447232e-01,3.266518332862989871e-01,5.494959464948345751e-01,3.761325716900594252e-01,3.435548155211226029e-01,5.078031172493234768e-01,2.672338539265513013e-01,-4.210780036287912684e-03,6.267939756305150878e-01,1.550482339120492215e-01,-1.800730814342438590e-01,1.869147549603375480e-01,3.826428409960482835e-01,4.116626443657283030e-01,1.000000000000000000e+00,4.011841359402603113e-01,2.481870648847197824e-01,4.897391348555178991e-01,6.190447053881353856e-01,4.275806936788166535e-02
2.244170187932059690e-01,3.443557768026273558e-01,9.978310937008970372e-02,-2.453827918676718400e-01,1.034148580981853749e-01,4.084786794517434871e-01,3.614114999214348423e-01,-5.370276649550334569e-02,2.296826624300117303e-01,2.273411307855914831e-01,3.488410170474889882e-02,3.141198718104559195e-01,2.451767663012472398e-01,1.766529574826704863e-01,4.065057766644389892e-01,1.302711309769199188e-01,-8.296867968470204857e-02,3.079493644782435244e-02,2.166183460778099146e-01,2.830577176338679446e-01,1.801759850313986167e-01,2.034070860077558385e-01,1.505263692759041816e-01,2.332367212005930224e-01,1.510766358926869113e-01,4.685903498561251879e-01,2.191166473931567549e-01,2.876058138697288880e-01,3.350076287180726586e-01,-9.258840222900709127e-03,1.998926560034023636e-01,4.802452952800086439e-01,3.391429827387232865e-01,4.011841359402603113e-01,1.000000000000000000e+00,1.794858986634888243e-01,6.765192168410385509e-01,3.433613132285237568e-01,1.762665724389530413e-03
3.353203021962688352e-02,4.992890748575331411e-02,-7.577449552418306922e-02,2.062496434848244409e-01,9.368390626303206223e-03,1.514245651142470672e-01,3.236980268077005451e-01,1.066018000768494817e-01,1.626479251160468931e-01,2.658714806433685185e-01,2.641453254584500976e-01,2.783892810106816107e-01,1.606506888481552542e-01,2.973938486820489890e-01,2.142120219778559931e-01,-4.839366681182073054e-02,1.320206863515760998e-01,3.216810514837661894e-01,1.588485441551865107e-01,1.457942544570005605e-01,-1.638077734465716029e-01,1.774791777364544965e-01,1.068955890351840909e-01,7.020875337788570758e-02,1.322091890922156843e-01,3.322438525958846811e-01,2.092431522421910606e-01,1.468506101769990191e-01,3.573338393568378790e-01,-1.178239678598097667e-01,-5.127456009106053786e-02,4.921891017096809984e-01,-2.912628172513436961e-02,2.481870648847197824e-01,1.794858986634888243e-01,1.000000000000000000e+00,1.673769581634769466e-01,2.173900333982870803e-01,-1.023942655809381014e-01
3.140206386135980798e-01,3.825023044546175810e-01,-1.178876412299092145e-02,-1.174000219741603152e-01,-1.633864221919656412e-01,5.050488121663998520e-01,2.819964600231317786e-01,1.015090757650810027e-01,3.730073834339521499e-03,2.611907643080372265e-01,2.227307147783463004e-01,4.169654215422606280e-01,5.149946162480072420e-01,2.916315499659762334e-01,5.528461794600706414e-01,-7.628702539797659055e-02,-3.547092333390975405e-01,1.863072394542427956e-01,8.907328342455098080e-02,3.623849266068001063e-01,6.938670955575088062e-02,2.024516975205292724e-01,1.823023281561918785e-01,2.812129721179228437e-01,2.268039300456664298e-01,1.821727780564466603e-01,-1.837248712654448168e-01,2.564109219996005828e-01,3.319187429412346901e-01,-2.388253294098466872e-01,5.780450497006586752e-02,5.284489654860906604e-01,2.057250152486840011e-01,4.897391348555178991e-01,6.765192168410385509e-01,1.673769581634769466e-01,1.000000000000000000e+00,2.876738515997060985e-01,-2.030200134601763406e-01
4.273209141750666240e-01,2.154888561819609527e-01,2.986658944094790491e-01,7.169626941565042377e-02,2.946741720169964163e-01,1.479429211686774659e-01,5.819367306929845718e-01,-2.239297133025270892e-01,4.107156339519339450e-01,4.254691726957977038e-01,2.213993954251726459e-01,6.219152425666756301e-01,4.104808262824219955e-01,5.320418971311537959e-01,6.003963457737973020e-01,3.865857881904154469e-01,-7.032000068762338241e-02,2.909869546312544020e-01,4.729441809402169516e-01,4.438484106664744022e-01,2.750028427175684187e-01,4.221927217414375710e-01,3.389078556021846156e-01,4.540138223420683294e-01,3.424090799453903822e-01,4.313014824027823213e-01,2.414517798550090966e-01,4.958043620062346224e-01,2.314610784104616237e-01,8.408839495093291261e-02,7.163533603345874357e-02,3.371006463833587929e-01,2.063296469368233188e-01,6.190447053881353856e-01,3.433613132285237568e-01,2.173900333982870803e-01,2.876738515997060985e-01,1.000000000000000000e+00,2.505137871373794844e-01
2.147880193562789197e-01,4.192460924800875399e-01,6.521128615195126432e-01,-2.063255152692626826e-01,7.308116805716491360e-01,-5.379022693272654809e-01,2.580405556042865145e-01,-6.805038074243336954e-01,7.374665628314497345e-01,4.401106414573643932e-01,4.693978112805380614e-05,-5.730102986843038648e-02,-4.461017903364155046e-01,2.858978294038588830e-01,-1.772258270814120185e-01,6.184394240169954760e-01,4.199709891068857393e-01,-1.659121994067606076e-01,5.554094606106231291e-01,-2.293706882849106954e-01,4.624448248834605035e-01,1.401768455359700682e-01,5.619064722719770977e-01,4.083984261437904051e-01,3.242384910145994503e-01,2.238195566685909355e-01,5.239552780184579817e-01,4.628286713736041724e-01,-6.972419766947259012e-02,6.363019717717717239e-01,6.323555845779994522e-01,-3.957336921349011855e-02,3.182464141885159581e-01,4.275806936788166535e-02,1.762665724389530413e-03,-1.023942655809381014e-01,-2.030200134601763406e-01,2.505137871373794844e-01,1.000000000000000000e+00
