1.000000000000000000e+00,7.903726835904782977e-01,5.403502276174704244e-01,1.465885231954713597e-01,6.292882587498004332e-01,2.157777034421098639e-01,1.737275141297897618e-01,-5.378431127168018522e-01,7.386762673676406932e-01,7.970355936328742397e-01,-8.840404998775182321e-02,-2.170037365562118015e-01,-3.093722060645556216e-01,5.770561955117298192e-01,-2.410848433551752157e-01,1.282077366939283203e-01,3.481053129176633343e-01,1.521906198239637298e-01,-7.150223854983853156e-02,-5.995903201072891320e-02,6.050289444269200123e-01,-2.018167854440248155e-01,3.216621473330494307e-01,3.603359686997870126e-01,5.163051874704058797e-01,5.816968263560926555e-01,6.215468253402132159e-01,6.271668765932849610e-01,4.202800083383947394e-01,6.019160006097302729e-01,4.330232961994514573e-01,4.081592501388413008e-01,3.247792391831394454e-01,-1.007129566634525812e-03,3.032849671566069105e-01,-1.576592136317644111e-01,3.325297491058791244e-01,4.977473774284468799e-01,-6.561673915000384993e-02
7.903726835904782977e-01,1.000000000000000000e+00,6.383678350767313381e-01,2.841793937458620967e-01,6.263436848020934589e-01,3.193770864641943819e-01,2.430399217471565509e-01,-6.436522809912116339e-01,7.228978105556240763e-01,7.883840103531557508e-01,-2.121541540770021939e-01,-2.818468901601380860e-01,-4.121249659509449992e-01,6.143516763152093718e-01,-3.525188114039876641e-01,8.223983625193780067e-02,3.756663103189755160e-01,2.266427256062284179e-01,-5.142281759427890647e-03,-8.792296665002811984e-02,6.181464992680674175e-01,-1.046032268745183402e-01,4.105897035299727604e-01,4.404346641354427994e-01,5.270974886801125248e-01,5.917154039893028905e-01,6.128440753290923526e-01,6.019213650598523868e-01,4.745063755954937457e-01,6.613735150686138597e-01,5.231039757400232082e-01,4.916850371914318063e-01,4.212847659933954270e-01,-4.705585262898762111e-02,3.848175602369477422e-01,-2.016494271917390335e-01,4.068054335233428631e-01,5.589745447077242302e-01,-9.849833721478165605e-02
5.403502276174704244e-01,6.383678350767313381e-01,1.000000000000000000e+00,2.819680651816594552e-01,6.997099378781235224e-01,2.228922470015529123e-01,3.951963674445378993e-01,-9.011004281775168989e-01,6.929997358829353971e-01,6.058939604643267529e-01,-1.878283918203480785e-01,-1.652686665826116896e-01,-4.260736852636871075e-01,7.737496516600714802e-01,-2.838099690949132392e-01,5.134806904043793391e-02,2.621341068411552344e-01,4.625834599532689939e-01,1.573089776227531711e-01,5.539648808249426036e-03,8.537076766928605176e-01,-7.709629514586614774e-02,2.935341483273128382e-01,3.661528005725347978e-01,3.986436165583617242e-01,5.870339907960193671e-01,7.803630984481698674e-01,7.812671207981477517e-01,3.683453822349134765e-01,5.389243198700547355e-01,5.982715610324013111e-01,4.365306813342837433e-01,3.772714805619112877e-01,1.032490628585066572e-01,3.252406312528716148e-01,-1.335933633705262413e-01,3.514356884019171345e-01,4.930780514471161946e-01,3.690334140804826801e-02
1.465885231954713597e-01,2.841793937458620967e-01,2.819680651816594552e-01,1.000000000000000000e+00,-5.961097354179448193e-02,7.513477086218461887e-01,9.447534777320565347e-02,-3.854615345553283334e-01,5.023798891146314949e-01,1.956564608333065947e-01,-6.721106893607085020e-01,-7.229690224720308755e-01,-6.943331557413109367e-01,2.587573003472760647e-01,-7.693476090143757107e-01,-6.641670766283995775e-01,6.168735723991296549e-01,-3.069135009513216938e-01,-2.226610037783377793e-01,-4.889435467725963269e-01,3.092901419369078475e-01,-3.400477009047073174e-01,6.669570809728184724e-01,6.917684333832567756e-01,3.945382473281104918e-01,5.473070093360626887e-01,3.745338743649432311e-01,2.814779925756124568e-01,6.823358603161613356e-01,3.965841896849238712e-01,6.883365089969201156e-01,7.370516844611127993e-01,6.763738307420136264e-01,-6.700389852579323735e-01,7.292419909774248143e-01,-7.448046891266018044e-01,7.464312002916482225e-01,3.392183193100524741e-01,-6.823843148034133277e-01
6.292882587498004332e-01,6.263436848020934589e-01,6.997099378781235224e-01,-5.961097354179448193e-02,1.000000000000000000e+00,-1.720905011364617099e-01,3.730523708291016982e-01,-6.443600062554225572e-01,5.232758640220027679e-01,5.921150202070515345e-01,1.833295071676773191e-01,1.904208417657971553e-01,-1.841130270461769497e-02,6.613601726920826929e-01,9.848257116132747013e-02,4.301759921447769752e-01,-7.198687230723370412e-02,5.424223147216185037e-01,2.238277600784629451e-01,2.250051289949919486e-01,6.079984084537882749e-01,1.338419427770207448e-01,-8.545222265895174862e-02,-2.871784786103019974e-02,1.698271595971499459e-01,2.471633094180961110e-01,5.375321650846078825e-01,5.711112085202182387e-01,5.900853210178761722e-03,3.305094685825762935e-01,1.723353090694632606e-01,3.895971447808297544e-02,-1.334963085633326767e-02,4.841575066372226233e-01,-9.239473027961093987e-02,2.278070599177186850e-01,-5.764822059558506046e-02,4.127014944022704412e-01,3.776188332457536823e-01
2.157777034421098639e-01,3.193770864641943819e-01,2.228922470015529123e-01,7.513477086218461887e-01,-1.720905011364617099e-01,1.000000000000000000e+00,-2.496844979047466995e-01,-3.509374837862633822e-01,5.153597791308873743e-01,3.133529116929988922e-01,-7.964446604670923913e-01,-8.899890710544858807e-01,-8.314270862167847387e-01,2.386476794901730702e-01,-8.829832702210168582e-01,-7.177018636459812084e-01,8.147418626650324569e-01,-4.302112073493223332e-01,-4.363164978377220282e-01,-7.102708471611347552e-01,3.208517532101438641e-01,-6.296429819736695244e-01,8.878111657397703693e-01,8.697275735001591679e-01,6.415179329269131703e-01,6.693994375232658056e-01,3.371295874907024315e-01,2.563847752745521680e-01,8.606900294935697637e-01,5.929787775099536473e-01,7.707128226870012533e-01,8.499338977780770410e-01,8.677974487541126880e-01,-8.203909106403637352e-01,8.903924108633095580e-01,-8.238807101814511480e-01,8.856840945763351236e-01,3.612123664502061016e-01,-7.935462231089940310e-01
1.737275141297897618e-01,2.430399217471565509e-01,3.951963674445378993e-01,9.447534777320565347e-02,3.730523708291016982e-01,-2.496844979047466995e-01,1.000000000000000000e+00,-2.936838694983301412e-01,2.279924577273973185e-01,1.287356842028878900e-01,2.820416223004741374e-01,2.952990910612294795e-01,1.390922187073964922e-01,2.873237297232119070e-01,2.304410647592342598e-01,2.556008874883126669e-01,-2.089641453322996223e-01,4.981028160625183832e-01,4.976412162267686567e-01,5.742817444106215197e-01,3.283896332881301450e-01,5.363750585601917420e-01,-2.340647097048520198e-01,-1.202789372150870895e-01,-1.507944004004232730e-01,8.108950956193600179e-02,3.778615332277051597e-01,4.296017982244190181e-01,-1.231055259670866264e-01,-3.006014780401956854e-02,6.769628137259907363e-02,-3.020884295225124624e-02,-2.486515586716926962e-01,3.003606942492152987e-01,-1.574023252545003471e-01,2.337722485323060206e-01,-1.141048674532587071e-01,1.990371430911190911e-02,2.318206554262292607e-01
-5.378431127168018522e-01,-6.436522809912116339e-01,-9.011004281775168989e-01,-3.854615345553283334e-01,-6.443600062554225572e-01,-3.509374837862633822e-01,-2.936838694983301412e-01,1.000000000000000000e+00,-7.253327638406721345e-01,-6.099481931442717331e-01,3.166668629466416474e-01,3.056989273053052902e-01,5.441349759945875997e-01,-7.536991265184126432e-01,4.182934641109270490e-01,8.220263777401384808e-02,-3.773820284716746798e-01,-3.451655098500029939e-01,-5.731755682442175176e-02,1.379177301983561255e-01,-8.495194830079032533e-01,2.007121599841066029e-01,-4.075899772506492713e-01,-4.634823519864950669e-01,-4.571527601863860646e-01,-6.533895874274743276e-01,-7.840722964521492644e-01,-7.712507996132734744e-01,-4.706512065992926042e-01,-5.812274436477051776e-01,-6.856318075972713810e-01,-5.317900255731153880e-01,-4.982994167193284252e-01,2.905692444497727164e-02,-4.439330058395213330e-01,2.744482569335789379e-01,-4.626269245948261277e-01,-5.340369951847510066e-01,9.321228988261885673e-02
7.386762673676406932e-01,7.228978105556240763e-01,6.929997358829353971e-01,5.023798891146314949e-01,5.232758640220027679e-01,5.153597791308873743e-01,2.279924577273973185e-01,-7.253327638406721345e-01,1.000000000000000000e+00,7.576316444563868657e-01,-3.655764740607263530e-01,-4.931910752611390891e-01,-5.949229588363742494e-01,7.171855850654744735e-01,-5.404100828722440131e-01,-1.581335416503411584e-01,5.674905064886929251e-01,1.480596118085879265e-01,-1.030298507743889619e-01,-2.899741444051892603e-01,7.484869857060401088e-01,-3.827753408663439050e-01,5.899045961049560471e-01,6.397368584176418294e-01,6.583375402492858131e-01,7.731290698804867967e-01,7.579688447168432264e-01,7.221321342158614209e-01,6.746152535403455719e-01,7.365705517962997106e-01,7.128999055615466984e-01,6.773162424640265522e-01,6.045055372294032559e-01,-2.455517528372985758e-01,5.990023051199867554e-01,-4.166663260382549305e-01,6.247436729857204218e-01,6.039555395814980576e-01,-2.877143446303414565e-01
7.970355936328742397e-01,7.883840103531557508e-01,6.058939604643267529e-01,1.956564608333065947e-01,5.921150202070515345e-01,3.133529116929988922e-01,1.287356842028878900e-01,-6.099481931442717331e-01,7.576316444563868657e-01,1.000000000000000000e+00,-1.425841970792478264e-01,-3.028336508371750058e-01,-3.895773221348936000e-01,6.547117082069401350e-01,-3.429897008754087540e-01,1.849051033006539335e-01,4.342932532483352315e-01,2.125485233058195811e-01,-1.198320062501048860e-01,-1.323960540125732055e-01,6.632085661058003678e-01,-2.232616246267453419e-01,4.625689011496738612e-01,4.959599722211063821e-01,6.883289341628898717e-01,6.186290824493321239e-01,6.334499578584599222e-01,6.435746450272074037e-01,5.209331909822819684e-01,8.038605091270168979e-01,5.092019865007059165e-01,4.748073130669259734e-01,4.287943337256189813e-01,-4.906061305396725025e-02,3.978185490284552595e-01,-1.314839706483258985e-01,4.103142063084344593e-01,5.685001363673990449e-01,-6.478421481665477821e-02
-8.840404998775182321e-02,-2.121541540770021939e-01,-1.878283918203480785e-01,-6.721106893607085020e-01,1.833295071676773191e-01,-7.964446604670923913e-01,2.820416223004741374e-01,3.166668629466416474e-01,-3.655764740607263530e-01,-1.425841970792478264e-01,1.000000000000000000e+00,7.856052537984227202e-01,7.602138846033748010e-01,-1.695161156131465563e-01,8.013223982484242169e-01,6.977581933198409025e-01,-6.010756410016800944e-01,4.080343189908787194e-01,4.607674415311792671e-01,6.773069614271807204e-01,-2.452695530853254147e-01,5.470546602590041774e-01,-7.291019745532834051e-01,-6.941353880103393603e-01,-4.296894936680485944e-01,-5.267440569990765598e-01,-2.532897682144882312e-01,-1.590553787575964551e-01,-6.740030235053862118e-01,-4.004489943427934628e-01,-6.697463824278571121e-01,-6.935462581896069123e-01,-7.635151759577963881e-01,7.058346754325610650e-01,-7.455124120411741329e-01,7.840326571001059452e-01,-7.522449407446415437e-01,-3.307118093852152718e-01,7.252689328294841253e-01
-2.170037365562118015e-01,-2.818468901601380860e-01,-1.652686665826116896e-01,-7.229690224720308755e-01,1.904208417657971553e-01,-8.899890710544858807e-01,2.952990910612294795e-01,3.056989273053052902e-01,-4.931910752611390891e-01,-3.028336508371750058e-01,7.856052537984227202e-01,1.000000000000000000e+00,8.244286555244638715e-01,-1.837488431206018569e-01,8.889641786213590136e-01,7.227864303040296701e-01,-8.028888249642239794e-01,5.222821447451602150e-01,5.348554189443334161e-01,7.307979198882804672e-01,-2.876540556684291650e-01,6.854316629966401564e-01,-8.565644911206092837e-01,-8.278555194211099089e-01,-5.929587364073429789e-01,-6.506412652976255595e-01,-3.045106331534999655e-01,-2.387498432206686949e-01,-8.304277378182478575e-01,-5.609680584774680012e-01,-7.462548789738963073e-01,-7.950958580650780982e-01,-8.394394699049123609e-01,8.289556108927136346e-01,-8.708196198515483211e-01,8.365494981245015227e-01,-8.504457703084938869e-01,-3.349708899152167851e-01,8.330517561033177198e-01
-3.093722060645556216e-01,-4.121249659509449992e-01,-4.260736852636871075e-01,-6.943331557413109367e-01,-1.841130270461769497e-02,-8.314270862167847387e-01,1.390922187073964922e-01,5.441349759945875997e-01,-5.949229588363742494e-01,-3.895773221348936000e-01,7.602138846033748010e-01,8.244286555244638715e-01,1.000000000000000000e+00,-3.802981670264065084e-01,8.595986220294377089e-01,6.697511152452468863e-01,-7.930322717439705071e-01,3.344947010279203381e-01,3.343608159995433704e-01,6.370411745727652120e-01,-5.281197262758450250e-01,6.138321030268187872e-01,-8.168380677900423104e-01,-8.026451328658749107e-01,-5.832387807276810943e-01,-7.691770980652737899e-01,-5.055100277882486060e-01,-4.553637933310851205e-01,-8.102384562605885465e-01,-5.733819761361611533e-01,-8.717108883249352624e-01,-8.048036350409252249e-01,-8.699100840139512014e-01,6.759320924762933780e-01,-8.641827517071127840e-01,7.992053559582389388e-01,-8.212259435283733033e-01,-4.496192182010469995e-01,7.053433627471407119e-01
5.770561955117298192e-01,6.143516763152093718e-01,7.737496516600714802e-01,2.587573003472760647e-01,6.613601726920826929e-01,2.386476794901730702e-01,2.873237297232119070e-01,-7.536991265184126432e-01,7.171855850654744735e-01,6.547117082069401350e-01,-1.695161156131465563e-01,-1.837488431206018569e-01,-3.802981670264065084e-01,1.000000000000000000e+00,-2.739691000508718832e-01,1.151531053571373253e-01,2.909360147903009008e-01,3.849072847731749292e-01,7.174414977485822631e-02,-1.059715519220918029e-01,7.606159094776452356e-01,-1.823926328637586192e-01,3.338067308232157138e-01,4.152770577366426963e-01,5.103505319832418730e-01,5.679178045092285743e-01,6.867380871174392221e-01,6.702893223838758407e-01,4.178706439582300924e-01,6.033197518529921366e-01,5.190012248120354776e-01,4.343207894153929272e-01,3.860454527346159348e-01,8.055636137077591685e-02,3.316328069025812897e-01,-9.848803451814847065e-02,3.622375646621526224e-01,5.642151448904489941e-01,4.597902178062909795e-02
-2.410848433551752157e-01,-3.525188114039876641e-01,-2.838099690949132392e-01,-7.693476090143757107e-01,9.848257116132747013e-02,-8.829832702210168582e-01,2.304410647592342598e-01,4.182934641109270490e-01,-5.404100828722440131e-01,-3.429897008754087540e-01,8.013223982484242169e-01,8.889641786213590136e-01,8.595986220294377089e-01,-2.739691000508718832e-01,1.000000000000000000e+00,7.004501017688911091e-01,-7.849226180660087149e-01,4.497801471349333613e-01,4.609193136899999432e-01,7.119141289996943067e-01,-3.712439412683686824e-01,6.324029554976804413e-01,-8.445796493042433406e-01,-8.299577927111604359e-01,-5.991383764745097373e-01,-6.711156763693746363e-01,-3.866692373381965253e-01,-2.982796007538539573e-01,-8.265257549523199465e-01,-5.842899429515694409e-01,-7.963273582917478333e-01,-8.242074700870032355e-01,-8.604025389250348210e-01,7.818586450084413775e-01,-8.758684507090360727e-01,8.304760828883387402e-01,-8.572174345035961096e-01,-3.841804482306204749e-01,7.778408960037315190e-01
1.282077366939283203e-01,8.223983625193780067e-02,5.134806904043793391e-02,-6.641670766283995775e-01,4.301759921447769752e-01,-7.177018636459812084e-01,2.556008874883126669e-01,8.220263777401384808e-02,-1.581335416503411584e-01,1.849051033006539335e-01,6.977581933198409025e-01,7.227864303040296701e-01,6.697511152452468863e-01,1.151531053571373253e-01,7.004501017688911091e-01,1.000000000000000000e+00,-6.176373019020653388e-01,6.024151844181830917e-01,3.280586721928890892e-01,6.072489514068873939e-01,-4.646431317233415403e-02,5.375802568095342515e-01,-5.886078626705004702e-01,-5.566212400479608746e-01,-1.936277810133420485e-01,-4.177602170037381102e-01,-1.130725768327282277e-01,-2.690947336760117492e-02,-5.672869512726156360e-01,-7.563648977831752274e-02,-5.569604443033966401e-01,-6.029605858529275553e-01,-6.455133097334904146e-01,7.875907858084264523e-01,-6.872301573933154994e-01,8.317613627974863588e-01,-6.567318674551599900e-01,-4.395724201200389147e-02,7.820926171262572169e-01
3.481053129176633343e-01,3.756663103189755160e-01,2.621341068411552344e-01,6.168735723991296549e-01,-7.198687230723370412e-02,8.147418626650324569e-01,-2.089641453322996223e-01,-3.773820284716746798e-01,5.674905064886929251e-01,4.342932532483352315e-01,-6.010756410016800944e-01,-8.028888249642239794e-01,-7.930322717439705071e-01,2.909360147903009008e-01,-7.849226180660087149e-01,-6.176373019020653388e-01,1.000000000000000000e+00,-3.895328925661210029e-01,-3.966472641650174991e-01,-6.258713304251063425e-01,4.114411096104141352e-01,-6.598346969971909948e-01,8.520124207695346508e-01,8.257303429517307558e-01,7.278238454668987112e-01,7.689210994303055102e-01,4.212526320912222677e-01,4.017710993831082322e-01,8.603582470508888136e-01,6.375881598201572631e-01,7.601872746994957630e-01,8.074319528360232034e-01,8.144363204096979336e-01,-7.245382025591102781e-01,8.593084454829315044e-01,-7.364578069839019525e-01,8.150386668476068408e-01,4.263768990609527187e-01,-6.706714983159136612e-01
1.521906198239637298e-01,2.266427256062284179e-01,4.625834599532689939e-01,-3.069135009513216938e-01,5.424223147216185037e-01,-4.302112073493223332e-01,4.981028160625183832e-01,-3.451655098500029939e-01,1.480596118085879265e-01,2.125485233058195811e-01,4.080343189908787194e-01,5.222821447451602150e-01,3.344947010279203381e-01,3.849072847731749292e-01,4.497801471349333613e-01,6.024151844181830917e-01,-3.895328925661210029e-01,1.000000000000000000e+00,5.602817537230591061e-01,4.852244115540765290e-01,3.118948297672073378e-01,4.679020854135251262e-01,-3.334091537451213672e-01,-2.786254403875188523e-01,-6.590130918786051006e-02,-8.235008549669425859e-02,2.639825562042082407e-01,2.850549367675521140e-01,-3.014755391365370740e-01,5.076615436012923976e-02,-1.537890563001915456e-01,-2.464099532088216415e-01,-3.285252251249891065e-01,6.507287030382996607e-01,-3.815990686005821808e-01,5.564923264312344742e-01,-3.269422554318838769e-01,1.087723792055573790e-01,6.581177538098827995e-01
-7.150223854983853156e-02,-5.142281759427890647e-03,1.573089776227531711e-01,-2.226610037783377793e-01,2.238277600784629451e-01,-4.363164978377220282e-01,4.976412162267686567e-01,-5.731755682442175176e-02,-1.030298507743889619e-01,-1.198320062501048860e-01,4.607674415311792671e-01,5.348554189443334161e-01,3.343608159995433704e-01,7.174414977485822631e-02,4.609193136899999432e-01,3.280586721928890892e-01,-3.966472641650174991e-01,5.602817537230591061e-01,1.000000000000000000e+00,5.406171278521038071e-01,5.816968297921990515e-03,5.670401400524265334e-01,-4.376889074308499827e-01,-3.763995546435393025e-01,-3.420245135700848982e-01,-2.618244174071762687e-01,-2.615528124546781519e-03,2.187931185566943659e-02,-4.019562220595395696e-01,-2.962209137297590056e-01,-2.479061137562207640e-01,-3.099163136775641703e-01,-4.082808337529899023e-01,4.796451909361645893e-01,-4.175935986747514872e-01,4.513864930586745650e-01,-4.016235391672779431e-01,-2.396223871916124681e-01,5.093752196887054717e-01
-5.995903201072891320e-02,-8.792296665002811984e-02,5.539648808249426036e-03,-4.889435467725963269e-01,2.250051289949919486e-01,-7.102708471611347552e-01,5.742817444106215197e-01,1.379177301983561255e-01,-2.899741444051892603e-01,-1.323960540125732055e-01,6.773069614271807204e-01,7.307979198882804672e-01,6.370411745727652120e-01,-1.059715519220918029e-01,7.119141289996943067e-01,6.072489514068873939e-01,-6.258713304251063425e-01,4.852244115540765290e-01,5.406171278521038071e-01,1.000000000000000000e+00,-7.848364144693714683e-02,7.673698334991511105e-01,-6.718846914517075941e-01,-5.934996396718871248e-01,-4.656285661763874817e-01,-4.039762098867157869e-01,-6.356627648989411628e-02,4.693821333551383840e-02,-6.089226114430850156e-01,-3.668310871929229000e-01,-4.843317471380077510e-01,-5.572330975232218098e-01,-7.015508892584765288e-01,6.334709950398438316e-01,-6.522111137219245292e-01,6.666553480655452724e-01,-6.179378323669463269e-01,-2.727303765505497135e-01,6.040900692952196893e-01
6.050289444269200123e-01,6.181464992680674175e-01,8.537076766928605176e-01,3.092901419369078475e-01,6.079984084537882749e-01,3.208517532101438641e-01,3.283896332881301450e-01,-8.495194830079032533e-01,7.484869857060401088e-01,6.632085661058003678e-01,-2.452695530853254147e-01,-2.876540556684291650e-01,-5.281197262758450250e-01,7.606159094776452356e-01,-3.712439412683686824e-01,-4.646431317233415403e-02,4.114411096104141352e-01,3.118948297672073378e-01,5.816968297921990515e-03,-7.848364144693714683e-02,1.000000000000000000e+00,-2.325744766755514503e-01,4.113921894075223129e-01,4.790673969665105725e-01,5.188872931964401136e-01,7.321826408351562732e-01,8.412168134097467442e-01,8.589652876504396684e-01,5.021928717561011668e-01,6.103339094032304013e-01,6.946455038290451078e-01,5.310818345704932941e-01,4.808202191552417570e-01,-3.855363813739632467e-02,4.531135487199075551e-01,-2.566311951840006822e-01,4.618305074664639243e-01,5.158574901582068106e-01,-1.040202887192547138e-01
-2.018167854440248155e-01,-1.046032268745183402e-01,-7.709629514586614774e-02,-3.400477009047073174e-01,1.338419427770207448e-01,-6.296429819736695244e-01,5.363750585601917420e-01,2.007121599841066029e-01,-3.827753408663439050e-01,-2.232616246267453419e-01,5.470546602590041774e-01,6.854316629966401564e-01,6.138321030268187872e-01,-1.823926328637586192e-01,6.324029554976804413e-01,5.375802568095342515e-01,-6.598346969971909948e-01,4.679020854135251262e-01,5.670401400524265334e-01,7.673698334991511105e-01,-2.325744766755514503e-01,1.000000000000000000e+00,-6.415081027564897287e-01,-5.824048325233895929e-01,-5.323031677191092381e-01,-5.180026652243732155e-01,-1.973320557982082279e-01,-1.559457695297185309e-01,-6.252875727004446604e-01,-4.065392610913269866e-01,-5.070164776168377685e-01,-5.359145153558249053e-01,-6.576018375554253392e-01,5.669305217079579906e-01,-6.378254762969945979e-01,6.062217653472645740e-01,-6.001659136836893227e-01,-2.893600562946512800e-01,5.545419209981394815e-01
3.216621473330494307e-01,4.105897035299727604e-01,2.935341483273128382e-01,6.669570809728184724e-01,-8.545222265895174862e-02,8.878111657397703693e-01,-2.340647097048520198e-01,-4.075899772506492713e-01,5.899045961049560471e-01,4.625689011496738612e-01,-7.291019745532834051e-01,-8.565644911206092837e-01,-8.168380677900423104e-01,3.338067308232157138e-01,-8.445796493042433406e-01,-5.886078626705004702e-01,8.520124207695346508e-01,-3.334091537451213672e-01,-4.376889074308499827e-01,-6.718846914517075941e-01,4.113921894075223129e-01,-6.415081027564897287e-01,1.000000000000000000e+00,8.979064449534200909e-01,7.682391152699652448e-01,7.358538996876259342e-01,3.994635309502378995e-01,3.524492279692624241e-01,8.945427598043469430e-01,7.218775797677385864e-01,7.829814521300128005e-01,8.497616466034159100e-01,8.624255405120230256e-01,-7.554232969193060976e-01,8.881902811261942476e-01,-7.406391637181424237e-01,8.763487608607867241e-01,4.369940672188835085e-01,-7.142036150069599465e-01
3.603359686997870126e-01,4.404346641354427994e-01,3.661528005725347978e-01,6.917684333832567756e-01,-2.871784786103019974e-02,8.697275735001591679e-01,-1.202789372150870895e-01,-4.634823519864950669e-01,6.397368584176418294e-01,4.959599722211063821e-01,-6.941353880103393603e-01,-8.278555194211099089e-01,-8.026451328658749107e-01,4.152770577366426963e-01,-8.299577927111604359e-01,-5.566212400479608746e-01,8.257303429517307558e-01,-2.786254403875188523e-01,-3.763995546435393025e-01,-5.934996396718871248e-01,4.790673969665105725e-01,-5.824048325233895929e-01,8.979064449534200909e-01,1.000000000000000000e+00,7.753017395489839592e-01,7.559987189239100180e-01,4.785410959072977088e-01,4.298595777593958722e-01,9.023338585577200810e-01,7.441045369065969473e-01,8.043985327012372899e-01,8.787805307539251487e-01,8.435122124946469180e-01,-7.367372209277147643e-01,8.830278661063821755e-01,-7.161439409504938292e-01,8.901500248545819449e-01,4.200984145998642449e-01,-6.934177976802626819e-01
5.163051874704058797e-01,5.270974886801125248e-01,3.986436165583617242e-01,3.945382473281104918e-01,1.698271595971499459e-01,6.415179329269131703e-01,-1.507944004004232730e-01,-4.571527601863860646e-01,6.583375402492858131e-01,6.883289341628898717e-01,-4.296894936680485944e-01,-5.929587364073429789e-01,-5.832387807276810943e-01,5.103505319832418730e-01,-5.991383764745097373e-01,-1.936277810133420485e-01,7.278238454668987112e-01,-6.590130918786051006e-02,-3.420245135700848982e-01,-4.656285661763874817e-01,5.188872931964401136e-01,-5.323031677191092381e-01,7.682391152699652448e-01,7.753017395489839592e-01,1.000000000000000000e+00,7.001593179883593976e-01,4.915814874225817310e-01,4.768916547832544039e-01,7.899606250090809301e-01,8.475884819244333679e-01,6.219839933773644303e-01,7.142670283922600838e-01,6.693388078098929661e-01,-4.614075977303118137e-01,6.933464126627755242e-01,-4.163997442753727962e-01,7.006479951564352771e-01,5.051703019423332552e-01,-3.573999008501726471e-01
5.816968263560926555e-01,5.917154039893028905e-01,5.870339907960193671e-01,5.473070093360626887e-01,2.471633094180961110e-01,6.693994375232658056e-01,8.108950956193600179e-02,-6.533895874274743276e-01,7.731290698804867967e-01,6.186290824493321239e-01,-5.267440569990765598e-01,-6.506412652976255595e-01,-7.691770980652737899e-01,5.679178045092285743e-01,-6.711156763693746363e-01,-4.177602170037381102e-01,7.689210994303055102e-01,-8.235008549669425859e-02,-2.618244174071762687e-01,-4.039762098867157869e-01,7.321826408351562732e-01,-5.180026652243732155e-01,7.358538996876259342e-01,7.559987189239100180e-01,7.001593179883593976e-01,1.000000000000000000e+00,7.465700036147996377e-01,7.288236418263994709e-01,7.991886539776287268e-01,6.972406541475473229e-01,8.440215355423588139e-01,7.858196677390514306e-01,7.615801642975396080e-01,-4.809427787177868452e-01,7.750928406280893634e-01,-6.173706792877550198e-01,7.581715886152238237e-01,5.989339862345439691e-01,-4.912048997235778924e-01
6.215468253402132159e-01,6.128440753290923526e-01,7.803630984481698674e-01,3.745338743649432311e-01,5.375321650846078825e-01,3.371295874907024315e-01,3.778615332277051597e-01,-7.840722964521492644e-01,7.579688447168432264e-01,6.334499578584599222e-01,-2.532897682144882312e-01,-3.045106331534999655e-01,-5.055100277882486060e-01,6.867380871174392221e-01,-3.866692373381965253e-01,-1.130725768327282277e-01,4.212526320912222677e-01,2.639825562042082407e-01,-2.615528124546781519e-03,-6.356627648989411628e-02,8.412168134097467442e-01,-1.973320557982082279e-01,3.994635309502378995e-01,4.785410959072977088e-01,4.915814874225817310e-01,7.465700036147996377e-01,1.000000000000000000e+00,8.454217348881533090e-01,5.066618153985318340e-01,5.671260295882812885e-01,6.894855189003565865e-01,5.802083252290871629e-01,4.845002499354426617e-01,-1.064987378404672752e-01,4.705629498466438188e-01,-3.178286375597706992e-01,5.013342094886162892e-01,5.265660596312269348e-01,-1.418647138875796243e-01
6.271668765932849610e-01,6.019213650598523868e-01,7.812671207981477517e-01,2.814779925756124568e-01,5.711112085202182387e-01,2.563847752745521680e-01,4.296017982244190181e-01,-7.712507996132734744e-01,7.221321342158614209e-01,6.435746450272074037e-01,-1.590553787575964551e-01,-2.387498432206686949e-01,-4.553637933310851205e-01,6.702893223838758407e-01,-2.982796007538539573e-01,-2.690947336760117492e-02,4.017710993831082322e-01,2.850549367675521140e-01,2.187931185566943659e-02,4.693821333551383840e-02,8.589652876504396684e-01,-1.559457695297185309e-01,3.524492279692624241e-01,4.298595777593958722e-01,4.768916547832544039e-01,7.288236418263994709e-01,8.454217348881533090e-01,1.000000000000000000e+00,4.668317921151560190e-01,5.583270562495553646e-01,6.431312785841429847e-01,4.878106823479623766e-01,3.886660306113296492e-01,-3.693373444843546516e-02,4.078379759771125213e-01,-2.207400733108602908e-01,4.161961139383664188e-01,4.878736111942608700e-01,-9.867551238835996219e-02
4.202800083383947394e-01,4.745063755954937457e-01,3.683453822349134765e-01,6.823358603161613356e-01,5.900853210178761722e-03,8.606900294935697637e-01,-1.231055259670866264e-01,-4.706512065992926042e-01,6.746152535403455719e-01,5.209331909822819684e-01,-6.740030235053862118e-01,-8.304277378182478575e-01,-8.102384562605885465e-01,4.178706439582300924e-01,-8.265257549523199465e-01,-5.672869512726156360e-01,8.603582470508888136e-01,-3.014755391365370740e-01,-4.019562220595395696e-01,-6.089226114430850156e-01,5.021928717561011668e-01,-6.252875727004446604e-01,8.945427598043469430e-01,9.023338585577200810e-01,7.899606250090809301e-01,7.991886539776287268e-01,5.066618153985318340e-01,4.668317921151560190e-01,1.000000000000000000e+00,7.424943241346998457e-01,8.128574883993960887e-01,8.814458333183182726e-01,8.471440773539018476e-01,-7.303043064939773732e-01,8.921790352450880146e-01,-7.340770505511264865e-01,8.905579938612585567e-01,4.595231263152967371e-01,-6.889521683424824072e-01
6.019160006097302729e-01,6.613735150686138597e-01,5.389243198700547355e-01,3.965841896849238712e-01,3.305094685825762935e-01,5.929787775099536473e-01,-3.006014780401956854e-02,-5.812274436477051776e-01,7.365705517962997106e-01,8.038605091270168979e-01,-4.004489943427934628e-01,-5.609680584774680012e-01,-5.733819761361611533e-01,6.033197518529921366e-01,-5.842899429515694409e-01,-7.563648977831752274e-02,6.375881598201572631e-01,5.076615436012923976e-02,-2.962209137297590056e-01,-3.668310871929229000e-01,6.103339094032304013e-01,-4.065392610913269866e-01,7.218775797677385864e-01,7.441045369065969473e-01,8.475884819244333679e-01,6.972406541475473229e-01,5.671260295882812885e-01,5.583270562495553646e-01,7.424943241346998457e-01,1.000000000000000000e+00,6.487408427161993618e-01,6.787286621676346110e-01,6.424126068514103283e-01,-3.544302441059127839e-01,6.447493428937912663e-01,-3.481564089505988502e-01,6.577240010705284190e-01,5.532147739568126221e-01,-3.152025275878082566e-01
4.330232961994514573e-01,5.231039757400232082e-01,5.982715610324013111e-01,6.883365089969201156e-01,1.723353090694632606e-01,7.707128226870012533e-01,6.769628137259907363e-02,-6.856318075972713810e-01,7.128999055615466984e-01,5.092019865007059165e-01,-6.697463824278571121e-01,-7.462548789738963073e-01,-8.717108883249352624e-01,5.190012248120354776e-01,-7.963273582917478333e-01,-5.569604443033966401e-01,7.601872746994957630e-01,-1.537890563001915456e-01,-2.479061137562207640e-01,-4.843317471380077510e-01,6.946455038290451078e-01,-5.070164776168377685e-01,7.829814521300128005e-01,8.043985327012372899e-01,6.219839933773644303e-01,8.440215355423588139e-01,6.894855189003565865e-01,6.431312785841429847e-01,8.128574883993960887e-01,6.487408427161993618e-01,1.000000000000000000e+00,8.358219244206781529e-01,8.268384209084381764e-01,-5.811416831954816509e-01,8.374626285798592029e-01,-7.249505977417073366e-01,8.209096919370172385e-01,4.905264690477140199e-01,-6.182196730556360764e-01
4.081592501388413008e-01,4.916850371914318063e-01,4.365306813342837433e-01,7.370516844611127993e-01,3.895971447808297544e-02,8.499338977780770410e-01,-3.020884295225124624e-02,-5.317900255731153880e-01,6.773162424640265522e-01,4.748073130669259734e-01,-6.935462581896069123e-01,-7.950958580650780982e-01,-8.048036350409252249e-01,4.343207894153929272e-01,-8.242074700870032355e-01,-6.029605858529275553e-01,8.074319528360232034e-01,-2.464099532088216415e-01,-3.099163136775641703e-01,-5.572330975232218098e-01,5.310818345704932941e-01,-5.359145153558249053e-01,8.497616466034159100e-01,8.787805307539251487e-01,7.142670283922600838e-01,7.858196677390514306e-01,5.802083252290871629e-01,4.878106823479623766e-01,8.814458333183182726e-01,6.787286621676346110e-01,8.358219244206781529e-01,1.000000000000000000e+00,8.427910896564395626e-01,-7.137190793590301174e-01,8.763507605223683772e-01,-7.605946643938260587e-01,9.009819907073804979e-01,4.304406465980165630e-01,-6.739907381672497477e-01
3.247792391831394454e-01,4.212847659933954270e-01,3.772714805619112877e-01,6.763738307420136264e-01,-1.334963085633326767e-02,8.677974487541126880e-01,-2.486515586716926962e-01,-4.982994167193284252e-01,6.045055372294032559e-01,4.287943337256189813e-01,-7.635151759577963881e-01,-8.394394699049123609e-01,-8.699100840139512014e-01,3.860454527346159348e-01,-8.604025389250348210e-01,-6.455133097334904146e-01,8.144363204096979336e-01,-3.285252251249891065e-01,-4.082808337529899023e-01,-7.015508892584765288e-01,4.808202191552417570e-01,-6.576018375554253392e-01,8.624255405120230256e-01,8.435122124946469180e-01,6.693388078098929661e-01,7.615801642975396080e-01,4.845002499354426617e-01,3.886660306113296492e-01,8.471440773539018476e-01,6.424126068514103283e-01,8.268384209084381764e-01,8.427910896564395626e-01,1.000000000000000000e+00,-7.015863312307661914e-01,8.788725148084550742e-01,-7.906397046225333014e-01,8.589407083313730373e-01,4.793815119382906498e-01,-6.838638825659439924e-01
-1.007129566634525812e-03,-4.705585262898762111e-02,1.032490628585066572e-01,-6.700389852579323735e-01,4.841575066372226233e-01,-8.203909106403637352e-01,3.003606942492152987e-01,2.905692444497727164e-02,-2.455517528372985758e-01,-4.906061305396725025e-02,7.058346754325610650e-01,8.289556108927136346e-01,6.759320924762933780e-01,8.055636137077591685e-02,7.818586450084413775e-01,7.875907858084264523e-01,-7.245382025591102781e-01,6.507287030382996607e-01,4.796451909361645893e-01,6.334709950398438316e-01,-3.855363813739632467e-02,5.669305217079579906e-01,-7.554232969193060976e-01,-7.367372209277147643e-01,-4.614075977303118137e-01,-4.809427787177868452e-01,-1.064987378404672752e-01,-3.693373444843546516e-02,-7.303043064939773732e-01,-3.544302441059127839e-01,-5.811416831954816509e-01,-7.137190793590301174e-01,-7.015863312307661914e-01,1.000000000000000000e+00,-7.872943796722201570e-01,8.075144772382577552e-01,-7.748722585139315999e-01,-8.771644404895870273e-02,8.609651489089248377e-01
3.032849671566069105e-01,3.848175602369477422e-01,3.252406312528716148e-01,7.292419909774248143e-01,-9.239473027961093987e-02,8.903924108633095580e-01,-1.574023252545003471e-01,-4.439330058395213330e-01,5.990023051199867554e-01,3.978185490284552595e-01,-7.455124120411741329e-01,-8.708196198515483211e-01,-8.641827517071127840e-01,3.316328069025812897e-01,-8.758684507090360727e-01,-6.872301573933154994e-01,8.593084454829315044e-01,-3.815990686005821808e-01,-4.175935986747514872e-01,-6.522111137219245292e-01,4.531135487199075551e-01,-6.378254762969945979e-01,8.881902811261942476e-01,8.830278661063821755e-01,6.933464126627755242e-01,7.750928406280893634e-01,4.705629498466438188e-01,4.078379759771125213e-01,8.921790352450880146e-01,6.447493428937912663e-01,8.374626285798592029e-01,8.763507605223683772e-01,8.788725148084550742e-01,-7.872943796722201570e-01,1.000000000000000000e+00,-8.170742277115968788e-01,8.978977470795768134e-01,4.155978107066589655e-01,-7.574636307822609771e-01
-1.576592136317644111e-01,-2.016494271917390335e-01,-1.335933633705262413e-01,-7.448046891266018044e-01,2.278070599177186850e-01,-8.238807101814511480e-01,2.337722485323060206e-01,2.744482569335789379e-01,-4.166663260382549305e-01,-1.314839706483258985e-01,7.840326571001059452e-01,8.365494981245015227e-01,7.992053559582389388e-01,-9.848803451814847065e-02,8.304760828883387402e-01,8.317613627974863588e-01,-7.364578069839019525e-01,5.564923264312344742e-01,4.513864930586745650e-01,6.666553480655452724e-01,-2.566311951840006822e-01,6.062217653472645740e-01,-7.406391637181424237e-01,-7.161439409504938292e-01,-4.163997442753727962e-01,-6.173706792877550198e-01,-3.178286375597706992e-01,-2.207400733108602908e-01,-7.340770505511264865e-01,-3.481564089505988502e-01,-7.249505977417073366e-01,-7.605946643938260587e-01,-7.906397046225333014e-01,8.075144772382577552e-01,-8.170742277115968788e-01,1.000000000000000000e+00,-8.006570548366171991e-01,-2.826184785332834792e-01,8.269940461574171175e-01
3.325297491058791244e-01,4.068054335233428631e-01,3.514356884019171345e-01,7.464312002916482225e-01,-5.764822059558506046e-02,8.856840945763351236e-01,-1.141048674532587071e-01,-4.626269245948261277e-01,6.247436729857204218e-01,4.103142063084344593e-01,-7.522449407446415437e-01,-8.504457703084938869e-01,-8.212259435283733033e-01,3.622375646621526224e-01,-8.572174345035961096e-01,-6.567318674551599900e-01,8.150386668476068408e-01,-3.269422554318838769e-01,-4.016235391672779431e-01,-6.179378323669463269e-01,4.618305074664639243e-01,-6.001659136836893227e-01,8.763487608607867241e-01,8.901500248545819449e-01,7.006479951564352771e-01,7.581715886152238237e-01,5.013342094886162892e-01,4.161961139383664188e-01,8.905579938612585567e-01,6.577240010705284190e-01,8.209096919370172385e-01,9.009819907073804979e-01,8.589407083313730373e-01,-7.748722585139315999e-01,8.978977470795768134e-01,-8.006570548366171991e-01,1.000000000000000000e+00,4.180722875040254194e-01,-7.399715100081009078e-01
4.977473774284468799e-01,5.589745447077242302e-01,4.930780514471161946e-01,3.392183193100524741e-01,4.127014944022704412e-01,3.612123664502061016e-01,1.990371430911190911e-02,-5.340369951847510066e-01,6.039555395814980576e-01,5.685001363673990449e-01,-3.307118093852152718e-01,-3.349708899152167851e-01,-4.496192182010469995e-01,5.642151448904489941e-01,-3.841804482306204749e-01,-4.395724201200389147e-02,4.263768990609527187e-01,1.087723792055573790e-01,-2.396223871916124681e-01,-2.727303765505497135e-01,5.158574901582068106e-01,-2.893600562946512800e-01,4.369940672188835085e-01,4.200984145998642449e-01,5.051703019423332552e-01,5.989339862345439691e-01,5.265660596312269348e-01,4.878736111942608700e-01,4.595231263152967371e-01,5.532147739568126221e-01,4.905264690477140199e-01,4.304406465980165630e-01,4.793815119382906498e-01,-8.771644404895870273e-02,4.155978107066589655e-01,-2.826184785332834792e-01,4.180722875040254194e-01,1.000000000000000000e+00,-9.769268656830311370e-02
-6.561673915000384993e-02,-9.849833721478165605e-02,3.690334140804826801e-02,-6.823843148034133277e-01,3.776188332457536823e-01,-7.935462231089940310e-01,2.318206554262292607e-01,9.321228988261885673e-02,-2.877143446303414565e-01,-6.478421481665477821e-02,7.252689328294841253e-01,8.330517561033177198e-01,7.053433627471407119e-01,4.597902178062909795e-02,7.778408960037315190e-01,7.820926171262572169e-01,-6.706714983159136612e-01,6.581177538098827995e-01,5.093752196887054717e-01,6.040900692952196893e-01,-1.040202887192547138e-01,5.545419209981394815e-01,-7.142036150069599465e-01,-6.934177976802626819e-01,-3.573999008501726471e-01,-4.912048997235778924e-01,-1.418647138875796243e-01,-9.867551238835996219e-02,-6.889521683424824072e-01,-3.152025275878082566e-01,-6.182196730556360764e-01,-6.739907381672497477e-01,-6.838638825659439924e-01,8.609651489089248377e-01,-7.574636307822609771e-01,8.269940461574171175e-01,-7.399715100081009078e-01,-9.769268656830311370e-02,1.000000000000000000e+00
