1.000000000000000000e+00,1.911015390274468373e-01,2.832653269357533476e-01,1.213558281161656732e-01,6.198542553785805348e-02,2.174600091545720038e-01,6.346894742149272739e-02,-2.959752446791963920e-01,1.851524489171784138e-01,3.276024120495711345e-01,-2.088832864007774959e-01,2.043451456879454287e-01,-1.943851332399600812e-02,-1.861663729410290291e-01,2.689503377525624406e-01,1.764877475925294426e-01,-2.798583965954642427e-01,-7.855549127414704347e-02,-6.133006900144185453e-02,1.962328613281343337e-01,1.368324772688968016e-01,1.881910360273968408e-01,8.102683898740335733e-02,-4.682085104223960431e-02,8.393140065666274130e-02,2.103632458441739572e-01,-2.326057839190241727e-01,8.441120775777599672e-02,2.957651682412905658e-01,7.336481226338679995e-02,2.216676643091839982e-01,-1.261648593273588803e-01,2.126684965130899163e-01,1.856982351027327005e-01,1.550816697094821173e-01,-5.947652019599054124e-02,2.102284487155105588e-03,5.362637926021633916e-01,2.287144453621078322e-01
1.911015390274468373e-01,1.000000000000000000e+00,-4.901688568107881450e-01,-1.059494426759140587e-02,-1.078918285730218751e-01,1.002270475564084190e-01,1.689832987886435156e-01,4.244166135102858117e-01,-1.900108077944268614e-01,-5.234926095073836466e-02,9.727573035323876238e-02,-4.568571744923434763e-01,-5.919827190879503043e-01,9.221679745313748899e-02,-1.015920490151212968e-01,-2.431850081589181922e-01,3.715148973484791450e-02,-3.489120706826029372e-01,-2.443551734277378262e-01,-1.757599018857085582e-01,-6.239910433145393620e-01,-3.600028334057775448e-01,1.755067781183458075e-01,-1.180621902045321248e-01,-2.819043140943286452e-02,4.909665570290204784e-01,-4.996504323016339733e-01,-1.264881075835466995e-01,5.062165308401491703e-01,2.377338123576500650e-01,1.345552326320635129e-02,6.702699792537260004e-01,-6.076034951526424477e-01,-2.709562545761105001e-01,-3.712143101542239032e-01,2.282827041820523206e-01,4.765386582832719653e-01,3.583395637044247128e-01,1.537801125557489712e-01
2.832653269357533476e-01,-4.901688568107881450e-01,1.000000000000000000e+00,1.994471796844448364e-01,8.583056308593886574e-02,3.909519931051456676e-01,1.343434160567965330e-01,-8.543282760057484548e-01,3.236827939554492994e-01,2.879058617373363993e-01,-2.785669889390343101e-01,5.965135058762656151e-01,7.140086982366663504e-01,-1.928893043559076759e-01,1.834543522936095683e-01,2.330013741818295347e-01,-1.660565992976779648e-01,2.718984245775312170e-01,3.217188553448976918e-01,3.402874054746743426e-01,7.823614299635487379e-01,6.053010246971853858e-01,1.304042270593378794e-01,3.828067561762865112e-01,1.430886314975116924e-01,-4.443486797190307480e-01,5.351410985304457663e-02,3.882561090248053959e-01,-2.540878123192587545e-01,-1.703293944616160183e-01,1.490835827314136997e-01,-6.896204399381418160e-01,8.347390028879020374e-01,1.785409613434132958e-01,6.944347393832382975e-01,-1.439571955719435581e-01,-5.994632873731827079e-03,-2.711278390756685641e-01,-6.770785513821192536e-02
1.213558281161656732e-01,-1.059494426759140587e-02,1.994471796844448364e-01,1.000000000000000000e+00,5.584545973690302478e-02,-6.390590252816057137e-02,5.715065010420284919e-01,-2.088766925324438140e-01,-3.017943796281512617e-02,2.602785759007170130e-01,6.927775986494294491e-02,2.503961666616086323e-01,9.176821802198356637e-02,-3.028277612998740986e-01,-4.981837924161278824e-02,7.046044060297441958e-02,3.149262589543744273e-02,2.273060438573375197e-01,1.728150626778582055e-01,-3.168114887505917021e-02,6.401273203752144703e-02,3.317273570201851318e-01,-1.773589397997871464e-01,-2.916489768727500431e-01,-3.835309703597381548e-01,-2.004997994078487333e-01,-1.911798997348561624e-01,2.166181292084238819e-01,-6.466858000943524754e-02,-5.868164956825444589e-02,2.145650577956948468e-01,-1.358691849115477579e-01,1.718617489266202614e-01,1.020686176791983993e-02,1.869670072029620544e-01,-1.348517496852454436e-02,-1.174029096949969105e-02,-2.874957860295051376e-02,9.190077859132926574e-02
6.198542553785805348e-02,-1.078918285730218751e-01,8.583056308593886574e-02,5.584545973690302478e-02,1.000000000000000000e+00,-1.653154120880286626e-01,-4.655316924966030473e-02,-1.290736745310153144e-01,4.072519761887577472e-01,2.982131931060084118e-01,2.410756823516839731e-01,2.764953011494700741e-01,3.362159900603986507e-02,2.923376665840172195e-01,2.457536085306552820e-01,3.408040073578603169e-01,2.986313606897373907e-01,3.813346875307179751e-01,3.669590617168072000e-01,-8.578896049027484594e-02,-6.024692162659159300e-02,7.498359329354760405e-02,3.357193115841733966e-01,1.372169369618615464e-01,2.155274952973457170e-01,3.990291051960947466e-01,3.789238797034672479e-01,1.561186534900997798e-02,2.762413126821827158e-01,5.304041292871577440e-01,3.490900785959253350e-01,4.017755409540592348e-02,4.412805774223696464e-02,7.021793574649629610e-01,9.113152550319497669e-02,4.671394559358760246e-01,-1.132106642621971415e-01,2.121553765117082935e-01,4.344187394279668268e-01
2.174600091545720038e-01,1.002270475564084190e-01,3.909519931051456676e-01,-6.390590252816057137e-02,-1.653154120880286626e-01,1.000000000000000000e+00,-7.938911599957767379e-03,-3.638760937298942122e-01,3.378220671069917524e-02,-4.341748579930950792e-03,-3.727315180222281477e-01,6.540248496905388953e-02,2.372816930630724519e-01,-1.708663156122923743e-01,-2.936305289092180915e-02,-5.495703519684053823e-02,-2.328614158406314971e-01,2.071205920284442670e-02,2.403232996619310002e-01,2.743192786120783322e-01,3.101808203120383078e-01,1.287357876448638194e-01,3.368176898438977052e-01,4.611135240723326922e-01,3.305036750923233679e-01,-1.890251495030786100e-01,-2.489128656313220056e-01,1.203674970450535758e-01,3.496657498921808965e-02,-4.909650994459631435e-02,-1.206032494489315821e-01,-2.258535822270513471e-01,3.005125644986439970e-01,-1.880537067949070162e-01,4.653579339213280153e-01,-9.745857167746406480e-02,5.075012655771811154e-01,-1.986316665057749620e-01,-2.323173868426582356e-01
6.346894742149272739e-02,1.689832987886435156e-01,1.343434160567965330e-01,5.715065010420284919e-01,-4.655316924966030473e-02,-7.938911599957767379e-03,1.000000000000000000e+00,-1.387557354573460133e-01,-7.168572540238159208e-02,2.806078005718385393e-01,9.646372670619778045e-02,-4.297783406856030969e-02,5.315920770771113274e-02,-2.417156046643231804e-01,-2.526772011486037584e-01,4.758534338024927868e-02,1.138161677979497022e-01,1.845079050512489494e-02,-6.315458081745091087e-03,1.078301385023985037e-01,-2.705596306802622152e-03,3.059928200996916425e-01,-2.289530446794563537e-02,-1.778061412888620463e-01,-3.708552096111714658e-01,-1.018415577383017384e-01,-3.476108048718656307e-01,4.436561296390629794e-01,1.066839558377543073e-01,-8.941269358341116802e-02,2.271663782326271419e-01,1.002051261494480150e-01,7.879632296738617314e-02,-1.449864088591290845e-01,1.640025168604750672e-01,2.622133023723532616e-02,1.683172954723373971e-01,-4.569562088468744065e-02,2.203941965849443713e-02
-2.959752446791963920e-01,4.244166135102858117e-01,-8.543282760057484548e-01,-2.088766925324438140e-01,-1.290736745310153144e-01,-3.638760937298942122e-01,-1.387557354573460133e-01,1.000000000000000000e+00,-3.010004273536106001e-01,-2.648771498191602736e-01,2.141969038932151903e-01,-5.647378708748181930e-01,-6.538561908479004758e-01,1.546608214529045511e-01,-2.082748208076245500e-01,-2.161496607991943708e-01,1.115126168664626882e-01,-2.329929042346676193e-01,-2.783008739720509439e-01,-3.041470034121226407e-01,-7.089339582774519810e-01,-5.791055670099518604e-01,-1.289267601417629083e-01,-3.551938638849551078e-01,-1.279175241379047478e-01,3.735767742285661108e-01,-5.565750101908853442e-02,-3.874712987141642473e-01,2.094835246841421361e-01,1.462797917975775519e-01,-1.769823410017648813e-01,6.282761798030269684e-01,-7.718336277339118423e-01,-1.924748173539467533e-01,-6.453100473352137989e-01,1.196641431079890627e-01,-3.745042495259948839e-02,2.249330909897367670e-01,3.647664744117242591e-02
1.851524489171784138e-01,-1.900108077944268614e-01,3.236827939554492994e-01,-3.017943796281512617e-02,4.072519761887577472e-01,3.378220671069917524e-02,-7.168572540238159208e-02,-3.010004273536106001e-01,1.000000000000000000e+00,4.073309097011829083e-01,-9.924994855162835861e-02,3.356897544650400689e-01,3.125326989304405001e-01,9.852251848339294016e-02,2.188010103195878187e-01,3.510492075775240028e-01,-3.581619394870824008e-02,2.825817577163182714e-01,1.081536968716455133e-01,8.667527018215465118e-02,2.757277497295996249e-01,2.951458334565923436e-01,4.044740794174027654e-01,3.274490776581625018e-01,3.056584095028784254e-01,1.596921608389803016e-01,1.067384538720535236e-01,1.162327623818611988e-01,1.291975816476217676e-01,3.834797640471394042e-01,2.300306047612843685e-01,-1.674889932967497108e-01,3.313546190750799036e-01,4.106836171847977890e-01,2.059127960069425389e-01,3.600589218681155002e-01,-1.611965578038765945e-01,1.388363769317790541e-01,4.813043942233953820e-01
3.276024120495711345e-01,-5.234926095073836466e-02,2.879058617373363993e-01,2.602785759007170130e-01,2.982131931060084118e-01,-4.341748579930950792e-03,2.806078005718385393e-01,-2.648771498191602736e-01,4.073309097011829083e-01,1.000000000000000000e+00,-1.184327588190126346e-01,3.478185927305825209e-01,2.136286730710100501e-01,-1.204372570226511750e-02,1.736163409923013601e-01,6.834398541703021746e-01,-1.350000770243812154e-01,1.395640687194017737e-01,1.016798073887117682e-01,1.641757761068135535e-01,2.228331152533222226e-01,4.216988553132532402e-01,2.124185120401640425e-01,9.517915382895587861e-02,1.131101038570532374e-01,4.758737121917207963e-02,-7.856533433531784349e-02,3.317742204626589753e-01,9.360621654408371461e-02,2.442652902050997943e-01,2.484629135414464784e-01,-9.861380074895359504e-02,2.958592883126107131e-01,3.603431018190836888e-01,2.023948343049358223e-01,7.830805909923446717e-02,-6.663637216085936676e-02,2.405727791747241939e-01,4.096182784131434662e-01
-2.088832864007774959e-01,9.727573035323876238e-02,-2.785669889390343101e-01,6.927775986494294491e-02,2.410756823516839731e-01,-3.727315180222281477e-01,9.646372670619778045e-02,2.141969038932151903e-01,-9.924994855162835861e-02,-1.184327588190126346e-01,1.000000000000000000e+00,-1.386508225658092952e-01,-1.791159320620219486e-01,2.411834211420592344e-01,-1.685241443097397207e-01,-1.477957558617020439e-01,7.222817614880912007e-01,1.658771720538564434e-02,-1.959764666368649377e-01,-1.619896355562017443e-01,-3.904584812098437774e-01,-1.525976434383664315e-01,5.036742602256745471e-02,-2.027588958974731737e-01,-3.345278974243323655e-01,2.476337725272165224e-01,5.509954645699715464e-02,-7.439916062075120629e-02,3.668194386381359862e-01,1.538083525123117301e-01,3.592598529079461811e-02,3.911235124020362441e-01,-3.431441285920914241e-01,4.609194057736253763e-03,-2.295131015665773377e-01,3.540417438297238095e-01,2.171502640951082988e-02,2.410465984823298782e-02,1.591646401024984225e-01
2.043451456879454287e-01,-4.568571744923434763e-01,5.965135058762656151e-01,2.503961666616086323e-01,2.764953011494700741e-01,6.540248496905388953e-02,-4.297783406856030969e-02,-5.647378708748181930e-01,3.356897544650400689e-01,3.478185927305825209e-01,-1.386508225658092952e-01,1.000000000000000000e+00,5.231434758205650848e-01,1.416988407892409985e-01,5.421298665175142695e-01,2.832324670967640290e-01,-1.204847939181609567e-01,3.734990798766842368e-01,3.470957568774825086e-01,9.612524600462000329e-03,5.907326457180058776e-01,3.600359878500867250e-01,2.283975785033148451e-02,1.512071176420198559e-01,9.361417712918970735e-02,-2.483229434217814613e-01,1.669595304226416943e-01,2.952212376235006097e-01,-1.866256253691555844e-01,-7.382248805452765184e-02,3.577309789895036229e-01,-5.138604735842661198e-01,6.451135049746508088e-01,4.303497235621241979e-01,3.559391761522712749e-01,-9.749861055432881840e-02,-2.446151582020327786e-01,-4.280307183189063433e-03,2.631287345572969061e-01
-1.943851332399600812e-02,-5.919827190879503043e-01,7.140086982366663504e-01,9.176821802198356637e-02,3.362159900603986507e-02,2.372816930630724519e-01,5.315920770771113274e-02,-6.538561908479004758e-01,3.125326989304405001e-01,2.136286730710100501e-01,-1.791159320620219486e-01,5.231434758205650848e-01,1.000000000000000000e+00,-1.122379975355006915e-01,8.234118776922318139e-02,1.894312992909141513e-01,-4.064603372998273206e-02,3.324082275541808129e-01,2.817398877286387826e-01,3.353032076005728057e-01,7.583346082611274186e-01,5.471990001606300558e-01,1.288385288286611752e-01,4.148345612527287729e-01,1.177592784717429869e-01,-5.289765081158777082e-01,9.031687142132770185e-02,3.597434741006840242e-01,-3.381347898175236510e-01,-2.533763399160174901e-01,-7.160456679452710527e-02,-5.857217753804657701e-01,7.630706908995676940e-01,1.543237886487428823e-01,6.543739937107508897e-01,-1.535892775380056918e-01,-6.138228890250410630e-02,-4.465621858687726098e-01,-1.002802592327945580e-01
-1.861663729410290291e-01,9.221679745313748899e-02,-1.928893043559076759e-01,-3.028277612998740986e-01,2.923376665840172195e-01,-1.708663156122923743e-01,-2.417156046643231804e-01,1.546608214529045511e-01,9.852251848339294016e-02,-1.204372570226511750e-02,2.411834211420592344e-01,1.416988407892409985e-01,-1.122379975355006915e-01,1.000000000000000000e+00,3.940143919907661552e-01,2.033096220129846504e-02,1.881006353725373503e-01,-3.053858214248582684e-02,-1.147962247628647563e-02,-1.718579693698922828e-01,-1.842893761173893530e-01,-3.642203017257089614e-01,1.862025360510533856e-01,2.220688384931496506e-01,1.865638936713176210e-01,3.350705128638852281e-01,2.370607954042726617e-01,3.545580295296696383e-02,2.248736282676957743e-01,2.411380642475687008e-01,2.918659307418890458e-01,2.920866286058013128e-01,-1.882351898237449306e-01,2.161325621585344636e-01,-2.704322817099196197e-01,2.277987290725001779e-01,1.600930453371373838e-02,1.631705355736987884e-01,2.988818932528240491e-01
2.689503377525624406e-01,-1.015920490151212968e-01,1.834543522936095683e-01,-4.981837924161278824e-02,2.457536085306552820e-01,-2.936305289092180915e-02,-2.526772011486037584e-01,-2.082748208076245500e-01,2.188010103195878187e-01,1.736163409923013601e-01,-1.685241443097397207e-01,5.421298665175142695e-01,8.234118776922318139e-02,3.940143919907661552e-01,1.000000000000000000e+00,1.528809853953642939e-01,-1.633513230711688413e-01,2.041119240257887324e-01,1.785377583028991966e-01,-1.926427911535182058e-01,1.550659196034828435e-01,-7.456676808006393320e-02,3.875352733204022460e-02,7.933640344847124604e-02,1.874828952210423616e-01,1.740704707336510892e-01,1.530452545872704739e-01,9.095878873217438931e-02,4.529524978282267050e-02,8.707800583357917790e-02,3.771722959350082283e-01,-1.375844572697209334e-01,2.075392837366024368e-01,3.788720516065662847e-01,-5.564019466218673993e-02,-2.016912577313656127e-02,-1.735369075926604665e-01,3.390171156055364343e-01,4.073890462718924854e-01
1.764877475925294426e-01,-2.431850081589181922e-01,2.330013741818295347e-01,7.046044060297441958e-02,3.408040073578603169e-01,-5.495703519684053823e-02,4.758534338024927868e-02,-2.161496607991943708e-01,3.510492075775240028e-01,6.834398541703021746e-01,-1.477957558617020439e-01,2.832324670967640290e-01,1.894312992909141513e-01,2.033096220129846504e-02,1.528809853953642939e-01,1.000000000000000000e+00,-1.669327409647435034e-01,1.462402001055960743e-01,8.223576319228069476e-02,2.177108178952728013e-01,2.404601317057033782e-01,3.887232091952084745e-01,2.313722832532882911e-01,1.480629062505119664e-01,2.833171687101535552e-01,1.683337348307819246e-03,1.724183612747904326e-01,2.411704561954889636e-01,-1.090936440274921891e-02,2.459710328079839636e-01,1.537917802316616511e-01,-2.097621901155501678e-01,2.677234891810044148e-01,4.259193527386686551e-01,2.249606804074475996e-01,-1.049712276724735008e-02,-1.622684264002981491e-01,1.604700677703422840e-01,2.977621729798319850e-01
-2.798583965954642427e-01,3.715148973484791450e-02,-1.660565992976779648e-01,3.149262589543744273e-02,2.986313606897373907e-01,-2.328614158406314971e-01,1.138161677979497022e-01,1.115126168664626882e-01,-3.581619394870824008e-02,-1.350000770243812154e-01,7.222817614880912007e-01,-1.204847939181609567e-01,-4.064603372998273206e-02,1.881006353725373503e-01,-1.633513230711688413e-01,-1.669327409647435034e-01,1.000000000000000000e+00,1.362701299197107141e-01,-3.028284297984868909e-02,-1.148314325232105970e-01,-2.924398371676915631e-01,-9.516694927237315249e-02,2.078002836161144951e-01,-4.405783657629398775e-02,-2.732072026048292246e-01,2.209222777987051856e-01,8.207226492244033833e-02,-4.016875526083447945e-02,3.029099095120306728e-01,1.542312976555783310e-01,2.979441558836796490e-03,3.520616343823934624e-01,-2.465491884539224299e-01,-2.691349088046988969e-03,-5.777856910361189174e-02,4.103104880129795351e-01,1.271624846505342299e-01,-1.464048031094394298e-01,8.618243368516267933e-02
-7.855549127414704347e-02,-3.489120706826029372e-01,2.718984245775312170e-01,2.273060438573375197e-01,3.813346875307179751e-01,2.071205920284442670e-02,1.845079050512489494e-02,-2.329929042346676193e-01,2.825817577163182714e-01,1.395640687194017737e-01,1.658771720538564434e-02,3.734990798766842368e-01,3.324082275541808129e-01,-3.053858214248582684e-02,2.041119240257887324e-01,1.462402001055960743e-01,1.362701299197107141e-01,1.000000000000000000e+00,6.811061831627790442e-01,-7.224664516389631141e-02,2.743551851906452232e-01,2.268753115157454980e-01,1.856169714563894180e-01,1.671195640457861786e-01,1.192814450748932859e-01,-7.752132558448350530e-02,1.359378125423856554e-01,9.417621608290303870e-02,3.378083477162233811e-02,1.268909471872496086e-01,6.500515837755256598e-02,-2.333694455006452007e-01,3.120581645637953705e-01,3.065314454939520594e-01,3.169877468381988583e-01,1.110099262435742112e-01,-8.738267817560467499e-02,-2.171730419271424295e-01,2.651026734422183284e-01
-6.133006900144185453e-02,-2.443551734277378262e-01,3.217188553448976918e-01,1.728150626778582055e-01,3.669590617168072000e-01,2.403232996619310002e-01,-6.315458081745091087e-03,-2.783008739720509439e-01,1.081536968716455133e-01,1.016798073887117682e-01,-1.959764666368649377e-01,3.470957568774825086e-01,2.817398877286387826e-01,-1.147962247628647563e-02,1.785377583028991966e-01,8.223576319228069476e-02,-3.028284297984868909e-02,6.811061831627790442e-01,1.000000000000000000e+00,-6.587372324026924408e-02,2.867706156773083825e-01,1.760744079288978636e-01,2.159404914208053472e-01,2.530953653635037437e-01,2.321132027057773994e-01,-8.896872790488896676e-02,1.843570495809498666e-01,6.304633234929561680e-02,-9.182210903922878587e-02,1.672244852323352682e-01,7.890106947733860343e-02,-2.906698025854638212e-01,3.406576452073518668e-01,2.701261629998176206e-01,3.625000163332796066e-01,1.126754204611385285e-01,6.141980348507189436e-02,-2.619092757858462739e-01,4.505304066400235563e-02
1.962328613281343337e-01,-1.757599018857085582e-01,3.402874054746743426e-01,-3.168114887505917021e-02,-8.578896049027484594e-02,2.743192786120783322e-01,1.078301385023985037e-01,-3.041470034121226407e-01,8.667527018215465118e-02,1.641757761068135535e-01,-1.619896355562017443e-01,9.612524600462000329e-03,3.353032076005728057e-01,-1.718579693698922828e-01,-1.926427911535182058e-01,2.177108178952728013e-01,-1.148314325232105970e-01,-7.224664516389631141e-02,-6.587372324026924408e-02,1.000000000000000000e+00,3.478355925538684779e-01,4.001823098895179731e-01,4.807783546481479015e-02,2.130287889193510920e-01,-1.422238153544548404e-02,-2.665733175857807336e-01,-2.549937700441780308e-02,2.359434129913093869e-01,-7.384409581526321653e-02,-1.792378017664289780e-01,-6.556891628536810901e-02,-2.154314083453358619e-01,3.054119504890562276e-01,-4.069556630565468458e-02,4.145217332115057607e-01,-2.037807487359756531e-01,1.033951657664165247e-01,-1.330060676458828528e-01,-1.348776663180581425e-01
1.368324772688968016e-01,-6.239910433145393620e-01,7.823614299635487379e-01,6.401273203752144703e-02,-6.024692162659159300e-02,3.101808203120383078e-01,-2.705596306802622152e-03,-7.089339582774519810e-01,2.757277497295996249e-01,2.228331152533222226e-01,-3.904584812098437774e-01,5.907326457180058776e-01,7.583346082611274186e-01,-1.842893761173893530e-01,1.550659196034828435e-01,2.404601317057033782e-01,-2.924398371676915631e-01,2.743551851906452232e-01,2.867706156773083825e-01,3.478355925538684779e-01,1.000000000000000000e+00,5.672850761292757005e-01,-7.592243891612831565e-03,3.383901920181568435e-01,1.913282394048001767e-01,-5.928593562504895775e-01,1.231443866549414429e-01,3.674300363937508251e-01,-4.043999093256209210e-01,-3.364635323036643255e-01,3.580383123556948877e-02,-7.235623572305782680e-01,8.474107810067905699e-01,1.396258402171756396e-01,6.185965104868064168e-01,-2.929797321188212789e-01,-1.650613124553549083e-01,-3.432859283696607089e-01,-1.360908236258429327e-01
1.881910360273968408e-01,-3.600028334057775448e-01,6.053010246971853858e-01,3.317273570201851318e-01,7.498359329354760405e-02,1.287357876448638194e-01,3.059928200996916425e-01,-5.791055670099518604e-01,2.951458334565923436e-01,4.216988553132532402e-01,-1.525976434383664315e-01,3.600359878500867250e-01,5.471990001606300558e-01,-3.642203017257089614e-01,-7.456676808006393320e-02,3.887232091952084745e-01,-9.516694927237315249e-02,2.268753115157454980e-01,1.760744079288978636e-01,4.001823098895179731e-01,5.672850761292757005e-01,1.000000000000000000e+00,6.091413787356149412e-02,1.153085820327623273e-01,-5.130496083088614823e-02,-3.812162822278670204e-01,-1.698695109860940897e-02,4.306324043589772055e-01,-1.660037450990933527e-01,-1.491470280737531573e-01,1.214142507732278997e-01,-4.396335782903627587e-01,5.960525174015600669e-01,1.242463262440886007e-01,5.748935985450871478e-01,-5.416167874635667567e-02,-6.533310460982259815e-02,-2.176495431935963620e-01,3.829062461227302622e-02
8.102683898740335733e-02,1.755067781183458075e-01,1.304042270593378794e-01,-1.773589397997871464e-01,3.357193115841733966e-01,3.368176898438977052e-01,-2.289530446794563537e-02,-1.289267601417629083e-01,4.044740794174027654e-01,2.124185120401640425e-01,5.036742602256745471e-02,2.283975785033148451e-02,1.288385288286611752e-01,1.862025360510533856e-01,3.875352733204022460e-02,2.313722832532882911e-01,2.078002836161144951e-01,1.856169714563894180e-01,2.159404914208053472e-01,4.807783546481479015e-02,-7.592243891612831565e-03,6.091413787356149412e-02,1.000000000000000000e+00,6.020000556877709297e-01,4.894540857890575802e-01,2.908041809844118530e-01,-9.857836512196187229e-02,1.055790517432582398e-01,4.415864551879536970e-01,5.174848686328337166e-01,5.447849151530666234e-02,1.638560038967555310e-01,4.589643339065231642e-02,1.591322074767266281e-01,3.288760166107629890e-01,4.120624622275306237e-01,4.111736464922734480e-01,-9.188990613660972043e-03,2.414728357802989611e-01
-4.682085104223960431e-02,-1.180621902045321248e-01,3.828067561762865112e-01,-2.916489768727500431e-01,1.372169369618615464e-01,4.611135240723326922e-01,-1.778061412888620463e-01,-3.551938638849551078e-01,3.274490776581625018e-01,9.517915382895587861e-02,-2.027588958974731737e-01,1.512071176420198559e-01,4.148345612527287729e-01,2.220688384931496506e-01,7.933640344847124604e-02,1.480629062505119664e-01,-4.405783657629398775e-02,1.671195640457861786e-01,2.530953653635037437e-01,2.130287889193510920e-01,3.383901920181568435e-01,1.153085820327623273e-01,6.020000556877709297e-01,1.000000000000000000e+00,5.865683736959236283e-01,-1.130024161447357178e-01,-2.336252837217388332e-03,1.635795995314604789e-01,6.158300216325608006e-02,1.662084179988909394e-01,-9.810334430082566504e-02,-1.888600781722558353e-01,3.371393601858582723e-01,1.234387847795298254e-01,5.055511904611550422e-01,8.402446286102795148e-02,4.021196765420272379e-01,-2.677283813965362635e-01,1.461813321136929376e-02
8.393140065666274130e-02,-2.819043140943286452e-02,1.430886314975116924e-01,-3.835309703597381548e-01,2.155274952973457170e-01,3.305036750923233679e-01,-3.708552096111714658e-01,-1.279175241379047478e-01,3.056584095028784254e-01,1.131101038570532374e-01,-3.345278974243323655e-01,9.361417712918970735e-02,1.177592784717429869e-01,1.865638936713176210e-01,1.874828952210423616e-01,2.833171687101535552e-01,-2.732072026048292246e-01,1.192814450748932859e-01,2.321132027057773994e-01,-1.422238153544548404e-02,1.913282394048001767e-01,-5.130496083088614823e-02,4.894540857890575802e-01,5.865683736959236283e-01,1.000000000000000000e+00,9.915799068696135032e-02,1.564596460100514119e-01,1.158620730036880389e-02,7.734056124289757916e-02,2.954734457091369726e-01,-4.365799299093724856e-02,-1.494966881868213526e-01,1.685959342369161562e-01,2.858362374695957997e-01,1.993919097287950581e-01,8.542223429996656514e-02,1.436779486397686545e-01,5.492253342899009426e-03,8.637026896661592623e-02
2.103632458441739572e-01,4.909665570290204784e-01,-4.443486797190307480e-01,-2.004997994078487333e-01,3.990291051960947466e-01,-1.890251495030786100e-01,-1.018415577383017384e-01,3.735767742285661108e-01,1.596921608389803016e-01,4.758737121917207963e-02,2.476337725272165224e-01,-2.483229434217814613e-01,-5.289765081158777082e-01,3.350705128638852281e-01,1.740704707336510892e-01,1.683337348307819246e-03,2.209222777987051856e-01,-7.752132558448350530e-02,-8.896872790488896676e-02,-2.665733175857807336e-01,-5.928593562504895775e-01,-3.812162822278670204e-01,2.908041809844118530e-01,-1.130024161447357178e-01,9.915799068696135032e-02,1.000000000000000000e+00,5.417549115349718641e-02,-2.575036332918713144e-01,6.123083154867278166e-01,5.753205128229623710e-01,2.325885550313251948e-01,5.468434404963549156e-01,-5.268036870543663097e-01,1.895686576463222195e-01,-4.084614882097671318e-01,4.765996431223622487e-01,4.351012701799221449e-02,5.803509167747271658e-01,4.498903603879870761e-01
-2.326057839190241727e-01,-4.996504323016339733e-01,5.351410985304457663e-02,-1.911798997348561624e-01,3.789238797034672479e-01,-2.489128656313220056e-01,-3.476108048718656307e-01,-5.565750101908853442e-02,1.067384538720535236e-01,-7.856533433531784349e-02,5.509954645699715464e-02,1.669595304226416943e-01,9.031687142132770185e-02,2.370607954042726617e-01,1.530452545872704739e-01,1.724183612747904326e-01,8.207226492244033833e-02,1.359378125423856554e-01,1.843570495809498666e-01,-2.549937700441780308e-02,1.231443866549414429e-01,-1.698695109860940897e-02,-9.857836512196187229e-02,-2.336252837217388332e-03,1.564596460100514119e-01,5.417549115349718641e-02,1.000000000000000000e+00,-7.381288221678683481e-02,-2.718411061509006243e-01,8.836722855200414284e-02,1.660309976709850033e-01,-2.321337354485588922e-01,1.288723359001409108e-01,3.829904533903069064e-01,-6.000449039517631589e-02,9.901142394114502421e-02,-4.617955321282671832e-01,-6.639440811496462314e-02,-3.900568556955383986e-02
8.441120775777599672e-02,-1.264881075835466995e-01,3.882561090248053959e-01,2.166181292084238819e-01,1.561186534900997798e-02,1.203674970450535758e-01,4.436561296390629794e-01,-3.874712987141642473e-01,1.162327623818611988e-01,3.317742204626589753e-01,-7.439916062075120629e-02,2.952212376235006097e-01,3.597434741006840242e-01,3.545580295296696383e-02,9.095878873217438931e-02,2.411704561954889636e-01,-4.016875526083447945e-02,9.417621608290303870e-02,6.304633234929561680e-02,2.359434129913093869e-01,3.674300363937508251e-01,4.306324043589772055e-01,1.055790517432582398e-01,1.635795995314604789e-01,1.158620730036880389e-02,-2.575036332918713144e-01,-7.381288221678683481e-02,1.000000000000000000e+00,2.153582293488187638e-02,-1.806106660864162938e-01,3.866514210123569995e-01,-1.155451643990296207e-01,3.938553235217501225e-01,5.667424977930219515e-02,3.883778243195438740e-01,-6.014329335789326408e-02,9.734618978422400482e-02,-1.479479204502374967e-01,1.011705388521408899e-01
2.957651682412905658e-01,5.062165308401491703e-01,-2.540878123192587545e-01,-6.466858000943524754e-02,2.762413126821827158e-01,3.496657498921808965e-02,1.066839558377543073e-01,2.094835246841421361e-01,1.291975816476217676e-01,9.360621654408371461e-02,3.668194386381359862e-01,-1.866256253691555844e-01,-3.381347898175236510e-01,2.248736282676957743e-01,4.529524978282267050e-02,-1.090936440274921891e-02,3.029099095120306728e-01,3.378083477162233811e-02,-9.182210903922878587e-02,-7.384409581526321653e-02,-4.043999093256209210e-01,-1.660037450990933527e-01,4.415864551879536970e-01,6.158300216325608006e-02,7.734056124289757916e-02,6.123083154867278166e-01,-2.718411061509006243e-01,2.153582293488187638e-02,1.000000000000000000e+00,3.928055983142940688e-01,1.950462822892486126e-01,5.700285682481088800e-01,-3.606284528937091505e-01,4.144968456047552763e-02,-7.888334292516546720e-02,3.845531706996815346e-01,2.985740665180112718e-01,4.176362051187633151e-01,4.247099209445886481e-01
7.336481226338679995e-02,2.377338123576500650e-01,-1.703293944616160183e-01,-5.868164956825444589e-02,5.304041292871577440e-01,-4.909650994459631435e-02,-8.941269358341116802e-02,1.462797917975775519e-01,3.834797640471394042e-01,2.442652902050997943e-01,1.538083525123117301e-01,-7.382248805452765184e-02,-2.533763399160174901e-01,2.411380642475687008e-01,8.707800583357917790e-02,2.459710328079839636e-01,1.542312976555783310e-01,1.268909471872496086e-01,1.672244852323352682e-01,-1.792378017664289780e-01,-3.364635323036643255e-01,-1.491470280737531573e-01,5.174848686328337166e-01,1.662084179988909394e-01,2.954734457091369726e-01,5.753205128229623710e-01,8.836722855200414284e-02,-1.806106660864162938e-01,3.928055983142940688e-01,1.000000000000000000e+00,1.355119032723331451e-01,2.345941959662218301e-01,-2.558557997096079228e-01,3.218175209998672681e-01,-9.539525117698206824e-02,5.387542539042970979e-01,1.235924809387017598e-01,3.037162258812409199e-01,4.079652437494640238e-01
2.216676643091839982e-01,1.345552326320635129e-02,1.490835827314136997e-01,2.145650577956948468e-01,3.490900785959253350e-01,-1.206032494489315821e-01,2.271663782326271419e-01,-1.769823410017648813e-01,2.300306047612843685e-01,2.484629135414464784e-01,3.592598529079461811e-02,3.577309789895036229e-01,-7.160456679452710527e-02,2.918659307418890458e-01,3.771722959350082283e-01,1.537917802316616511e-01,2.979441558836796490e-03,6.500515837755256598e-02,7.890106947733860343e-02,-6.556891628536810901e-02,3.580383123556948877e-02,1.214142507732278997e-01,5.447849151530666234e-02,-9.810334430082566504e-02,-4.365799299093724856e-02,2.325885550313251948e-01,1.660309976709850033e-01,3.866514210123569995e-01,1.950462822892486126e-01,1.355119032723331451e-01,1.000000000000000000e+00,2.674972235975848350e-02,1.298658721246759573e-01,2.851553490447125694e-01,-1.897138013608322057e-02,2.270187773864931480e-01,-1.978565725792888752e-01,2.924051491973154171e-01,3.650781393040057332e-01
-1.261648593273588803e-01,6.702699792537260004e-01,-6.896204399381418160e-01,-1.358691849115477579e-01,4.017755409540592348e-02,-2.258535822270513471e-01,1.002051261494480150e-01,6.282761798030269684e-01,-1.674889932967497108e-01,-9.861380074895359504e-02,3.911235124020362441e-01,-5.138604735842661198e-01,-5.857217753804657701e-01,2.920866286058013128e-01,-1.375844572697209334e-01,-2.097621901155501678e-01,3.520616343823934624e-01,-2.333694455006452007e-01,-2.906698025854638212e-01,-2.154314083453358619e-01,-7.235623572305782680e-01,-4.396335782903627587e-01,1.638560038967555310e-01,-1.888600781722558353e-01,-1.494966881868213526e-01,5.468434404963549156e-01,-2.321337354485588922e-01,-1.155451643990296207e-01,5.700285682481088800e-01,2.345941959662218301e-01,2.674972235975848350e-02,1.000000000000000000e+00,-7.376060616827176952e-01,-1.874135413217740687e-01,-4.889587441302731818e-01,3.440559256357157980e-01,2.867146112139992153e-01,2.833026821636417947e-01,2.168284235343562460e-01
2.126684965130899163e-01,-6.076034951526424477e-01,8.347390028879020374e-01,1.718617489266202614e-01,4.412805774223696464e-02,3.005125644986439970e-01,7.879632296738617314e-02,-7.718336277339118423e-01,3.313546190750799036e-01,2.958592883126107131e-01,-3.431441285920914241e-01,6.451135049746508088e-01,7.630706908995676940e-01,-1.882351898237449306e-01,2.075392837366024368e-01,2.677234891810044148e-01,-2.465491884539224299e-01,3.120581645637953705e-01,3.406576452073518668e-01,3.054119504890562276e-01,8.474107810067905699e-01,5.960525174015600669e-01,4.589643339065231642e-02,3.371393601858582723e-01,1.685959342369161562e-01,-5.268036870543663097e-01,1.288723359001409108e-01,3.938553235217501225e-01,-3.606284528937091505e-01,-2.558557997096079228e-01,1.298658721246759573e-01,-7.376060616827176952e-01,1.000000000000000000e+00,2.200945692795459319e-01,6.611953223227422516e-01,-2.030039813453182740e-01,-1.578153251489037845e-01,-3.021645453682074711e-01,-8.748384112718458894e-02
1.856982351027327005e-01,-2.709562545761105001e-01,1.785409613434132958e-01,1.020686176791983993e-02,7.021793574649629610e-01,-1.880537067949070162e-01,-1.449864088591290845e-01,-1.924748173539467533e-01,4.106836171847977890e-01,3.603431018190836888e-01,4.609194057736253763e-03,4.303497235621241979e-01,1.543237886487428823e-01,2.161325621585344636e-01,3.788720516065662847e-01,4.259193527386686551e-01,-2.691349088046988969e-03,3.065314454939520594e-01,2.701261629998176206e-01,-4.069556630565468458e-02,1.396258402171756396e-01,1.242463262440886007e-01,1.591322074767266281e-01,1.234387847795298254e-01,2.858362374695957997e-01,1.895686576463222195e-01,3.829904533903069064e-01,5.667424977930219515e-02,4.144968456047552763e-02,3.218175209998672681e-01,2.851553490447125694e-01,-1.874135413217740687e-01,2.200945692795459319e-01,1.000000000000000000e+00,9.874298004173602539e-02,1.106082296194885184e-01,-2.480491441810556696e-01,3.114504010596976236e-01,4.197577709422214975e-01
1.550816697094821173e-01,-3.712143101542239032e-01,6.944347393832382975e-01,1.869670072029620544e-01,9.113152550319497669e-02,4.653579339213280153e-01,1.640025168604750672e-01,-6.453100473352137989e-01,2.059127960069425389e-01,2.023948343049358223e-01,-2.295131015665773377e-01,3.559391761522712749e-01,6.543739937107508897e-01,-2.704322817099196197e-01,-5.564019466218673993e-02,2.249606804074475996e-01,-5.777856910361189174e-02,3.169877468381988583e-01,3.625000163332796066e-01,4.145217332115057607e-01,6.185965104868064168e-01,5.748935985450871478e-01,3.288760166107629890e-01,5.055511904611550422e-01,1.993919097287950581e-01,-4.084614882097671318e-01,-6.000449039517631589e-02,3.883778243195438740e-01,-7.888334292516546720e-02,-9.539525117698206824e-02,-1.897138013608322057e-02,-4.889587441302731818e-01,6.611953223227422516e-01,9.874298004173602539e-02,1.000000000000000000e+00,-6.846866296764796134e-02,2.550102302494542950e-01,-3.948097586830016104e-01,-1.477305515738734920e-01
-5.947652019599054124e-02,2.282827041820523206e-01,-1.439571955719435581e-01,-1.348517496852454436e-02,4.671394559358760246e-01,-9.745857167746406480e-02,2.622133023723532616e-02,1.196641431079890627e-01,3.600589218681155002e-01,7.830805909923446717e-02,3.540417438297238095e-01,-9.749861055432881840e-02,-1.535892775380056918e-01,2.277987290725001779e-01,-2.016912577313656127e-02,-1.049712276724735008e-02,4.103104880129795351e-01,1.110099262435742112e-01,1.126754204611385285e-01,-2.037807487359756531e-01,-2.929797321188212789e-01,-5.416167874635667567e-02,4.120624622275306237e-01,8.402446286102795148e-02,8.542223429996656514e-02,4.765996431223622487e-01,9.901142394114502421e-02,-6.014329335789326408e-02,3.845531706996815346e-01,5.387542539042970979e-01,2.270187773864931480e-01,3.440559256357157980e-01,-2.030039813453182740e-01,1.106082296194885184e-01,-6.846866296764796134e-02,1.000000000000000000e+00,4.954896760704412956e-02,5.264857989627687307e-02,2.168512457511169444e-01
2.102284487155105588e-03,4.765386582832719653e-01,-5.994632873731827079e-03,-1.174029096949969105e-02,-1.132106642621971415e-01,5.075012655771811154e-01,1.683172954723373971e-01,-3.745042495259948839e-02,-1.611965578038765945e-01,-6.663637216085936676e-02,2.171502640951082988e-02,-2.446151582020327786e-01,-6.138228890250410630e-02,1.600930453371373838e-02,-1.735369075926604665e-01,-1.622684264002981491e-01,1.271624846505342299e-01,-8.738267817560467499e-02,6.141980348507189436e-02,1.033951657664165247e-01,-1.650613124553549083e-01,-6.533310460982259815e-02,4.111736464922734480e-01,4.021196765420272379e-01,1.436779486397686545e-01,4.351012701799221449e-02,-4.617955321282671832e-01,9.734618978422400482e-02,2.985740665180112718e-01,1.235924809387017598e-01,-1.978565725792888752e-01,2.867146112139992153e-01,-1.578153251489037845e-01,-2.480491441810556696e-01,2.550102302494542950e-01,4.954896760704412956e-02,1.000000000000000000e+00,-1.343991843130919739e-01,-7.836294715179316361e-02
5.362637926021633916e-01,3.583395637044247128e-01,-2.711278390756685641e-01,-2.874957860295051376e-02,2.121553765117082935e-01,-1.986316665057749620e-01,-4.569562088468744065e-02,2.249330909897367670e-01,1.388363769317790541e-01,2.405727791747241939e-01,2.410465984823298782e-02,-4.280307183189063433e-03,-4.465621858687726098e-01,1.631705355736987884e-01,3.390171156055364343e-01,1.604700677703422840e-01,-1.464048031094394298e-01,-2.171730419271424295e-01,-2.619092757858462739e-01,-1.330060676458828528e-01,-3.432859283696607089e-01,-2.176495431935963620e-01,-9.188990613660972043e-03,-2.677283813965362635e-01,5.492253342899009426e-03,5.803509167747271658e-01,-6.639440811496462314e-02,-1.479479204502374967e-01,4.176362051187633151e-01,3.037162258812409199e-01,2.924051491973154171e-01,2.833026821636417947e-01,-3.021645453682074711e-01,3.114504010596976236e-01,-3.948097586830016104e-01,5.264857989627687307e-02,-1.343991843130919739e-01,1.000000000000000000e+00,5.197258048299205901e-01
2.287144453621078322e-01,1.537801125557489712e-01,-6.770785513821192536e-02,9.190077859132926574e-02,4.344187394279668268e-01,-2.323173868426582356e-01,2.203941965849443713e-02,3.647664744117242591e-02,4.813043942233953820e-01,4.096182784131434662e-01,1.591646401024984225e-01,2.631287345572969061e-01,-1.002802592327945580e-01,2.988818932528240491e-01,4.073890462718924854e-01,2.977621729798319850e-01,8.618243368516267933e-02,2.651026734422183284e-01,4.505304066400235563e-02,-1.348776663180581425e-01,-1.360908236258429327e-01,3.829062461227302622e-02,2.414728357802989611e-01,1.461813321136929376e-02,8.637026896661592623e-02,4.498903603879870761e-01,-3.900568556955383986e-02,1.011705388521408899e-01,4.247099209445886481e-01,4.079652437494640238e-01,3.650781393040057332e-01,2.168284235343562460e-01,-8.748384112718458894e-02,4.197577709422214975e-01,-1.477305515738734920e-01,2.168512457511169444e-01,-7.836294715179316361e-02,5.197258048299205901e-01,1.000000000000000000e+00
