1.000000000000000000e+00,8.415637344140387555e-01,7.403307174068007868e-01,-8.995259411327567733e-02,7.432027044296204421e-01,1.932010113356840697e-01,9.771702434320739261e-02,-5.987463619315442909e-01,7.484037038855317903e-01,7.927022678649998655e-01,6.213834911019295859e-01,-6.961896353555906136e-02,-4.240889398362898688e-01,3.894047124917910940e-01,-3.446182302060171732e-01,7.848004395107387454e-01,4.258692669881539716e-01,5.598983026952172315e-01,1.900648266076235826e-01,1.333440463583488722e-01,3.539059109099017553e-01,3.858749652733252655e-01,4.258221908248018273e-01,4.179032014658305427e-01,4.224405837673771980e-01,6.308800185690903728e-01,4.236187390268627007e-01,5.679922224521438689e-01,4.821638432282409070e-01,6.208637449198654013e-01,5.869417341211137229e-01,6.985595682167237142e-01,5.145925804072175591e-01,4.645788301897045836e-01,5.912949547838004527e-01,4.113298255789656355e-01,6.813657411867040103e-01,3.405032729448532747e-01,4.660902839660409080e-01
8.415637344140387555e-01,1.000000000000000000e+00,6.320026235317174335e-01,-1.456327917910704879e-02,6.035475802009070412e-01,1.617985909485683826e-01,2.402404356198483415e-01,-5.341320062152996595e-01,6.966344281516901882e-01,7.449618932130291915e-01,5.495043012435646412e-01,-1.079655279304965881e-01,-3.633581171904438634e-01,3.427258588279131768e-01,-3.117908418275761595e-01,7.434610979900284633e-01,3.626906151145706247e-01,5.498778115501440356e-01,2.550138030747104434e-01,2.252591362114347295e-01,4.050795856930696215e-01,3.407972367462522856e-01,3.555398710475612956e-01,4.140098222049492516e-01,3.252129217190312671e-01,5.818790524021570931e-01,4.010282658478981355e-01,5.223612367020918912e-01,4.547888276512643269e-01,6.208356526154159560e-01,5.582901700971312220e-01,6.569284566135615844e-01,3.582614543973872134e-01,3.604625844128229173e-01,5.046431719897231938e-01,3.926892249290517833e-01,5.968062981394476330e-01,3.230681939219261500e-01,4.717215443253832130e-01
7.403307174068007868e-01,6.320026235317174335e-01,1.000000000000000000e+00,-1.790781101583768103e-02,8.148725484630905402e-01,2.073972689355465804e-01,1.041806275268542803e-01,-8.561149829863875516e-01,6.959036613108220415e-01,6.872214702798719044e-01,5.505058985894700774e-01,-2.971815194780488140e-02,-3.281576603367875600e-01,4.051556081866536929e-01,-3.426262561804963580e-01,7.218096297209145584e-01,3.618379362921181897e-01,5.735317882308281767e-01,1.970940287919055733e-01,2.246472122925011472e-01,5.186981964426232716e-01,5.015398127679802087e-01,4.961056827429258798e-01,4.553759282356630300e-01,4.737295131761490308e-01,5.365761221156384320e-01,3.124002551923253379e-01,4.894063318454834333e-01,4.040490675308686108e-01,5.673640698112019098e-01,5.007346713980952435e-01,5.843260576600637357e-01,5.342394810698893881e-01,3.966334359792110797e-01,5.168572557210785456e-01,3.359034395124939065e-01,5.864999487891316976e-01,3.607547398076865197e-01,4.400689171303920344e-01
-8.995259411327567733e-02,-1.456327917910704879e-02,-1.790781101583768103e-02,1.000000000000000000e+00,-3.042531390472308361e-02,-1.778812285605053389e-01,4.613657128018944231e-01,5.599870961534864078e-02,1.512222515001733214e-01,9.147448368699898080e-02,4.236210847751685493e-02,-2.800306675494779532e-02,6.012599141984783513e-01,1.835297825806567751e-01,-2.234244240250346236e-01,5.042032767737155557e-02,1.336480633905936521e-01,2.689685951055241775e-01,3.805638480808877788e-01,5.046925848468232223e-01,-1.015737583027920277e-01,2.602647268008242976e-01,1.086644046902470739e-01,2.903323720300098887e-01,8.296379295325474745e-02,-2.389700747596541774e-01,-2.580887212664944030e-01,-4.338686665512905272e-01,-2.268103111600387467e-01,2.224397080360711598e-01,-3.795978267870642187e-01,-2.590961898778737504e-01,-2.130157879813062705e-01,-2.274439127403020122e-01,-1.289735275851601470e-01,-3.420782307344840123e-01,-8.926826824694304718e-02,3.432075404242496686e-01,4.755547612090904597e-01
7.432027044296204421e-01,6.035475802009070412e-01,8.148725484630905402e-01,-3.042531390472308361e-02,1.000000000000000000e+00,1.923192832574467936e-01,1.693755240593789943e-02,-6.920011190505310772e-01,7.434151465217797572e-01,6.341899195422397995e-01,5.850000279014453408e-01,1.086556977363491681e-02,-3.517631512877525402e-01,5.244708429377001879e-01,-2.873675483127176022e-01,6.099730478548445189e-01,3.849979256730547417e-01,5.224409778449922159e-01,1.489257288852491590e-01,9.694130876256289164e-02,3.375599897586896714e-01,3.972384802869227127e-01,5.592155814669709235e-01,4.158335507139525045e-01,5.286063232026054770e-01,4.996905285111960526e-01,2.950887040028716268e-01,4.743493474078588901e-01,4.192960384690129771e-01,5.539301814015892278e-01,4.855765345547957135e-01,6.251428391513494942e-01,5.962444335393186634e-01,5.706500434046832826e-01,5.916849040587738306e-01,3.261987684168520252e-01,6.269551597049620728e-01,2.847873148329521653e-01,4.325620478142820358e-01
1.932010113356840697e-01,1.617985909485683826e-01,2.073972689355465804e-01,-1.778812285605053389e-01,1.923192832574467936e-01,1.000000000000000000e+00,2.145989663053722574e-01,-6.576917589249298146e-02,-1.041199451657274788e-01,-1.562482630014814800e-01,6.182335912088834373e-01,5.483075077602564962e-01,-3.778504324404201586e-01,4.578100137359425448e-01,5.496022489763878749e-01,6.189936677208139615e-02,5.636481063729591456e-01,5.797703167722407375e-02,-2.753611684649890368e-01,-3.097872945386420662e-02,4.330468090330417269e-02,2.679997481252909264e-01,5.632420533043082100e-01,2.071302762475225878e-01,5.667704626330163364e-01,4.934658454646367320e-01,6.236510845993247232e-01,5.674405537876633376e-01,6.928512936280332157e-01,-2.875881147308549934e-01,5.838365938740947003e-01,4.848868364589886681e-01,4.478423287610441283e-01,3.199301859675864335e-01,6.174291389393143925e-01,5.048062743293889598e-01,5.860868062018559366e-01,-5.114433116956911274e-01,-1.985382759393718444e-01
9.771702434320739261e-02,2.402404356198483415e-01,1.041806275268542803e-01,4.613657128018944231e-01,1.693755240593789943e-02,2.145989663053722574e-01,1.000000000000000000e+00,-3.628190569240451885e-02,9.193172903511737104e-02,1.110238850171656466e-01,3.179376454505248861e-01,3.691031485084514223e-03,3.272901405505638239e-01,3.487056145529623397e-01,2.153718871570661081e-02,2.427660803918734733e-01,3.118968380775298255e-01,4.837239467133980786e-01,5.128087591554948421e-01,6.770951180891248145e-01,3.103071976176169366e-01,5.246104425617567069e-01,3.662818642667217683e-01,3.744411214107187802e-01,3.374136573521608895e-01,2.930098421206455139e-01,2.331486367892291744e-01,1.399194828606147578e-01,2.147731632843419003e-01,1.432164218777640941e-01,2.342501214071424781e-02,1.264795232776936007e-01,3.895439594587496446e-02,-2.572796018810921126e-01,1.550348560419405053e-01,1.425217949268052509e-01,2.212597128032971483e-01,1.607846029646803621e-01,3.687278094999439371e-01
-5.987463619315442909e-01,-5.341320062152996595e-01,-8.561149829863875516e-01,5.599870961534864078e-02,-6.920011190505310772e-01,-6.576917589249298146e-02,-3.628190569240451885e-02,1.000000000000000000e+00,-6.284327314483021398e-01,-6.124092706905995831e-01,-3.499960160053238178e-01,1.965993164811081773e-01,2.227340310324495420e-01,-2.271003226126852015e-01,4.210863672726654627e-01,-6.222748903949245625e-01,-1.757236164204310225e-01,-4.876412280497227636e-01,-2.385435406894008958e-01,-2.152723282291320039e-01,-6.015022576112156738e-01,-4.132418029037424057e-01,-3.056078724932029256e-01,-3.466758711166149642e-01,-2.702905313868754211e-01,-3.546913841900672937e-01,-1.305980231705220485e-01,-3.199806619635440774e-01,-2.141328227344595214e-01,-5.700191848319842158e-01,-3.169952770039510814e-01,-3.967507209271511348e-01,-3.217244841705348968e-01,-2.176696819678232697e-01,-3.138137926447323034e-01,-1.779759055984352356e-01,-3.807701974450679594e-01,-4.345514973999154429e-01,-4.007069908810066972e-01
7.484037038855317903e-01,6.966344281516901882e-01,6.959036613108220415e-01,1.512222515001733214e-01,7.434151465217797572e-01,-1.041199451657274788e-01,9.193172903511737104e-02,-6.284327314483021398e-01,1.000000000000000000e+00,7.901695098375239867e-01,3.967555063784583003e-01,-2.253144375425729373e-01,-1.135595511833898397e-01,3.939353313607005802e-01,-5.606831855366064543e-01,7.001303281636199749e-01,2.583802637405454572e-01,6.038923532861438792e-01,3.820933361240010928e-01,2.291932659986057885e-01,3.062299893617745350e-01,3.269869455439818329e-01,3.387791085094189469e-01,5.019044789195725720e-01,2.724906733627782685e-01,3.808313445786301044e-01,1.068794136044922821e-01,2.583589316662138202e-01,1.770865588947821145e-01,8.326642139435018741e-01,2.687750739718166582e-01,4.837312494590065293e-01,3.209517304994846665e-01,3.946557388357750384e-01,3.678011624952087777e-01,1.126678612559416093e-01,4.589167832594564511e-01,6.028286921962286993e-01,6.727834029088148871e-01
7.927022678649998655e-01,7.449618932130291915e-01,6.872214702798719044e-01,9.147448368699898080e-02,6.341899195422397995e-01,-1.562482630014814800e-01,1.110238850171656466e-01,-6.124092706905995831e-01,7.901695098375239867e-01,1.000000000000000000e+00,3.796814684804212248e-01,-2.907697793940920428e-01,-1.764616856673487111e-01,1.773242402247923177e-01,-6.129876155254301295e-01,8.157896312485833912e-01,2.230029455284457673e-01,5.845429026761828073e-01,3.958088410059428797e-01,2.971767839031417835e-01,4.029117042100684443e-01,3.540469830896809111e-01,1.943918408118671115e-01,4.063584681017308187e-01,1.954340537796404875e-01,4.163867101949694782e-01,2.048906581272318950e-01,2.986088215871233742e-01,1.627667498198493712e-01,7.921083483195354713e-01,3.007051841966981720e-01,4.763929892305791003e-01,2.779175676514032967e-01,2.686595984496158995e-01,3.212503609742325406e-01,1.382669551623579574e-01,4.297711387817579887e-01,6.236918586975193080e-01,6.322707978552434271e-01
6.213834911019295859e-01,5.495043012435646412e-01,5.505058985894700774e-01,4.236210847751685493e-02,5.850000279014453408e-01,6.182335912088834373e-01,3.179376454505248861e-01,-3.499960160053238178e-01,3.967555063784583003e-01,3.796814684804212248e-01,1.000000000000000000e+00,3.490516803312274652e-01,-3.203168898765194061e-01,6.369296059399512933e-01,1.563193536762619296e-01,4.555182905991185804e-01,7.901061733197480841e-01,4.051016884232461202e-01,4.533645581241588923e-02,1.434023073995424613e-01,2.026494403694836799e-01,4.654012626956091081e-01,6.845421943002487630e-01,5.069906937140135073e-01,6.976350311294127193e-01,6.513223866350015268e-01,6.426578082583268570e-01,5.939282891734946057e-01,6.912997307948967052e-01,2.128875224784118336e-01,6.333609331331967462e-01,6.961991023361941977e-01,5.909242611720666449e-01,4.757559647439386641e-01,7.174664621299587930e-01,4.356006297813397321e-01,7.611739630535935275e-01,-6.241918844543856842e-02,2.874394861219716213e-01
-6.961896353555906136e-02,-1.079655279304965881e-01,-2.971815194780488140e-02,-2.800306675494779532e-02,1.086556977363491681e-02,5.483075077602564962e-01,3.691031485084514223e-03,1.965993164811081773e-01,-2.253144375425729373e-01,-2.907697793940920428e-01,3.490516803312274652e-01,1.000000000000000000e+00,-2.524008397438626261e-01,4.329361039158897695e-01,6.716824357363357922e-01,-2.243341254221183079e-01,3.454661566644976478e-01,-2.353841276488293777e-01,-5.441057823917649916e-01,-1.691205152504083042e-01,-3.109768627964645260e-01,-1.722509563774310415e-02,3.968037955960884156e-01,1.340589730942192970e-01,3.784987249858223213e-01,2.438153893686277052e-01,4.793471950568825024e-01,3.136620576607684341e-01,4.670140461015450106e-01,-4.283945603314813222e-01,4.266515603973392579e-01,3.247119556864969114e-01,3.569892624648305368e-01,3.904078795501364496e-01,4.116756541677278891e-01,1.820181239441900356e-01,3.379624563708426566e-01,-6.149266747647503806e-01,-2.949315641231052831e-01
-4.240889398362898688e-01,-3.633581171904438634e-01,-3.281576603367875600e-01,6.012599141984783513e-01,-3.517631512877525402e-01,-3.778504324404201586e-01,3.272901405505638239e-01,2.227340310324495420e-01,-1.135595511833898397e-01,-1.764616856673487111e-01,-3.203168898765194061e-01,-2.524008397438626261e-01,1.000000000000000000e+00,-9.705610628213212632e-02,-2.229307492320954653e-01,-2.212955836541060650e-01,-1.263222664292865671e-01,7.222342869060593973e-02,4.052229282232347463e-01,4.130224710030783730e-01,1.248097387560806893e-03,1.428375367961625952e-01,-1.587405235243050106e-01,1.165351703227161667e-01,-2.089403963301999234e-01,-4.335366800985617775e-01,-5.247617997685494196e-01,-6.211939354704385519e-01,-5.038972400648862315e-01,1.049849402238602902e-01,-7.673185568835494408e-01,-5.317618068980728419e-01,-4.137781330105379518e-01,-5.855400976952299663e-01,-4.203609632144407193e-01,-5.252007014035927623e-01,-4.013451156457765179e-01,3.502710672808050374e-01,2.918859108469663566e-01
3.894047124917910940e-01,3.427258588279131768e-01,4.051556081866536929e-01,1.835297825806567751e-01,5.244708429377001879e-01,4.578100137359425448e-01,3.487056145529623397e-01,-2.271003226126852015e-01,3.939353313607005802e-01,1.773242402247923177e-01,6.369296059399512933e-01,4.329361039158897695e-01,-9.705610628213212632e-02,1.000000000000000000e+00,1.877729885843590907e-01,2.319644501346266874e-01,5.962155875310830577e-01,4.107126197250169919e-01,6.005761357157353431e-02,2.135779210386936910e-01,1.356773895690541742e-01,4.949357194722639464e-01,7.933313816909821625e-01,5.795777370034297382e-01,7.213526916034995740e-01,4.955841854966933080e-01,4.105494735847605714e-01,4.097077654198449381e-01,5.451808084486742256e-01,2.210023222222647632e-01,4.252537369676225865e-01,5.034376089399216214e-01,6.111266888654534046e-01,3.949714476005724562e-01,5.967904540707617000e-01,2.549688999096489384e-01,6.092717911387994789e-01,-6.819480987698184338e-02,3.082199030541024620e-01
-3.446182302060171732e-01,-3.117908418275761595e-01,-3.426262561804963580e-01,-2.234244240250346236e-01,-2.873675483127176022e-01,5.496022489763878749e-01,2.153718871570661081e-02,4.210863672726654627e-01,-5.606831855366064543e-01,-6.129876155254301295e-01,1.563193536762619296e-01,6.716824357363357922e-01,-2.229307492320954653e-01,1.877729885843590907e-01,1.000000000000000000e+00,-4.988960659979723156e-01,1.992702994678572648e-01,-5.108901499990238237e-01,-5.753247693935220619e-01,-2.492536711002823202e-01,-3.559074242089028672e-01,-1.277930728198471699e-01,2.010862912842804884e-01,-1.370170498363773859e-01,2.326368757137960985e-01,1.932237768157155436e-02,3.294342029953786777e-01,1.634828351589725226e-01,3.787447256217648661e-01,-7.268151528706083830e-01,2.688076747367633135e-01,7.458176915018728537e-02,1.254601915098733644e-01,1.968727800409749429e-01,2.009779704704000025e-01,1.800875578118900366e-01,9.912142407141123768e-02,-7.978753355860863650e-01,-5.746330746161429914e-01
7.848004395107387454e-01,7.434610979900284633e-01,7.218096297209145584e-01,5.042032767737155557e-02,6.099730478548445189e-01,6.189936677208139615e-02,2.427660803918734733e-01,-6.222748903949245625e-01,7.001303281636199749e-01,8.157896312485833912e-01,4.555182905991185804e-01,-2.243341254221183079e-01,-2.212955836541060650e-01,2.319644501346266874e-01,-4.988960659979723156e-01,1.000000000000000000e+00,2.839883001096863979e-01,6.965372372632870901e-01,4.276861672823148997e-01,3.715567196700293451e-01,5.112086043837654747e-01,4.550737991020592510e-01,3.340269028327538803e-01,4.501387414507000972e-01,3.474882520495834459e-01,5.764451832840254974e-01,3.294946498476148400e-01,5.026881146248719512e-01,3.124075232244060696e-01,6.769825554138154677e-01,4.138019832010996213e-01,5.228921747426895639e-01,3.009410947371435885e-01,2.018824566268377918e-01,4.280683448269357316e-01,4.085439864662353537e-01,5.171500402077110481e-01,5.151869434322879915e-01,4.901271045864842302e-01
4.258692669881539716e-01,3.626906151145706247e-01,3.618379362921181897e-01,1.336480633905936521e-01,3.849979256730547417e-01,5.636481063729591456e-01,3.118968380775298255e-01,-1.757236164204310225e-01,2.583802637405454572e-01,2.230029455284457673e-01,7.901061733197480841e-01,3.454661566644976478e-01,-1.263222664292865671e-01,5.962155875310830577e-01,1.992702994678572648e-01,2.839883001096863979e-01,1.000000000000000000e+00,3.673620542615279039e-01,1.139536678960439697e-01,1.275246631669749442e-01,1.497620640092788835e-01,4.160691788933802426e-01,6.219037715682224077e-01,4.844752411532239900e-01,6.251145513294342759e-01,4.812662989780073231e-01,4.881083249050295891e-01,4.159720078285204514e-01,6.080079636930111331e-01,1.334370139762884044e-01,4.246070389948485291e-01,5.206978599216622872e-01,5.045506971189596124e-01,3.332312597960916944e-01,5.983123945636755758e-01,3.008000703848117685e-01,6.377591786216031400e-01,-8.446432733190852027e-02,2.180354889524411255e-01
5.598983026952172315e-01,5.498778115501440356e-01,5.735317882308281767e-01,2.689685951055241775e-01,5.224409778449922159e-01,5.797703167722407375e-02,4.837239467133980786e-01,-4.876412280497227636e-01,6.038923532861438792e-01,5.845429026761828073e-01,4.051016884232461202e-01,-2.353841276488293777e-01,7.222342869060593973e-02,4.107126197250169919e-01,-5.108901499990238237e-01,6.965372372632870901e-01,3.673620542615279039e-01,1.000000000000000000e+00,6.505207393573915198e-01,4.927674086401258591e-01,5.510012142860719608e-01,5.456346778629526106e-01,4.457717097675901741e-01,4.652691826002048336e-01,4.078232876617210456e-01,5.269200660425701344e-01,2.263987218913744992e-01,3.710284038867013856e-01,2.283106505840963307e-01,6.256352242317919643e-01,1.884831901278572752e-01,3.927997754152910415e-01,2.981883770949460555e-01,-1.123747042891974808e-02,3.468171024813553327e-01,3.002336696575065300e-01,4.471355483637042272e-01,5.432699907497222647e-01,5.852810613338469414e-01
1.900648266076235826e-01,2.550138030747104434e-01,1.970940287919055733e-01,3.805638480808877788e-01,1.489257288852491590e-01,-2.753611684649890368e-01,5.128087591554948421e-01,-2.385435406894008958e-01,3.820933361240010928e-01,3.958088410059428797e-01,4.533645581241588923e-02,-5.441057823917649916e-01,4.052229282232347463e-01,6.005761357157353431e-02,-5.753247693935220619e-01,4.276861672823148997e-01,1.139536678960439697e-01,6.505207393573915198e-01,1.000000000000000000e+00,5.788772924443166268e-01,4.775293646468041220e-01,4.160128483027214497e-01,9.739549793151634771e-02,3.136809230657759962e-01,8.457704943050060875e-02,1.150928883753997156e-01,-1.553751684428195112e-01,-4.704798456941136631e-02,-1.586417922379874668e-01,5.405124833506637083e-01,-2.506383295906250974e-01,-4.447696611242356324e-02,-1.246170126743904316e-01,-3.825863829449132614e-01,-8.335834930806355902e-02,-3.114226776733427723e-02,1.955139670173031835e-02,6.660367307246177759e-01,5.653306671195624800e-01
1.333440463583488722e-01,2.252591362114347295e-01,2.246472122925011472e-01,5.046925848468232223e-01,9.694130876256289164e-02,-3.097872945386420662e-02,6.770951180891248145e-01,-2.152723282291320039e-01,2.291932659986057885e-01,2.971767839031417835e-01,1.434023073995424613e-01,-1.691205152504083042e-01,4.130224710030783730e-01,2.135779210386936910e-01,-2.492536711002823202e-01,3.715567196700293451e-01,1.275246631669749442e-01,4.927674086401258591e-01,5.788772924443166268e-01,1.000000000000000000e+00,4.187919714878756139e-01,6.182442302404743684e-01,2.502558376355940029e-01,4.329841454368965614e-01,1.958126878079036182e-01,1.733604530218421091e-01,4.290315082048087869e-02,5.062006535071304075e-03,-2.475766112773957264e-02,3.404703442833573734e-01,-9.957600090751377031e-02,-2.023508588979826966e-02,-7.447897473484584030e-02,-3.474250159902366186e-01,2.288070108808108738e-02,-2.513375500331352722e-02,1.020047905259797716e-01,4.825216455360335499e-01,5.221437863297049287e-01
3.539059109099017553e-01,4.050795856930696215e-01,5.186981964426232716e-01,-1.015737583027920277e-01,3.375599897586896714e-01,4.330468090330417269e-02,3.103071976176169366e-01,-6.015022576112156738e-01,3.062299893617745350e-01,4.029117042100684443e-01,2.026494403694836799e-01,-3.109768627964645260e-01,1.248097387560806893e-03,1.356773895690541742e-01,-3.559074242089028672e-01,5.112086043837654747e-01,1.497620640092788835e-01,5.510012142860719608e-01,4.775293646468041220e-01,4.187919714878756139e-01,1.000000000000000000e+00,5.466544734783611581e-01,2.794598360620570432e-01,3.021901106605426879e-01,2.784169158833594837e-01,4.332636396066998352e-01,1.764228882007066734e-01,3.445979694738704469e-01,1.965089724485459821e-01,4.206506806860257908e-01,1.701786154860988332e-01,2.424278910118436436e-01,1.904969444226715380e-01,-2.169206485189859035e-01,2.275090688214557733e-01,2.914961651884117044e-01,2.825544642384667515e-01,3.859686247923092561e-01,3.222633093266778492e-01
3.858749652733252655e-01,3.407972367462522856e-01,5.015398127679802087e-01,2.602647268008242976e-01,3.972384802869227127e-01,2.679997481252909264e-01,5.246104425617567069e-01,-4.132418029037424057e-01,3.269869455439818329e-01,3.540469830896809111e-01,4.654012626956091081e-01,-1.722509563774310415e-02,1.428375367961625952e-01,4.949357194722639464e-01,-1.277930728198471699e-01,4.550737991020592510e-01,4.160691788933802426e-01,5.456346778629526106e-01,4.160128483027214497e-01,6.182442302404743684e-01,5.466544734783611581e-01,1.000000000000000000e+00,6.204234249535365286e-01,5.479664563315800319e-01,6.106938672398934953e-01,4.586545821805970702e-01,2.604147119471667549e-01,2.898384637124641894e-01,3.170157713266013588e-01,3.267603435385754151e-01,1.935520883164948969e-01,2.567900563735183717e-01,4.588592955182895228e-01,-8.972807146571414039e-02,4.356396746905753514e-01,2.236252395135473747e-01,4.758663025146666059e-01,3.130876904404567007e-01,4.533087581024589641e-01
4.258221908248018273e-01,3.555398710475612956e-01,4.961056827429258798e-01,1.086644046902470739e-01,5.592155814669709235e-01,5.632420533043082100e-01,3.662818642667217683e-01,-3.056078724932029256e-01,3.387791085094189469e-01,1.943918408118671115e-01,6.845421943002487630e-01,3.968037955960884156e-01,-1.587405235243050106e-01,7.933313816909821625e-01,2.010862912842804884e-01,3.340269028327538803e-01,6.219037715682224077e-01,4.457717097675901741e-01,9.739549793151634771e-02,2.502558376355940029e-01,2.794598360620570432e-01,6.204234249535365286e-01,1.000000000000000000e+00,5.561917253049506460e-01,8.669960696443458348e-01,5.803019534545502678e-01,4.512746130350066553e-01,5.024014259642500813e-01,6.011601399480966945e-01,1.630207729640834047e-01,4.809108076096144657e-01,5.026569777718140619e-01,7.142489706064272248e-01,3.836070767426581485e-01,7.001859921449675728e-01,4.325665880861177537e-01,6.749813300658543680e-01,-6.355020420828735861e-02,2.231924526211995774e-01
4.179032014658305427e-01,4.140098222049492516e-01,4.553759282356630300e-01,2.903323720300098887e-01,4.158335507139525045e-01,2.071302762475225878e-01,3.744411214107187802e-01,-3.466758711166149642e-01,5.019044789195725720e-01,4.063584681017308187e-01,5.069906937140135073e-01,1.340589730942192970e-01,1.165351703227161667e-01,5.795777370034297382e-01,-1.370170498363773859e-01,4.501387414507000972e-01,4.844752411532239900e-01,4.652691826002048336e-01,3.136809230657759962e-01,4.329841454368965614e-01,3.021901106605426879e-01,5.479664563315800319e-01,5.561917253049506460e-01,1.000000000000000000e+00,4.922023976458556604e-01,4.529818304893481473e-01,2.357013112402574495e-01,2.439107118603578150e-01,3.106030357678239984e-01,4.659226887729069899e-01,2.201350628126490516e-01,3.206123877968453106e-01,3.355415891106362514e-01,1.385887721552147289e-01,4.398043711467514161e-01,3.267706611496959401e-02,4.745195121916812031e-01,3.506265741555384952e-01,5.273009820938410197e-01
4.224405837673771980e-01,3.252129217190312671e-01,4.737295131761490308e-01,8.296379295325474745e-02,5.286063232026054770e-01,5.667704626330163364e-01,3.374136573521608895e-01,-2.702905313868754211e-01,2.724906733627782685e-01,1.954340537796404875e-01,6.976350311294127193e-01,3.784987249858223213e-01,-2.089403963301999234e-01,7.213526916034995740e-01,2.326368757137960985e-01,3.474882520495834459e-01,6.251145513294342759e-01,4.078232876617210456e-01,8.457704943050060875e-02,1.958126878079036182e-01,2.784169158833594837e-01,6.106938672398934953e-01,8.669960696443458348e-01,4.922023976458556604e-01,1.000000000000000000e+00,5.914332216200374193e-01,5.021632314375716888e-01,5.184897425287197104e-01,6.287677276588886643e-01,9.054672041150099715e-02,4.966552300217964566e-01,4.694954411036341146e-01,6.759388327918401940e-01,3.644518114255007046e-01,7.255160519264195473e-01,4.737623314412030551e-01,6.939899634861685929e-01,-8.789371864364935172e-02,1.939120431634871744e-01
6.308800185690903728e-01,5.818790524021570931e-01,5.365761221156384320e-01,-2.389700747596541774e-01,4.996905285111960526e-01,4.934658454646367320e-01,2.930098421206455139e-01,-3.546913841900672937e-01,3.808313445786301044e-01,4.163867101949694782e-01,6.513223866350015268e-01,2.438153893686277052e-01,-4.335366800985617775e-01,4.955841854966933080e-01,1.932237768157155436e-02,5.764451832840254974e-01,4.812662989780073231e-01,5.269200660425701344e-01,1.150928883753997156e-01,1.733604530218421091e-01,4.332636396066998352e-01,4.586545821805970702e-01,5.803019534545502678e-01,4.529818304893481473e-01,5.914332216200374193e-01,1.000000000000000000e+00,7.510564649762636602e-01,8.290907070282044211e-01,6.985719604569622376e-01,2.520862384312465010e-01,7.109038531466266297e-01,7.246166814135236445e-01,5.816331315875995500e-01,3.122441603012529598e-01,7.075547456253366008e-01,6.269003640270106592e-01,7.425148972441755202e-01,2.443297103606444087e-02,2.452497392621687256e-01
4.236187390268627007e-01,4.010282658478981355e-01,3.124002551923253379e-01,-2.580887212664944030e-01,2.950887040028716268e-01,6.236510845993247232e-01,2.331486367892291744e-01,-1.305980231705220485e-01,1.068794136044922821e-01,2.048906581272318950e-01,6.426578082583268570e-01,4.793471950568825024e-01,-5.247617997685494196e-01,4.105494735847605714e-01,3.294342029953786777e-01,3.294946498476148400e-01,4.881083249050295891e-01,2.263987218913744992e-01,-1.553751684428195112e-01,4.290315082048087869e-02,1.764228882007066734e-01,2.604147119471667549e-01,4.512746130350066553e-01,2.357013112402574495e-01,5.021632314375716888e-01,7.510564649762636602e-01,1.000000000000000000e+00,7.685284380611322463e-01,6.619602732064616690e-01,-3.968297291371053470e-02,7.713455497611820810e-01,6.476789998153296146e-01,4.758349236671576832e-01,3.931533815499132500e-01,6.095189872187918301e-01,5.371129528560355526e-01,5.942753165833499773e-01,-2.922146575631335286e-01,3.163645233031930903e-02
5.679922224521438689e-01,5.223612367020918912e-01,4.894063318454834333e-01,-4.338686665512905272e-01,4.743493474078588901e-01,5.674405537876633376e-01,1.399194828606147578e-01,-3.199806619635440774e-01,2.583589316662138202e-01,2.986088215871233742e-01,5.939282891734946057e-01,3.136620576607684341e-01,-6.211939354704385519e-01,4.097077654198449381e-01,1.634828351589725226e-01,5.026881146248719512e-01,4.159720078285204514e-01,3.710284038867013856e-01,-4.704798456941136631e-02,5.062006535071304075e-03,3.445979694738704469e-01,2.898384637124641894e-01,5.024014259642500813e-01,2.439107118603578150e-01,5.184897425287197104e-01,8.290907070282044211e-01,7.685284380611322463e-01,1.000000000000000000e+00,7.183724767142497525e-01,8.170247814020432930e-02,8.109638820711592144e-01,7.606488680993604978e-01,5.554034168353715328e-01,4.176156571313077159e-01,6.747419986363790700e-01,7.109116469178498043e-01,6.789701282348040712e-01,-1.900734123555143096e-01,-2.731553072751828973e-02
4.821638432282409070e-01,4.547888276512643269e-01,4.040490675308686108e-01,-2.268103111600387467e-01,4.192960384690129771e-01,6.928512936280332157e-01,2.147731632843419003e-01,-2.141328227344595214e-01,1.770865588947821145e-01,1.627667498198493712e-01,6.912997307948967052e-01,4.670140461015450106e-01,-5.038972400648862315e-01,5.451808084486742256e-01,3.787447256217648661e-01,3.124075232244060696e-01,6.080079636930111331e-01,2.283106505840963307e-01,-1.586417922379874668e-01,-2.475766112773957264e-02,1.965089724485459821e-01,3.170157713266013588e-01,6.011601399480966945e-01,3.106030357678239984e-01,6.287677276588886643e-01,6.985719604569622376e-01,6.619602732064616690e-01,7.183724767142497525e-01,1.000000000000000000e+00,-4.174203298027271553e-02,7.308095497303875865e-01,7.590552930133017684e-01,5.540934009688054385e-01,4.283232056056761605e-01,7.784250649442983061e-01,6.605873003009204991e-01,8.150567149845241444e-01,-3.557244134965378279e-01,-5.367736641423765526e-02
6.208637449198654013e-01,6.208356526154159560e-01,5.673640698112019098e-01,2.224397080360711598e-01,5.539301814015892278e-01,-2.875881147308549934e-01,1.432164218777640941e-01,-5.700191848319842158e-01,8.326642139435018741e-01,7.921083483195354713e-01,2.128875224784118336e-01,-4.283945603314813222e-01,1.049849402238602902e-01,2.210023222222647632e-01,-7.268151528706083830e-01,6.769825554138154677e-01,1.334370139762884044e-01,6.256352242317919643e-01,5.405124833506637083e-01,3.404703442833573734e-01,4.206506806860257908e-01,3.267603435385754151e-01,1.630207729640834047e-01,4.659226887729069899e-01,9.054672041150099715e-02,2.520862384312465010e-01,-3.968297291371053470e-02,8.170247814020432930e-02,-4.174203298027271553e-02,1.000000000000000000e+00,2.021093080775671763e-02,2.853140389522278997e-01,1.417803847038693055e-01,1.152455348907998195e-01,1.509269416844565559e-01,-3.479384562248007129e-02,2.501409339161240752e-01,7.560445076721599156e-01,7.219874901618199559e-01
5.869417341211137229e-01,5.582901700971312220e-01,5.007346713980952435e-01,-3.795978267870642187e-01,4.855765345547957135e-01,5.838365938740947003e-01,2.342501214071424781e-02,-3.169952770039510814e-01,2.687750739718166582e-01,3.007051841966981720e-01,6.333609331331967462e-01,4.266515603973392579e-01,-7.673185568835494408e-01,4.252537369676225865e-01,2.688076747367633135e-01,4.138019832010996213e-01,4.246070389948485291e-01,1.884831901278572752e-01,-2.506383295906250974e-01,-9.957600090751377031e-02,1.701786154860988332e-01,1.935520883164948969e-01,4.809108076096144657e-01,2.201350628126490516e-01,4.966552300217964566e-01,7.109038531466266297e-01,7.713455497611820810e-01,8.109638820711592144e-01,7.308095497303875865e-01,2.021093080775671763e-02,1.000000000000000000e+00,7.481959159692461725e-01,5.722115802319418520e-01,5.936389713311488459e-01,6.626068172795788191e-01,6.238472826457694964e-01,6.709139839758909707e-01,-2.905769927497949268e-01,-3.247286153915161788e-02
6.985595682167237142e-01,6.569284566135615844e-01,5.843260576600637357e-01,-2.590961898778737504e-01,6.251428391513494942e-01,4.848868364589886681e-01,1.264795232776936007e-01,-3.967507209271511348e-01,4.837312494590065293e-01,4.763929892305791003e-01,6.961991023361941977e-01,3.247119556864969114e-01,-5.317618068980728419e-01,5.034376089399216214e-01,7.458176915018728537e-02,5.228921747426895639e-01,5.206978599216622872e-01,3.927997754152910415e-01,-4.447696611242356324e-02,-2.023508588979826966e-02,2.424278910118436436e-01,2.567900563735183717e-01,5.026569777718140619e-01,3.206123877968453106e-01,4.694954411036341146e-01,7.246166814135236445e-01,6.476789998153296146e-01,7.606488680993604978e-01,7.590552930133017684e-01,2.853140389522278997e-01,7.481959159692461725e-01,1.000000000000000000e+00,5.958686483015060986e-01,5.546607626418144088e-01,7.149927100813844305e-01,5.916448471204763804e-01,7.866210937798109315e-01,-1.227786916399833395e-01,1.411610186848246407e-01
5.145925804072175591e-01,3.582614543973872134e-01,5.342394810698893881e-01,-2.130157879813062705e-01,5.962444335393186634e-01,4.478423287610441283e-01,3.895439594587496446e-02,-3.217244841705348968e-01,3.209517304994846665e-01,2.779175676514032967e-01,5.909242611720666449e-01,3.569892624648305368e-01,-4.137781330105379518e-01,6.111266888654534046e-01,1.254601915098733644e-01,3.009410947371435885e-01,5.045506971189596124e-01,2.981883770949460555e-01,-1.246170126743904316e-01,-7.447897473484584030e-02,1.904969444226715380e-01,4.588592955182895228e-01,7.142489706064272248e-01,3.355415891106362514e-01,6.759388327918401940e-01,5.816331315875995500e-01,4.758349236671576832e-01,5.554034168353715328e-01,5.540934009688054385e-01,1.417803847038693055e-01,5.722115802319418520e-01,5.958686483015060986e-01,1.000000000000000000e+00,5.428310528936735047e-01,6.749692103178779323e-01,4.363108542238232079e-01,6.415114533980084133e-01,-1.477864327254297394e-01,8.655837300217514296e-02
4.645788301897045836e-01,3.604625844128229173e-01,3.966334359792110797e-01,-2.274439127403020122e-01,5.706500434046832826e-01,3.199301859675864335e-01,-2.572796018810921126e-01,-2.176696819678232697e-01,3.946557388357750384e-01,2.686595984496158995e-01,4.757559647439386641e-01,3.904078795501364496e-01,-5.855400976952299663e-01,3.949714476005724562e-01,1.968727800409749429e-01,2.018824566268377918e-01,3.332312597960916944e-01,-1.123747042891974808e-02,-3.825863829449132614e-01,-3.474250159902366186e-01,-2.169206485189859035e-01,-8.972807146571414039e-02,3.836070767426581485e-01,1.385887721552147289e-01,3.644518114255007046e-01,3.122441603012529598e-01,3.931533815499132500e-01,4.176156571313077159e-01,4.283232056056761605e-01,1.152455348907998195e-01,5.936389713311488459e-01,5.546607626418144088e-01,5.428310528936735047e-01,1.000000000000000000e+00,5.107419465692442095e-01,2.845367040116455470e-01,4.661093102352299455e-01,-2.247902013756152284e-01,-2.349184698710882202e-02
5.912949547838004527e-01,5.046431719897231938e-01,5.168572557210785456e-01,-1.289735275851601470e-01,5.916849040587738306e-01,6.174291389393143925e-01,1.550348560419405053e-01,-3.138137926447323034e-01,3.678011624952087777e-01,3.212503609742325406e-01,7.174664621299587930e-01,4.116756541677278891e-01,-4.203609632144407193e-01,5.967904540707617000e-01,2.009779704704000025e-01,4.280683448269357316e-01,5.983123945636755758e-01,3.468171024813553327e-01,-8.335834930806355902e-02,2.288070108808108738e-02,2.275090688214557733e-01,4.356396746905753514e-01,7.001859921449675728e-01,4.398043711467514161e-01,7.255160519264195473e-01,7.075547456253366008e-01,6.095189872187918301e-01,6.747419986363790700e-01,7.784250649442983061e-01,1.509269416844565559e-01,6.626068172795788191e-01,7.149927100813844305e-01,6.749692103178779323e-01,5.107419465692442095e-01,1.000000000000000000e+00,5.937263745314382835e-01,8.773330263031788867e-01,-1.389755600753517784e-01,1.220364578602071148e-01
4.113298255789656355e-01,3.926892249290517833e-01,3.359034395124939065e-01,-3.420782307344840123e-01,3.261987684168520252e-01,5.048062743293889598e-01,1.425217949268052509e-01,-1.779759055984352356e-01,1.126678612559416093e-01,1.382669551623579574e-01,4.356006297813397321e-01,1.820181239441900356e-01,-5.252007014035927623e-01,2.549688999096489384e-01,1.800875578118900366e-01,4.085439864662353537e-01,3.008000703848117685e-01,3.002336696575065300e-01,-3.114226776733427723e-02,-2.513375500331352722e-02,2.914961651884117044e-01,2.236252395135473747e-01,4.325665880861177537e-01,3.267706611496959401e-02,4.737623314412030551e-01,6.269003640270106592e-01,5.371129528560355526e-01,7.109116469178498043e-01,6.605873003009204991e-01,-3.479384562248007129e-02,6.238472826457694964e-01,5.916448471204763804e-01,4.363108542238232079e-01,2.845367040116455470e-01,5.937263745314382835e-01,1.000000000000000000e+00,5.951162968386728425e-01,-2.555394294841057401e-01,-2.236919545894782702e-01
6.813657411867040103e-01,5.968062981394476330e-01,5.864999487891316976e-01,-8.926826824694304718e-02,6.269551597049620728e-01,5.860868062018559366e-01,2.212597128032971483e-01,-3.807701974450679594e-01,4.589167832594564511e-01,4.297711387817579887e-01,7.611739630535935275e-01,3.379624563708426566e-01,-4.013451156457765179e-01,6.092717911387994789e-01,9.912142407141123768e-02,5.171500402077110481e-01,6.377591786216031400e-01,4.471355483637042272e-01,1.955139670173031835e-02,1.020047905259797716e-01,2.825544642384667515e-01,4.758663025146666059e-01,6.749813300658543680e-01,4.745195121916812031e-01,6.939899634861685929e-01,7.425148972441755202e-01,5.942753165833499773e-01,6.789701282348040712e-01,8.150567149845241444e-01,2.501409339161240752e-01,6.709139839758909707e-01,7.866210937798109315e-01,6.415114533980084133e-01,4.661093102352299455e-01,8.773330263031788867e-01,5.951162968386728425e-01,1.000000000000000000e+00,-5.114496578505162844e-02,2.238133119453764308e-01
3.405032729448532747e-01,3.230681939219261500e-01,3.607547398076865197e-01,3.432075404242496686e-01,2.847873148329521653e-01,-5.114433116956911274e-01,1.607846029646803621e-01,-4.345514973999154429e-01,6.028286921962286993e-01,6.236918586975193080e-01,-6.241918844543856842e-02,-6.149266747647503806e-01,3.502710672808050374e-01,-6.819480987698184338e-02,-7.978753355860863650e-01,5.151869434322879915e-01,-8.446432733190852027e-02,5.432699907497222647e-01,6.660367307246177759e-01,4.825216455360335499e-01,3.859686247923092561e-01,3.130876904404567007e-01,-6.355020420828735861e-02,3.506265741555384952e-01,-8.789371864364935172e-02,2.443297103606444087e-02,-2.922146575631335286e-01,-1.900734123555143096e-01,-3.557244134965378279e-01,7.560445076721599156e-01,-2.905769927497949268e-01,-1.227786916399833395e-01,-1.477864327254297394e-01,-2.247902013756152284e-01,-1.389755600753517784e-01,-2.555394294841057401e-01,-5.114496578505162844e-02,1.000000000000000000e+00,7.201551182422251118e-01
4.660902839660409080e-01,4.717215443253832130e-01,4.400689171303920344e-01,4.755547612090904597e-01,4.325620478142820358e-01,-1.985382759393718444e-01,3.687278094999439371e-01,-4.007069908810066972e-01,6.727834029088148871e-01,6.322707978552434271e-01,2.874394861219716213e-01,-2.949315641231052831e-01,2.918859108469663566e-01,3.082199030541024620e-01,-5.746330746161429914e-01,4.901271045864842302e-01,2.180354889524411255e-01,5.852810613338469414e-01,5.653306671195624800e-01,5.221437863297049287e-01,3.222633093266778492e-01,4.533087581024589641e-01,2.231924526211995774e-01,5.273009820938410197e-01,1.939120431634871744e-01,2.452497392621687256e-01,3.163645233031930903e-02,-2.731553072751828973e-02,-5.367736641423765526e-02,7.219874901618199559e-01,-3.247286153915161788e-02,1.411610186848246407e-01,8.655837300217514296e-02,-2.349184698710882202e-02,1.220364578602071148e-01,-2.236919545894782702e-01,2.238133119453764308e-01,7.201551182422251118e-01,1.000000000000000000e+00
