1.000000000000000000e+00,3.058543411772178255e-01,3.129520768363204808e-01,2.040626549569935777e-01,4.348911356599733935e-01,-2.860590541905414508e-01,3.071796311264607948e-01,-3.520393444477484257e-01,5.666691840187840778e-01,4.166815070567344015e-01,8.122195495335270132e-02,3.254448833710493205e-01,-2.709775124244767630e-01,9.192601940804438765e-02,-5.148139677788117208e-01,6.016233507671936431e-01,-6.484797828337762748e-02,6.111527372551209814e-01,3.786841999681128668e-01,3.957488673787550870e-01,4.330136114032980821e-01,1.582478956018384258e-02,3.206998338734380338e-01,-6.577977366975183704e-02,-2.378432281767721979e-01,5.225243905468442973e-01,1.000090419542839504e-01,5.188589775541839755e-01,4.507230622766469352e-01,6.186703135283820876e-01,-1.891123126791305065e-01,-9.848570677669079773e-03,-1.262615526194758309e-01,5.244029973760459817e-02,-2.521043984743429056e-01,4.577174318364937711e-01,-5.883359724521503020e-03,-3.101310170976184222e-01,-1.259407677800817027e-01
3.058543411772178255e-01,1.000000000000000000e+00,5.975601028784316426e-01,6.237013510640702085e-01,4.792315211177386458e-01,-4.853316312335865246e-01,7.727925917178061210e-01,-5.378870383497259544e-01,5.348402010801461826e-01,8.349258851709766560e-01,2.458805844017648568e-01,4.921130692775633753e-01,4.342746961331498956e-01,4.815700436398179241e-01,-2.265690216250744737e-01,9.387627762727736302e-02,2.400217776626666633e-01,4.237353042133578107e-01,7.916319640426383586e-01,5.184478564719927629e-01,4.937272753739711528e-01,6.748209747139494175e-01,-1.204588874583897157e-01,4.709438814737334361e-02,3.184007298058005309e-01,2.410361990788694175e-01,8.137746703373912593e-01,-1.358089214494178146e-02,-2.656287720225894988e-01,3.447319425453384545e-01,3.869391161092225473e-01,5.970123056536581485e-01,1.953703936149582265e-01,1.297067259775557535e-01,2.023400033047491886e-01,5.386156065849597718e-01,2.587181209698301565e-01,-1.676364627232154181e-01,-7.716406307228157457e-01
3.129520768363204808e-01,5.975601028784316426e-01,1.000000000000000000e+00,3.860199861541000477e-01,7.833443044423581414e-01,-2.374976421273249094e-01,5.846010457262138527e-01,-8.666485610087678593e-01,6.739494807376490426e-01,6.305594473650206755e-01,5.204961738270594829e-01,3.732969656114132340e-01,6.498263248256798408e-02,6.015340687097092687e-01,-4.754701075396869370e-01,2.979743207230046154e-01,4.530885621762218429e-01,6.109933325369115709e-01,7.163111935221314619e-01,6.519307113601444659e-01,7.516488788443852487e-01,5.745326910368765416e-01,1.576135164370761066e-01,2.075329709451834981e-01,3.026106023697411329e-01,5.408322543839462204e-01,6.020633332213859434e-01,3.484863491025728677e-01,8.404012042519772019e-02,2.737106986013477239e-01,3.953984303732874794e-01,4.886775652014792026e-01,4.828830426183375879e-01,-1.066589692946236928e-01,1.854627078724321587e-01,6.961455534318240490e-01,5.022139439905055625e-01,-3.873152764691494832e-01,-5.997361752111047828e-01
2.040626549569935777e-01,6.237013510640702085e-01,3.860199861541000477e-01,1.000000000000000000e+00,3.334063961115521502e-01,-3.564358635199263992e-01,6.167582477103265015e-01,-3.193518127008381779e-01,3.522667303628142510e-01,5.719090173302079361e-01,1.719193216278302322e-02,5.049795638833073363e-01,4.817441478816152922e-01,2.500975191380355178e-01,-1.682408168626178535e-01,-5.701312827420124824e-02,3.696698149697531105e-02,3.159605259317307402e-01,5.890907083501027985e-01,4.943940544270267190e-01,3.476464235083258636e-01,5.984912791687713174e-01,-2.187213853821188270e-01,-8.002006216299040187e-02,2.414008378993996451e-01,-1.813421412715336689e-02,5.733901185200914741e-01,-2.406345936966110544e-01,-3.672365322732940585e-01,2.542257856342550748e-01,1.498110083446028418e-01,3.729361509417138953e-01,-7.841537879420265589e-02,7.380887513539537148e-02,1.924808652599528380e-01,2.498855250629701819e-01,6.771461961052682721e-02,-1.787073094412782934e-02,-5.632179688792542382e-01
4.348911356599733935e-01,4.792315211177386458e-01,7.833443044423581414e-01,3.334063961115521502e-01,1.000000000000000000e+00,-2.147033605676508250e-01,4.494296635284231178e-01,-7.605825876509187955e-01,7.252601322150190599e-01,5.424004587584327908e-01,4.573012066757012328e-01,3.459803590891666336e-01,-1.189687793905531560e-01,4.973190630298157666e-01,-5.314047846981224676e-01,4.082851006260612703e-01,2.684823635169681921e-01,6.236901095610727364e-01,6.070110238876252895e-01,5.927782787264507247e-01,6.402438766407541060e-01,3.580521839917697458e-01,2.371634634061401958e-01,8.990795818740965339e-02,1.527726863251866185e-01,5.429093120039802933e-01,4.068719012077670616e-01,4.133084998345976091e-01,2.044371182770467199e-01,3.726712866507062016e-01,1.721414323635747368e-01,2.652870652421768227e-01,3.091932416748368606e-01,-2.277461345271203919e-01,-3.760968284551067554e-03,6.473419106911783016e-01,3.674658646430406517e-01,-3.479073183132300739e-01,-4.673038738174739581e-01
-2.860590541905414508e-01,-4.853316312335865246e-01,-2.374976421273249094e-01,-3.564358635199263992e-01,-2.147033605676508250e-01,1.000000000000000000e+00,-4.548570935223353873e-01,2.138975424811280779e-01,-3.755759260957715617e-01,-4.449255703060384648e-01,2.159999574424021074e-01,-3.929588583631710152e-01,-1.738851261055649744e-01,1.171245902413790146e-01,6.474875750289248166e-02,-2.431555051210174817e-02,8.862513403068690565e-02,-2.226826314147842267e-01,-3.801499800855709932e-01,-2.860459056054758253e-01,-3.079531266689641278e-01,-2.573041670054088126e-01,3.309075134839721266e-01,3.980764539327620866e-01,3.425927833764863539e-01,-1.560888721333717477e-01,-4.011525015476986034e-01,-1.653654175689497213e-02,1.274519518664467832e-01,-2.546467229353913675e-01,5.848562168751414436e-02,-2.276592765623892123e-01,3.195634853365155181e-01,-2.302910455038170434e-01,1.100522571954924422e-01,-2.184553598181138145e-01,8.563518627746773137e-02,3.572575806862993836e-02,3.631709425943716041e-01
3.071796311264607948e-01,7.727925917178061210e-01,5.846010457262138527e-01,6.167582477103265015e-01,4.494296635284231178e-01,-4.548570935223353873e-01,1.000000000000000000e+00,-5.076551661098338553e-01,5.039796415125692430e-01,6.869261679089138095e-01,2.073519996799210452e-01,4.220038861604075153e-01,4.252793584255482040e-01,3.778679093894492524e-01,-2.598016803411352660e-01,2.220037122127948605e-03,2.554313618518036511e-01,4.365255114397687541e-01,7.697654787786168962e-01,6.419847552919862865e-01,5.699083969249797432e-01,7.292489846493980243e-01,-2.006160966747455310e-01,-6.238293952739936560e-02,2.690761296151789050e-01,1.627320324297938381e-01,7.193979516502113647e-01,1.222887716146128095e-02,-3.069563781351105081e-01,2.428865371636970416e-01,2.888229415619770757e-01,5.321848223941488820e-01,1.358860804522310506e-01,2.380752637569992780e-01,2.414969418681054691e-01,3.950235027817945443e-01,2.454786756968074801e-01,-1.150528593321508281e-01,-6.409806800934134685e-01
-3.520393444477484257e-01,-5.378870383497259544e-01,-8.666485610087678593e-01,-3.193518127008381779e-01,-7.605825876509187955e-01,2.138975424811280779e-01,-5.076551661098338553e-01,1.000000000000000000e+00,-6.662912560924527661e-01,-6.034295318701956568e-01,-4.929946781269887723e-01,-3.788025164515578247e-01,3.645977546819123560e-02,-5.656916502372503208e-01,4.979974929080027146e-01,-3.745663970669730336e-01,-4.423241752284803874e-01,-6.319112079520532443e-01,-6.669263424139394436e-01,-6.040492544220412707e-01,-7.530402571762591091e-01,-4.653582270345138494e-01,-2.081509053403581000e-01,-1.961177423573172984e-01,-2.239731298731477693e-01,-6.202394137679101416e-01,-5.292543657486744602e-01,-4.207996706261210584e-01,-1.926942419406456886e-01,-3.057282085463407517e-01,-3.488871038632295751e-01,-4.430289837731169467e-01,-4.551729274840645156e-01,1.258392970518457388e-01,-1.243525215464029721e-01,-7.161494571769451145e-01,-4.988325048686145791e-01,4.188011525016044900e-01,5.383371338985299959e-01
5.666691840187840778e-01,5.348402010801461826e-01,6.739494807376490426e-01,3.522667303628142510e-01,7.252601322150190599e-01,-3.755759260957715617e-01,5.039796415125692430e-01,-6.662912560924527661e-01,1.000000000000000000e+00,6.547791033400602867e-01,3.664572480022200707e-01,4.301448185873192886e-01,-2.051119244358633464e-01,4.154870933758591511e-01,-6.274471856589743934e-01,6.001466100612885546e-01,9.022357400181892084e-02,7.688368281135355975e-01,6.336271044707112443e-01,5.296871929692410497e-01,6.379350883621497381e-01,2.756356405249996699e-01,3.583895793575302413e-01,1.118434933191796571e-01,4.352320504667805262e-02,6.853830547935200190e-01,4.033016741312532294e-01,5.447524316972508496e-01,3.293753311617156898e-01,6.167349677369435845e-01,1.099327190636682355e-01,1.843154554428334535e-01,1.530392543188764665e-01,-1.168109769047398910e-01,-1.204616434149902021e-01,7.345272747106997846e-01,2.366163908340432054e-01,-5.100305878501473211e-01,-4.719048532938439067e-01
4.166815070567344015e-01,8.349258851709766560e-01,6.305594473650206755e-01,5.719090173302079361e-01,5.424004587584327908e-01,-4.449255703060384648e-01,6.869261679089138095e-01,-6.034295318701956568e-01,6.547791033400602867e-01,1.000000000000000000e+00,2.639275011064768917e-01,5.378849266349562397e-01,2.547478315939810667e-01,4.806815662880677964e-01,-3.454365994739522217e-01,3.217077016981654269e-01,1.957327636150512917e-01,5.670824018098289399e-01,7.579069208354000109e-01,5.116883732094648085e-01,5.339201060508849128e-01,5.692604128557170462e-01,7.693888181063003595e-02,1.564680073320039999e-01,2.566998110685068668e-01,4.213476895530834376e-01,7.205386734358905088e-01,1.601912609637414220e-01,-4.915666551173047266e-02,5.115236207474518348e-01,4.047203932644219959e-01,4.966574352426544881e-01,2.152490358525036840e-01,2.873608066720478686e-03,6.759697208159168302e-02,6.764272057254036019e-01,2.215584827270731527e-01,-3.097734352163467597e-01,-7.082115976308194227e-01
8.122195495335270132e-02,2.458805844017648568e-01,5.204961738270594829e-01,1.719193216278302322e-02,4.573012066757012328e-01,2.159999574424021074e-01,2.073519996799210452e-01,-4.929946781269887723e-01,3.664572480022200707e-01,2.639275011064768917e-01,1.000000000000000000e+00,1.162755185787753796e-02,-8.603807351032942419e-02,6.467931664530461866e-01,-3.658077725631839749e-01,2.578663292283629449e-01,3.977265420572502208e-01,3.317225952569956560e-01,3.815870734352624360e-01,2.663936681614669788e-01,2.803271080067188392e-01,2.454277154849788256e-01,4.045214922127480239e-01,4.149766528492768169e-01,4.904959245285196445e-01,3.701931523136651192e-01,3.263321184548768072e-01,3.072899237609144629e-01,1.582946254316366930e-01,1.202446875591298703e-01,3.592165248576500436e-01,3.539659839307490730e-01,5.888723697675236624e-01,-1.511629562159604867e-01,2.017693888003218583e-01,4.271700185862825627e-01,5.712487255709601808e-01,-3.989160368909265841e-01,-3.813046894687552313e-01
3.254448833710493205e-01,4.921130692775633753e-01,3.732969656114132340e-01,5.049795638833073363e-01,3.459803590891666336e-01,-3.929588583631710152e-01,4.220038861604075153e-01,-3.788025164515578247e-01,4.301448185873192886e-01,5.378849266349562397e-01,1.162755185787753796e-02,1.000000000000000000e+00,2.395138303182711981e-01,2.129852542335772536e-01,-2.414341849917076288e-01,1.584222131809325251e-01,1.233100724508714163e-01,3.915981631550705666e-01,4.105540860956981564e-01,3.893600449123146290e-01,4.013957772125141821e-01,4.085308478705533264e-01,-8.302172661404935705e-02,-4.433735811193072890e-02,2.188395728780564292e-02,2.270245483051268887e-01,4.245577874713577504e-01,5.011419083837273525e-02,-5.222390248573392096e-02,3.386496237992712710e-01,1.280265498517334510e-01,2.903428617705953174e-01,-5.883950468480711460e-02,4.018978580385060284e-02,8.594689980548991803e-03,3.954740018059207940e-01,6.728677618613167211e-02,-1.433261113811476195e-01,-3.821075626614898746e-01
-2.709775124244767630e-01,4.342746961331498956e-01,6.498263248256798408e-02,4.817441478816152922e-01,-1.189687793905531560e-01,-1.738851261055649744e-01,4.252793584255482040e-01,3.645977546819123560e-02,-2.051119244358633464e-01,2.547478315939810667e-01,-8.603807351032942419e-02,2.395138303182711981e-01,1.000000000000000000e+00,1.676129211325677881e-01,4.146193075533905481e-01,-6.311161428099719695e-01,3.023858816373643510e-01,-3.151275836872638458e-01,2.577902416881400760e-01,8.276617417748925731e-02,-3.844244272761231096e-02,5.914961088089396579e-01,-6.132027033317311027e-01,-1.023990305632759279e-01,3.731492017440287134e-01,-4.987443475220897926e-01,5.770686664703907898e-01,-6.928030542015763960e-01,-7.320005954497281753e-01,-3.712245100830056099e-01,4.411975773991813621e-01,5.719982841662227813e-01,1.275613923579819453e-01,1.428636669539003479e-01,4.663707795764958086e-01,-1.391742014892504986e-01,4.166625381618884599e-02,3.637518299483419315e-01,-4.024034340829605871e-01
9.192601940804438765e-02,4.815700436398179241e-01,6.015340687097092687e-01,2.500975191380355178e-01,4.973190630298157666e-01,1.171245902413790146e-01,3.778679093894492524e-01,-5.656916502372503208e-01,4.154870933758591511e-01,4.806815662880677964e-01,6.467931664530461866e-01,2.129852542335772536e-01,1.676129211325677881e-01,1.000000000000000000e+00,-3.308428309283148461e-01,1.875123670803608700e-01,4.663316946878502400e-01,3.775338903930129386e-01,5.347685923011831211e-01,3.176841402149374050e-01,4.178287040175858169e-01,4.489047585978921950e-01,3.017251992507349323e-01,5.581252353990304726e-01,6.647141667685149136e-01,3.651938804733970145e-01,5.561897237945003791e-01,1.848384788488682817e-01,2.778289090878237853e-03,1.164718230820826622e-01,5.041525382113434262e-01,5.028554732262793259e-01,6.067298801145025733e-01,-2.103967417255701577e-01,3.572896729987191100e-01,5.965489359557639704e-01,5.318935659843649910e-01,-3.715198777919562767e-01,-5.828861718166884476e-01
-5.148139677788117208e-01,-2.265690216250744737e-01,-4.754701075396869370e-01,-1.682408168626178535e-01,-5.314047846981224676e-01,6.474875750289248166e-02,-2.598016803411352660e-01,4.979974929080027146e-01,-6.274471856589743934e-01,-3.454365994739522217e-01,-3.658077725631839749e-01,-2.414341849917076288e-01,4.146193075533905481e-01,-3.308428309283148461e-01,1.000000000000000000e+00,-6.507394727457571637e-01,-7.943121705905632768e-02,-7.803007644545534305e-01,-4.106122369735539790e-01,-4.822717896859862741e-01,-5.522494340466902463e-01,-1.362409118384535489e-01,-5.225653239556812268e-01,-2.503078942472232171e-01,8.985941689171795697e-04,-6.618354521856917305e-01,-7.644038803375034774e-02,-6.830163624388442267e-01,-4.952525590247740528e-01,-6.074277889558256094e-01,4.488845967949956633e-02,9.431582257951925952e-02,-8.771747931082034266e-02,6.583844878131711598e-03,1.210821387194148807e-01,-5.476763465328927660e-01,-2.776986880240553401e-01,6.481007815001627037e-01,1.969125194128046596e-01
6.016233507671936431e-01,9.387627762727736302e-02,2.979743207230046154e-01,-5.701312827420124824e-02,4.082851006260612703e-01,-2.431555051210174817e-02,2.220037122127948605e-03,-3.745663970669730336e-01,6.001466100612885546e-01,3.217077016981654269e-01,2.578663292283629449e-01,1.584222131809325251e-01,-6.311161428099719695e-01,1.875123670803608700e-01,-6.507394727457571637e-01,1.000000000000000000e+00,-1.219519095015592081e-01,6.907737032106809894e-01,1.965415136208656655e-01,2.084895886882429661e-01,3.404865514617455013e-01,-2.045602574659625694e-01,7.348981658251108051e-01,2.836541935334929709e-01,-1.723840391638799818e-01,7.588894501161506101e-01,-1.158150909933717970e-01,7.628469322094247884e-01,7.299373019200556811e-01,7.409982310441634024e-01,-1.161274547137173402e-01,-2.571082727590657813e-01,6.147382813883899705e-02,-1.513357564773536168e-01,-3.753486855479788997e-01,6.034292115613157925e-01,8.149260704352172258e-02,-5.981813992077750219e-01,-2.178940469610396446e-02
-6.484797828337762748e-02,2.400217776626666633e-01,4.530885621762218429e-01,3.696698149697531105e-02,2.684823635169681921e-01,8.862513403068690565e-02,2.554313618518036511e-01,-4.423241752284803874e-01,9.022357400181892084e-02,1.957327636150512917e-01,3.977265420572502208e-01,1.233100724508714163e-01,3.023858816373643510e-01,4.663316946878502400e-01,-7.943121705905632768e-02,-1.219519095015592081e-01,1.000000000000000000e+00,1.098340875983472714e-01,2.637859670201446738e-01,2.621353604277349425e-01,3.556495991724624162e-01,4.097756300387739858e-01,-4.711860154025304670e-02,2.454167315041693442e-01,3.134051191966171213e-01,1.984003071561688258e-01,4.402083903271543086e-01,2.936383469505945976e-02,-3.800888777415145376e-03,-2.352527491263431414e-01,5.243522442683530294e-01,5.611190044615339545e-01,5.317439623252440128e-01,-1.384326052891923786e-01,5.264145793701717757e-01,2.906843923408886088e-01,5.447917062785451181e-01,-2.112928010270012369e-01,-2.896886730954027489e-01
6.111527372551209814e-01,4.237353042133578107e-01,6.109933325369115709e-01,3.159605259317307402e-01,6.236901095610727364e-01,-2.226826314147842267e-01,4.365255114397687541e-01,-6.319112079520532443e-01,7.688368281135355975e-01,5.670824018098289399e-01,3.317225952569956560e-01,3.915981631550705666e-01,-3.151275836872638458e-01,3.775338903930129386e-01,-7.803007644545534305e-01,6.907737032106809894e-01,1.098340875983472714e-01,1.000000000000000000e+00,5.712876315331970600e-01,5.900514069827010877e-01,6.809959942123638976e-01,2.679622822592940268e-01,4.767447032572495469e-01,2.212565345422599083e-01,1.652882399559306437e-02,7.257923011115088308e-01,2.545338875484951524e-01,6.651922878565896813e-01,4.400575737615030625e-01,6.962344014120841473e-01,4.539356484972165845e-02,3.626114798263718741e-02,1.050486534176197084e-01,-3.371020535236611548e-02,-1.113772780706278748e-01,6.829482553747577844e-01,2.730462725281009861e-01,-6.415080447454724055e-01,-3.415986075728105753e-01
3.786841999681128668e-01,7.916319640426383586e-01,7.163111935221314619e-01,5.890907083501027985e-01,6.070110238876252895e-01,-3.801499800855709932e-01,7.697654787786168962e-01,-6.669263424139394436e-01,6.336271044707112443e-01,7.579069208354000109e-01,3.815870734352624360e-01,4.105540860956981564e-01,2.577902416881400760e-01,5.347685923011831211e-01,-4.106122369735539790e-01,1.965415136208656655e-01,2.637859670201446738e-01,5.712876315331970600e-01,1.000000000000000000e+00,6.444211446466066029e-01,6.383207217612046902e-01,6.543925848070232254e-01,-5.331996782024726531e-03,9.000813682248236247e-02,3.342868279466715831e-01,3.634921709855772898e-01,7.220459200778860387e-01,1.828558105730841432e-01,-1.462042034101525279e-01,3.643800710070440041e-01,3.409867490001943224e-01,5.215945450336084699e-01,2.349615899049103951e-01,1.385030346614307961e-01,1.849157897681658058e-01,5.701440289054436894e-01,3.693310105076669236e-01,-2.759527127679053393e-01,-7.489376722969858236e-01
3.957488673787550870e-01,5.184478564719927629e-01,6.519307113601444659e-01,4.943940544270267190e-01,5.927782787264507247e-01,-2.860459056054758253e-01,6.419847552919862865e-01,-6.040492544220412707e-01,5.296871929692410497e-01,5.116883732094648085e-01,2.663936681614669788e-01,3.893600449123146290e-01,8.276617417748925731e-02,3.176841402149374050e-01,-4.822717896859862741e-01,2.084895886882429661e-01,2.621353604277349425e-01,5.900514069827010877e-01,6.444211446466066029e-01,1.000000000000000000e+00,7.024254088524901629e-01,5.949319205840261082e-01,3.234224990793032467e-02,-5.738322781976315859e-03,1.432657293881678118e-01,3.488281250648684884e-01,4.491100899867229712e-01,3.005539303447176680e-01,6.624585382886417559e-03,3.271645103696743107e-01,1.224383222626248685e-01,2.948499996725478800e-01,6.938925757466153643e-02,1.309468185601871393e-01,1.042576268379620391e-01,3.991272212432049327e-01,2.792637750129978724e-01,-2.613984413407051122e-01,-4.386645993341721228e-01
4.330136114032980821e-01,4.937272753739711528e-01,7.516488788443852487e-01,3.476464235083258636e-01,6.402438766407541060e-01,-3.079531266689641278e-01,5.699083969249797432e-01,-7.530402571762591091e-01,6.379350883621497381e-01,5.339201060508849128e-01,2.803271080067188392e-01,4.013957772125141821e-01,-3.844244272761231096e-02,4.178287040175858169e-01,-5.522494340466902463e-01,3.404865514617455013e-01,3.556495991724624162e-01,6.809959942123638976e-01,6.383207217612046902e-01,7.024254088524901629e-01,1.000000000000000000e+00,5.069073043952846414e-01,1.285846126205701379e-01,9.995405603816369389e-02,1.009587337510424593e-01,5.998208878156016111e-01,4.494758923703427445e-01,4.798668479733777525e-01,1.877562276397254371e-01,3.164627611886405290e-01,2.025773703061925501e-01,3.206984716658059509e-01,2.553748931198118188e-01,3.748551384376070522e-02,1.396649491875661120e-01,6.091911040976943914e-01,3.946002182943606496e-01,-4.027901015491023307e-01,-4.464921272043819167e-01
1.582478956018384258e-02,6.748209747139494175e-01,5.745326910368765416e-01,5.984912791687713174e-01,3.580521839917697458e-01,-2.573041670054088126e-01,7.292489846493980243e-01,-4.653582270345138494e-01,2.756356405249996699e-01,5.692604128557170462e-01,2.454277154849788256e-01,4.085308478705533264e-01,5.914961088089396579e-01,4.489047585978921950e-01,-1.362409118384535489e-01,-2.045602574659625694e-01,4.097756300387739858e-01,2.679622822592940268e-01,6.543925848070232254e-01,5.949319205840261082e-01,5.069073043952846414e-01,1.000000000000000000e+00,-2.793361042777176562e-01,1.052113191061567893e-01,4.383761030232079525e-01,-1.905324332563047493e-02,7.208851329387737650e-01,-1.791516562714058902e-01,-4.595049720833034312e-01,2.540877291507766950e-02,4.846382786191970049e-01,5.746785533364985321e-01,3.042188834838055467e-01,1.799356117717325343e-01,4.108200438498418317e-01,2.822785952738426363e-01,3.404346789715645416e-01,-4.509553903353104992e-02,-6.453220473977526739e-01
3.206998338734380338e-01,-1.204588874583897157e-01,1.576135164370761066e-01,-2.187213853821188270e-01,2.371634634061401958e-01,3.309075134839721266e-01,-2.006160966747455310e-01,-2.081509053403581000e-01,3.583895793575302413e-01,7.693888181063003595e-02,4.045214922127480239e-01,-8.302172661404935705e-02,-6.132027033317311027e-01,3.017251992507349323e-01,-5.225653239556812268e-01,7.348981658251108051e-01,-4.711860154025304670e-02,4.767447032572495469e-01,-5.331996782024726531e-03,3.234224990793032467e-02,1.285846126205701379e-01,-2.793361042777176562e-01,1.000000000000000000e+00,5.797793928709978895e-01,1.413836163911479926e-01,6.042744302279808855e-01,-2.129504201918853146e-01,6.438223451824786059e-01,6.981240705686324599e-01,4.935283895378810848e-01,-6.186053688807043038e-02,-2.294117342247452840e-01,2.305972892021827259e-01,-2.579991844910021759e-01,-1.681239687954048656e-01,4.566984908125285569e-01,1.718960145804874495e-01,-5.953356811648478075e-01,6.957426099157933141e-02
-6.577977366975183704e-02,4.709438814737334361e-02,2.075329709451834981e-01,-8.002006216299040187e-02,8.990795818740965339e-02,3.980764539327620866e-01,-6.238293952739936560e-02,-1.961177423573172984e-01,1.118434933191796571e-01,1.564680073320039999e-01,4.149766528492768169e-01,-4.433735811193072890e-02,-1.023990305632759279e-01,5.581252353990304726e-01,-2.503078942472232171e-01,2.836541935334929709e-01,2.454167315041693442e-01,2.212565345422599083e-01,9.000813682248236247e-02,-5.738322781976315859e-03,9.995405603816369389e-02,1.052113191061567893e-01,5.797793928709978895e-01,1.000000000000000000e+00,5.739136827235237215e-01,2.917231610967750410e-01,1.066394673722029507e-01,2.399050295634836405e-01,2.400869444644510298e-01,1.302015002229917062e-01,3.730561164969276589e-01,1.511730444229680004e-01,4.884682437536083666e-01,-2.159918511852716716e-01,2.649789473327505140e-01,3.753455080597243310e-01,3.424791085614359853e-01,-4.396580534147175867e-01,-1.665632523944673427e-01
-2.378432281767721979e-01,3.184007298058005309e-01,3.026106023697411329e-01,2.414008378993996451e-01,1.527726863251866185e-01,3.425927833764863539e-01,2.690761296151789050e-01,-2.239731298731477693e-01,4.352320504667805262e-02,2.566998110685068668e-01,4.904959245285196445e-01,2.188395728780564292e-02,3.731492017440287134e-01,6.647141667685149136e-01,8.985941689171795697e-04,-1.723840391638799818e-01,3.134051191966171213e-01,1.652882399559306437e-02,3.342868279466715831e-01,1.432657293881678118e-01,1.009587337510424593e-01,4.383761030232079525e-01,1.413836163911479926e-01,5.739136827235237215e-01,1.000000000000000000e+00,-7.395795315750668120e-02,4.516681986829624296e-01,-1.855913222150105679e-01,-3.137111478599775571e-01,-1.606290230914066697e-01,5.060997286000398221e-01,4.887624962180444621e-01,5.574649333794159389e-01,-1.321114313265997209e-01,4.482018258798415311e-01,1.904035073884741414e-01,3.577898920588963305e-01,-8.608633734999032727e-02,-4.400427328607419697e-01
5.225243905468442973e-01,2.410361990788694175e-01,5.408322543839462204e-01,-1.813421412715336689e-02,5.429093120039802933e-01,-1.560888721333717477e-01,1.627320324297938381e-01,-6.202394137679101416e-01,6.853830547935200190e-01,4.213476895530834376e-01,3.701931523136651192e-01,2.270245483051268887e-01,-4.987443475220897926e-01,3.651938804733970145e-01,-6.618354521856917305e-01,7.588894501161506101e-01,1.984003071561688258e-01,7.257923011115088308e-01,3.634921709855772898e-01,3.488281250648684884e-01,5.998208878156016111e-01,-1.905324332563047493e-02,6.042744302279808855e-01,2.917231610967750410e-01,-7.395795315750668120e-02,1.000000000000000000e+00,1.430397431713290868e-01,7.744910186301483535e-01,6.858633898864374689e-01,5.702873797557167501e-01,7.059830287131840798e-02,4.454855100168082782e-02,2.230919782695492681e-01,-1.763260566171012400e-01,-1.239498687148263972e-01,7.423734656873397508e-01,3.266186484108090649e-01,-6.798505072350401468e-01,-2.224051735856419632e-01
1.000090419542839504e-01,8.137746703373912593e-01,6.020633332213859434e-01,5.733901185200914741e-01,4.068719012077670616e-01,-4.011525015476986034e-01,7.193979516502113647e-01,-5.292543657486744602e-01,4.033016741312532294e-01,7.205386734358905088e-01,3.263321184548768072e-01,4.245577874713577504e-01,5.770686664703907898e-01,5.561897237945003791e-01,-7.644038803375034774e-02,-1.158150909933717970e-01,4.402083903271543086e-01,2.545338875484951524e-01,7.220459200778860387e-01,4.491100899867229712e-01,4.494758923703427445e-01,7.208851329387737650e-01,-2.129504201918853146e-01,1.066394673722029507e-01,4.516681986829624296e-01,1.430397431713290868e-01,1.000000000000000000e+00,-1.605044042639942325e-01,-3.614081273465178379e-01,7.400259986737729723e-02,5.449160980221744444e-01,7.631987886802102938e-01,3.326598298720005453e-01,6.204077274604097997e-02,3.923792149352811620e-01,4.643204168501930407e-01,3.563204737383922627e-01,-1.212938795293872357e-01,-7.931241177156683753e-01
5.188589775541839755e-01,-1.358089214494178146e-02,3.484863491025728677e-01,-2.406345936966110544e-01,4.133084998345976091e-01,-1.653654175689497213e-02,1.222887716146128095e-02,-4.207996706261210584e-01,5.447524316972508496e-01,1.601912609637414220e-01,3.072899237609144629e-01,5.011419083837273525e-02,-6.928030542015763960e-01,1.848384788488682817e-01,-6.830163624388442267e-01,7.628469322094247884e-01,2.936383469505945976e-02,6.651922878565896813e-01,1.828558105730841432e-01,3.005539303447176680e-01,4.798668479733777525e-01,-1.791516562714058902e-01,6.438223451824786059e-01,2.399050295634836405e-01,-1.855913222150105679e-01,7.744910186301483535e-01,-1.605044042639942325e-01,1.000000000000000000e+00,7.315483118025902787e-01,5.485599861061182247e-01,-1.162317773961076967e-01,-2.386516626693179211e-01,1.095908318125819042e-01,-5.836701168139338258e-02,-2.770685882536310096e-01,5.173458778372085343e-01,2.131080852266393766e-01,-5.998338833549496929e-01,4.443196102383867307e-02
4.507230622766469352e-01,-2.656287720225894988e-01,8.404012042519772019e-02,-3.672365322732940585e-01,2.044371182770467199e-01,1.274519518664467832e-01,-3.069563781351105081e-01,-1.926942419406456886e-01,3.293753311617156898e-01,-4.915666551173047266e-02,1.582946254316366930e-01,-5.222390248573392096e-02,-7.320005954497281753e-01,2.778289090878237853e-03,-4.952525590247740528e-01,7.299373019200556811e-01,-3.800888777415145376e-03,4.400575737615030625e-01,-1.462042034101525279e-01,6.624585382886417559e-03,1.877562276397254371e-01,-4.595049720833034312e-01,6.981240705686324599e-01,2.400869444644510298e-01,-3.137111478599775571e-01,6.858633898864374689e-01,-3.614081273465178379e-01,7.315483118025902787e-01,1.000000000000000000e+00,4.521437600221722142e-01,-2.404950993325313258e-01,-3.077152021433423590e-01,3.360875775577127494e-02,-2.253811591648748613e-01,-2.597627574237876269e-01,3.896801323868782641e-01,9.631005969478162454e-02,-5.426599870822160776e-01,2.682242074473419891e-01
6.186703135283820876e-01,3.447319425453384545e-01,2.737106986013477239e-01,2.542257856342550748e-01,3.726712866507062016e-01,-2.546467229353913675e-01,2.428865371636970416e-01,-3.057282085463407517e-01,6.167349677369435845e-01,5.115236207474518348e-01,1.202446875591298703e-01,3.386496237992712710e-01,-3.712245100830056099e-01,1.164718230820826622e-01,-6.074277889558256094e-01,7.409982310441634024e-01,-2.352527491263431414e-01,6.962344014120841473e-01,3.643800710070440041e-01,3.271645103696743107e-01,3.164627611886405290e-01,2.540877291507766950e-02,4.935283895378810848e-01,1.302015002229917062e-01,-1.606290230914066697e-01,5.702873797557167501e-01,7.400259986737729723e-02,5.485599861061182247e-01,4.521437600221722142e-01,1.000000000000000000e+00,-1.438580695627506567e-01,-1.746470026788860541e-01,-1.247678655422967825e-01,3.324692347120780656e-02,-3.621752794511884921e-01,5.191879273736391687e-01,-4.955534089506746787e-02,-4.822512577459289185e-01,-1.950186462495931694e-01
-1.891123126791305065e-01,3.869391161092225473e-01,3.953984303732874794e-01,1.498110083446028418e-01,1.721414323635747368e-01,5.848562168751414436e-02,2.888229415619770757e-01,-3.488871038632295751e-01,1.099327190636682355e-01,4.047203932644219959e-01,3.592165248576500436e-01,1.280265498517334510e-01,4.411975773991813621e-01,5.041525382113434262e-01,4.488845967949956633e-02,-1.161274547137173402e-01,5.243522442683530294e-01,4.539356484972165845e-02,3.409867490001943224e-01,1.224383222626248685e-01,2.025773703061925501e-01,4.846382786191970049e-01,-6.186053688807043038e-02,3.730561164969276589e-01,5.060997286000398221e-01,7.059830287131840798e-02,5.449160980221744444e-01,-1.162317773961076967e-01,-2.404950993325313258e-01,-1.438580695627506567e-01,1.000000000000000000e+00,5.173018406710095940e-01,6.002360281071518200e-01,-1.718303757236792351e-01,3.097936649020257560e-01,3.194765152029438449e-01,3.154249629254729514e-01,-1.305547941436352166e-01,-4.594953156515098058e-01
-9.848570677669079773e-03,5.970123056536581485e-01,4.886775652014792026e-01,3.729361509417138953e-01,2.652870652421768227e-01,-2.276592765623892123e-01,5.321848223941488820e-01,-4.430289837731169467e-01,1.843154554428334535e-01,4.966574352426544881e-01,3.539659839307490730e-01,2.903428617705953174e-01,5.719982841662227813e-01,5.028554732262793259e-01,9.431582257951925952e-02,-2.571082727590657813e-01,5.611190044615339545e-01,3.626114798263718741e-02,5.215945450336084699e-01,2.948499996725478800e-01,3.206984716658059509e-01,5.746785533364985321e-01,-2.294117342247452840e-01,1.511730444229680004e-01,4.887624962180444621e-01,4.454855100168082782e-02,7.631987886802102938e-01,-2.386516626693179211e-01,-3.077152021433423590e-01,-1.746470026788860541e-01,5.173018406710095940e-01,1.000000000000000000e+00,4.309784673724066373e-01,6.602965906045199507e-03,5.294199527589625864e-01,3.261903235140241608e-01,4.463748326751061368e-01,-5.160118678180657809e-02,-6.153458731698209228e-01
-1.262615526194758309e-01,1.953703936149582265e-01,4.828830426183375879e-01,-7.841537879420265589e-02,3.091932416748368606e-01,3.195634853365155181e-01,1.358860804522310506e-01,-4.551729274840645156e-01,1.530392543188764665e-01,2.152490358525036840e-01,5.888723697675236624e-01,-5.883950468480711460e-02,1.275613923579819453e-01,6.067298801145025733e-01,-8.771747931082034266e-02,6.147382813883899705e-02,5.317439623252440128e-01,1.050486534176197084e-01,2.349615899049103951e-01,6.938925757466153643e-02,2.553748931198118188e-01,3.042188834838055467e-01,2.305972892021827259e-01,4.884682437536083666e-01,5.574649333794159389e-01,2.230919782695492681e-01,3.326598298720005453e-01,1.095908318125819042e-01,3.360875775577127494e-02,-1.247678655422967825e-01,6.002360281071518200e-01,4.309784673724066373e-01,1.000000000000000000e+00,-2.425787028837548542e-01,3.481769598800313892e-01,4.047153091448019713e-01,4.991180248469992975e-01,-2.191856481151136238e-01,-2.912145703339250602e-01
5.244029973760459817e-02,1.297067259775557535e-01,-1.066589692946236928e-01,7.380887513539537148e-02,-2.277461345271203919e-01,-2.302910455038170434e-01,2.380752637569992780e-01,1.258392970518457388e-01,-1.168109769047398910e-01,2.873608066720478686e-03,-1.511629562159604867e-01,4.018978580385060284e-02,1.428636669539003479e-01,-2.103967417255701577e-01,6.583844878131711598e-03,-1.513357564773536168e-01,-1.384326052891923786e-01,-3.371020535236611548e-02,1.385030346614307961e-01,1.309468185601871393e-01,3.748551384376070522e-02,1.799356117717325343e-01,-2.579991844910021759e-01,-2.159918511852716716e-01,-1.321114313265997209e-01,-1.763260566171012400e-01,6.204077274604097997e-02,-5.836701168139338258e-02,-2.253811591648748613e-01,3.324692347120780656e-02,-1.718303757236792351e-01,6.602965906045199507e-03,-2.425787028837548542e-01,1.000000000000000000e+00,-9.225666763580291432e-03,-1.922665099485070250e-01,-9.711772876658747444e-02,1.740448863876879471e-01,-1.630862432252598235e-02
-2.521043984743429056e-01,2.023400033047491886e-01,1.854627078724321587e-01,1.924808652599528380e-01,-3.760968284551067554e-03,1.100522571954924422e-01,2.414969418681054691e-01,-1.243525215464029721e-01,-1.204616434149902021e-01,6.759697208159168302e-02,2.017693888003218583e-01,8.594689980548991803e-03,4.663707795764958086e-01,3.572896729987191100e-01,1.210821387194148807e-01,-3.753486855479788997e-01,5.264145793701717757e-01,-1.113772780706278748e-01,1.849157897681658058e-01,1.042576268379620391e-01,1.396649491875661120e-01,4.108200438498418317e-01,-1.681239687954048656e-01,2.649789473327505140e-01,4.482018258798415311e-01,-1.239498687148263972e-01,3.923792149352811620e-01,-2.770685882536310096e-01,-2.597627574237876269e-01,-3.621752794511884921e-01,3.097936649020257560e-01,5.294199527589625864e-01,3.481769598800313892e-01,-9.225666763580291432e-03,1.000000000000000000e+00,3.263963432402783305e-02,5.919090152334618438e-01,-1.773052958391617417e-02,-3.055846380986109723e-01
4.577174318364937711e-01,5.386156065849597718e-01,6.961455534318240490e-01,2.498855250629701819e-01,6.473419106911783016e-01,-2.184553598181138145e-01,3.950235027817945443e-01,-7.161494571769451145e-01,7.345272747106997846e-01,6.764272057254036019e-01,4.271700185862825627e-01,3.954740018059207940e-01,-1.391742014892504986e-01,5.965489359557639704e-01,-5.476763465328927660e-01,6.034292115613157925e-01,2.906843923408886088e-01,6.829482553747577844e-01,5.701440289054436894e-01,3.991272212432049327e-01,6.091911040976943914e-01,2.822785952738426363e-01,4.566984908125285569e-01,3.753455080597243310e-01,1.904035073884741414e-01,7.423734656873397508e-01,4.643204168501930407e-01,5.173458778372085343e-01,3.896801323868782641e-01,5.191879273736391687e-01,3.194765152029438449e-01,3.261903235140241608e-01,4.047153091448019713e-01,-1.922665099485070250e-01,3.263963432402783305e-02,1.000000000000000000e+00,3.330118397878262804e-01,-5.535448462396154179e-01,-4.886050058307528365e-01
-5.883359724521503020e-03,2.587181209698301565e-01,5.022139439905055625e-01,6.771461961052682721e-02,3.674658646430406517e-01,8.563518627746773137e-02,2.454786756968074801e-01,-4.988325048686145791e-01,2.366163908340432054e-01,2.215584827270731527e-01,5.712487255709601808e-01,6.728677618613167211e-02,4.166625381618884599e-02,5.318935659843649910e-01,-2.776986880240553401e-01,8.149260704352172258e-02,5.447917062785451181e-01,2.730462725281009861e-01,3.693310105076669236e-01,2.792637750129978724e-01,3.946002182943606496e-01,3.404346789715645416e-01,1.718960145804874495e-01,3.424791085614359853e-01,3.577898920588963305e-01,3.266186484108090649e-01,3.563204737383922627e-01,2.131080852266393766e-01,9.631005969478162454e-02,-4.955534089506746787e-02,3.154249629254729514e-01,4.463748326751061368e-01,4.991180248469992975e-01,-9.711772876658747444e-02,5.919090152334618438e-01,3.330118397878262804e-01,1.000000000000000000e+00,-3.806403010946804999e-01,-3.844392187527030380e-01
-3.101310170976184222e-01,-1.676364627232154181e-01,-3.873152764691494832e-01,-1.787073094412782934e-02,-3.479073183132300739e-01,3.572575806862993836e-02,-1.150528593321508281e-01,4.188011525016044900e-01,-5.100305878501473211e-01,-3.097734352163467597e-01,-3.989160368909265841e-01,-1.433261113811476195e-01,3.637518299483419315e-01,-3.715198777919562767e-01,6.481007815001627037e-01,-5.981813992077750219e-01,-2.112928010270012369e-01,-6.415080447454724055e-01,-2.759527127679053393e-01,-2.613984413407051122e-01,-4.027901015491023307e-01,-4.509553903353104992e-02,-5.953356811648478075e-01,-4.396580534147175867e-01,-8.608633734999032727e-02,-6.798505072350401468e-01,-1.212938795293872357e-01,-5.998338833549496929e-01,-5.426599870822160776e-01,-4.822512577459289185e-01,-1.305547941436352166e-01,-5.160118678180657809e-02,-2.191856481151136238e-01,1.740448863876879471e-01,-1.773052958391617417e-02,-5.535448462396154179e-01,-3.806403010946804999e-01,1.000000000000000000e+00,2.326227341094063705e-01
-1.259407677800817027e-01,-7.716406307228157457e-01,-5.997361752111047828e-01,-5.632179688792542382e-01,-4.673038738174739581e-01,3.631709425943716041e-01,-6.409806800934134685e-01,5.383371338985299959e-01,-4.719048532938439067e-01,-7.082115976308194227e-01,-3.813046894687552313e-01,-3.821075626614898746e-01,-4.024034340829605871e-01,-5.828861718166884476e-01,1.969125194128046596e-01,-2.178940469610396446e-02,-2.896886730954027489e-01,-3.415986075728105753e-01,-7.489376722969858236e-01,-4.386645993341721228e-01,-4.464921272043819167e-01,-6.453220473977526739e-01,6.957426099157933141e-02,-1.665632523944673427e-01,-4.400427328607419697e-01,-2.224051735856419632e-01,-7.931241177156683753e-01,4.443196102383867307e-02,2.682242074473419891e-01,-1.950186462495931694e-01,-4.594953156515098058e-01,-6.153458731698209228e-01,-2.912145703339250602e-01,-1.630862432252598235e-02,-3.055846380986109723e-01,-4.886050058307528365e-01,-3.844392187527030380e-01,2.326227341094063705e-01,1.000000000000000000e+00
