1.000000000000000000e+00,4.584196712653357819e-01,3.378081116724545030e-01,2.295258094526174686e-01,3.133367920328977707e-01,-4.341824780573482201e-01,3.224003924352711881e-01,-2.667025512552304578e-01,4.851746759318695812e-01,7.081768352822904733e-01,9.958162161169228574e-03,1.453003105145664609e-01,5.761594420906246405e-01,5.794149084318145349e-01,5.916442505069814395e-01,6.959494213017177744e-01,2.451474295552938387e-01,2.530702528476432289e-01,3.484905971834179050e-01,6.159890155755924912e-01,7.348999335023800317e-01,6.667754447431076814e-01,2.938262353096650625e-01,-2.664022718949183785e-02,6.703979939850950309e-01,4.161114947311351786e-01,4.651143242011516327e-02,7.070195897188092937e-01,3.726605511453131570e-01,6.206142378328222131e-01,-6.369557760120593722e-03,-1.305589901580850865e-01,6.108214149610742272e-01,4.257448325161951597e-01,-3.630103816795159366e-01,4.272018045750839432e-01,5.107157993203044200e-01,4.940220717380406912e-01,1.697848191074292634e-01
4.584196712653357819e-01,1.000000000000000000e+00,2.004886013742785134e-01,1.818377765336332275e-01,2.066746960847861692e-01,-2.098606592068273657e-01,2.980347581477250651e-01,-1.195834312135445887e-01,2.971861082818082478e-01,6.075997990297880014e-01,1.931677338349210571e-01,4.708314317352357281e-01,-1.418040512529326336e-01,3.592171118037964517e-01,2.172287654121327349e-01,5.925478844813301116e-01,-4.391698751697259429e-02,3.957228474172985733e-01,-1.313439180681105246e-02,1.923854919495887605e-01,2.302686062691587932e-01,3.804322456830215304e-01,3.703690512797172540e-01,2.592358255997929614e-02,2.222861163142665908e-01,-3.119106852203521463e-01,4.572510611082489240e-01,-2.166756597351666633e-02,-9.213531786979635430e-02,4.336672694588533106e-01,4.650583971354098067e-01,4.112770025102753801e-01,4.615807098057299052e-01,4.083974162492692850e-01,-2.826789512823615347e-01,4.309098869274622934e-01,2.385465992366617993e-01,-1.231748276568088857e-01,2.405099079188599831e-01
3.378081116724545030e-01,2.004886013742785134e-01,1.000000000000000000e+00,3.522282132020096990e-01,8.254821798278285661e-01,-4.998665207605355598e-01,5.306012451066670632e-01,-9.102691073167366032e-01,6.662701462476252612e-01,5.250214121930938393e-01,-5.212009439896491281e-04,4.059203453837104680e-01,1.643963258489702373e-01,5.192772384961100718e-01,2.891448334762554140e-01,6.055851429484934156e-01,-1.508189618109637975e-01,3.770035734419207030e-01,6.590396817790075135e-01,4.731027557397836647e-01,5.319786400662186443e-01,6.246293043147107538e-01,2.926446293581299596e-01,-2.207600509904050490e-01,4.437048655984105472e-01,-1.638494175688529411e-02,4.014901635055314610e-01,3.447917009140100686e-01,-8.502562439491656576e-02,4.663841887393459507e-01,4.363322474130026940e-01,1.591921563859411554e-02,6.455921011745588967e-01,6.682308826518361666e-01,-4.794932976038140393e-01,3.833173208845860325e-01,1.793263558888620046e-01,3.174547017869058241e-01,6.013470278083127285e-01
2.295258094526174686e-01,1.818377765336332275e-01,3.522282132020096990e-01,1.000000000000000000e+00,3.816366033479076658e-01,-1.531002765650930630e-01,7.454940111746690690e-01,-3.515535150972265432e-01,3.557605637599466908e-01,1.978590210647975245e-01,2.597098177965773136e-01,5.635504817036988967e-02,6.751906691394227167e-02,3.824701154077584930e-01,-6.491890124502083283e-03,3.029556316899787993e-01,-1.326019305033503959e-01,2.390584422634129680e-01,3.081710972681441785e-01,3.376919144710981424e-01,2.418821212990080738e-01,3.028728838206166674e-01,2.194686546495979718e-01,5.565551603936071123e-02,1.958802213536859349e-01,-6.665671728495811688e-02,2.763028481763769029e-01,2.138669113848224446e-01,-2.174552419537270909e-01,2.672402805073602616e-01,2.822919312034826711e-01,-9.687690092594236635e-02,2.861166347151091749e-01,2.916812234191667463e-01,-9.098525436091509100e-02,7.389972069850379854e-02,7.559953694196985818e-02,7.710648467992273214e-02,1.327281085793223236e-01
3.133367920328977707e-01,2.066746960847861692e-01,8.254821798278285661e-01,3.816366033479076658e-01,1.000000000000000000e+00,-3.591082752004827183e-01,5.083284383520052518e-01,-8.187954999060690353e-01,6.519362695804900021e-01,4.481548628723338035e-01,8.487718973319764715e-02,3.385264709628879043e-01,7.362766910321461022e-02,5.064698937532852163e-01,2.305631622432723071e-01,5.100121699194041236e-01,-1.204292327357232018e-01,3.708378153139473832e-01,6.607279352165226216e-01,3.907572442771519161e-01,4.293549218313121862e-01,5.296963223408333032e-01,4.010784529241246399e-01,-1.313488961535331512e-01,3.815648807471054837e-01,-1.868586420697083972e-02,4.170057214004058710e-01,2.870582979509686550e-01,-3.618962315642920702e-02,3.706925424796638779e-01,4.282392343330601592e-01,9.098573775990535795e-02,5.692580276772749581e-01,5.876073340209654328e-01,-3.402690886996829200e-01,3.179270987080538569e-01,1.734280835289329914e-01,2.615627150164955839e-01,5.162984791749573033e-01
-4.341824780573482201e-01,-2.098606592068273657e-01,-4.998665207605355598e-01,-1.531002765650930630e-01,-3.591082752004827183e-01,1.000000000000000000e+00,-3.053328499289505449e-01,3.493472592072621175e-01,-4.483194468479577144e-01,-5.222832576874762989e-01,2.863738561779696212e-01,-4.610084005129971296e-01,-3.852642571579998898e-01,-3.490800136055103864e-01,-3.922824810822452823e-01,-6.464776440834354432e-01,2.884384747947923433e-01,-1.631003253087706939e-01,-2.650137720252090379e-01,-5.309793005860323767e-01,-6.085935451307175059e-01,-6.113357694197357750e-01,-1.853009459819998303e-02,3.398832203713256228e-01,-5.018624357551731974e-01,-1.616129231550343312e-02,-2.747005327089658278e-01,-3.849691839754940115e-01,1.800388214109755192e-01,-5.665545369100819517e-01,-1.951926192666686433e-01,3.301829657595286016e-01,-6.033005585065432941e-01,-6.036082545815835143e-01,6.125944280224472349e-01,-3.580889789395123035e-01,-9.179138519192070467e-02,-5.826363159894364374e-01,-6.656922947257266632e-01
3.224003924352711881e-01,2.980347581477250651e-01,5.306012451066670632e-01,7.454940111746690690e-01,5.083284383520052518e-01,-3.053328499289505449e-01,1.000000000000000000e+00,-5.001788068060132320e-01,3.847044912678443951e-01,3.725825569254858083e-01,2.191607234021883399e-01,1.347595550695550870e-01,1.027522344185870934e-01,4.318387075172759881e-01,1.414576988905483224e-01,4.475070477766239785e-01,-9.008646736443698400e-02,2.975897498625806326e-01,3.870673155294088730e-01,4.451196038690461432e-01,3.526568003853261524e-01,4.340753853481335578e-01,1.649018316382312721e-01,-6.755074018475754061e-02,2.374731318939660163e-01,-6.722581557727987100e-02,3.734085753933981677e-01,2.420185519341385705e-01,-1.989837794739659493e-01,3.890864148112179732e-01,4.219794387493047694e-01,-1.223081857895107344e-01,4.441706314295967850e-01,4.184214358570463310e-01,-2.533870167962832265e-01,1.768968565159422524e-01,1.072547501749127330e-01,1.555831644310535500e-01,2.633481949251526011e-01
-2.667025512552304578e-01,-1.195834312135445887e-01,-9.102691073167366032e-01,-3.515535150972265432e-01,-8.187954999060690353e-01,3.493472592072621175e-01,-5.001788068060132320e-01,1.000000000000000000e+00,-6.164027718940154887e-01,-4.304474061747191604e-01,-5.243891390548191533e-02,-2.472779998174046423e-01,-1.140620266000537952e-01,-4.778049257644629288e-01,-1.657271664636752184e-01,-4.832919872121143046e-01,7.664621187595756224e-02,-2.929931787453141090e-01,-6.508585312731610673e-01,-3.791801215121456958e-01,-4.395592806212829662e-01,-5.002859078350700983e-01,-2.911430675414942715e-01,1.431239907423899060e-01,-3.827286230689954660e-01,-4.030000020898011348e-02,-3.473289208651205717e-01,-3.264501559768406835e-01,6.206594662642908600e-03,-3.864345022105578065e-01,-3.756717047337450599e-01,-3.445156945557454470e-02,-5.109435861811033597e-01,-5.196190324210778755e-01,3.439564288169700279e-01,-2.913966026460313996e-01,-1.657025326992121461e-01,-2.625321424602687359e-01,-4.855711702546840480e-01
4.851746759318695812e-01,2.971861082818082478e-01,6.662701462476252612e-01,3.557605637599466908e-01,6.519362695804900021e-01,-4.483194468479577144e-01,3.847044912678443951e-01,-6.164027718940154887e-01,1.000000000000000000e+00,5.764463251718430215e-01,1.449374433340705759e-01,4.058411516025952626e-01,1.152380833631272278e-01,5.641488805050571820e-01,2.921442974878569188e-01,6.450670559283128158e-01,-8.996417724757176104e-02,4.011685305176674876e-01,4.793600938351596508e-01,4.034443239594370789e-01,5.043934649066801335e-01,5.655719559904934801e-01,3.902089722495761803e-01,-4.745162074995220441e-02,5.558820324192549345e-01,6.608232462202874580e-02,5.208597046466379998e-01,3.912536104687141525e-01,5.453541854093216235e-02,5.874773206889466470e-01,4.842483037886970987e-01,9.258191972138259118e-02,6.041899821902636525e-01,6.357533610355832199e-01,-4.117208525165259592e-01,3.367195525132792300e-01,1.544083234999079346e-01,4.375862529376355892e-01,5.933269471139785978e-01
7.081768352822904733e-01,6.075997990297880014e-01,5.250214121930938393e-01,1.978590210647975245e-01,4.481548628723338035e-01,-5.222832576874762989e-01,3.725825569254858083e-01,-4.304474061747191604e-01,5.764463251718430215e-01,1.000000000000000000e+00,6.679140584344359088e-02,4.830080796349133232e-01,3.282192640381760840e-01,6.185081159570265941e-01,5.262392120740744250e-01,8.632812811987163881e-01,7.927319758766215863e-02,4.077371942695668938e-01,3.638770560280080169e-01,6.163626559239459013e-01,6.673716676166313588e-01,7.137082344897163200e-01,3.081869273522040986e-01,-2.000550952747569278e-01,6.364155387797243435e-01,7.520060346157965425e-02,3.463658606254750305e-01,4.692999663731442506e-01,8.955567368139687179e-02,6.632522977853512192e-01,3.540632575221561162e-01,8.230194058350516484e-02,7.197691623640851688e-01,6.130634192732982157e-01,-5.287181538913374723e-01,6.485818476446273406e-01,4.170929820055678805e-01,3.711596928097137815e-01,4.937851093384200141e-01
9.958162161169228574e-03,1.931677338349210571e-01,-5.212009439896491281e-04,2.597098177965773136e-01,8.487718973319764715e-02,2.863738561779696212e-01,2.191607234021883399e-01,-5.243891390548191533e-02,1.449374433340705759e-01,6.679140584344359088e-02,1.000000000000000000e+00,2.441656206995876117e-04,-2.192040024711204571e-01,1.700907844097062915e-01,-1.956517864715414876e-02,-1.377425508110985061e-02,4.964315967816315678e-01,2.257399937337381257e-01,2.517510570373856019e-02,3.628800520675309893e-02,-2.071345198592713585e-02,-9.020464405057139479e-03,1.740089193325701500e-01,4.171865955264721371e-01,1.734172544149900630e-02,8.843995882419884713e-02,2.826257022471793112e-01,1.209485757882020583e-02,9.228664374594224007e-02,-5.160565894386241054e-02,3.380028048042353350e-01,2.970727291429821060e-01,3.040428473664620601e-02,3.018290081290516194e-02,2.524958826157379099e-01,-6.735630520493730844e-02,1.860459759137187141e-01,-1.673967378577205234e-01,-9.844913711561797953e-02
1.453003105145664609e-01,4.708314317352357281e-01,4.059203453837104680e-01,5.635504817036988967e-02,3.385264709628879043e-01,-4.610084005129971296e-01,1.347595550695550870e-01,-2.472779998174046423e-01,4.058411516025952626e-01,4.830080796349133232e-01,2.441656206995876117e-04,1.000000000000000000e+00,-3.600922746206540459e-02,3.288806005797565990e-01,4.753986801446543620e-01,5.818980136621049182e-01,-2.824687270688168161e-01,6.173827097023103505e-01,1.691293766738449778e-01,3.714334518700574961e-01,3.258279724965574276e-01,5.479971222601887071e-01,1.684523795475218466e-01,-3.305737637437469179e-01,2.248280468103955876e-01,-4.563646566758796652e-01,4.712228173486032179e-01,-1.050569579767790390e-01,-4.358592223285977507e-01,2.688741163484402730e-01,5.452154467412902994e-01,3.112340129656248067e-01,6.412722462412770996e-01,7.704241897543269157e-01,-6.147025652121752559e-01,5.982808410578853708e-01,1.051122841905312716e-01,-1.238736600153679535e-02,6.868145912436255385e-01
5.761594420906246405e-01,-1.418040512529326336e-01,1.643963258489702373e-01,6.751906691394227167e-02,7.362766910321461022e-02,-3.852642571579998898e-01,1.027522344185870934e-01,-1.140620266000537952e-01,1.152380833631272278e-01,3.282192640381760840e-01,-2.192040024711204571e-01,-3.600922746206540459e-02,1.000000000000000000e+00,2.660112053233502083e-01,6.391733199898832485e-01,3.418662335057751078e-01,2.698798006949569839e-01,1.740986790284888286e-01,3.928202190285726148e-01,6.603668520809560238e-01,6.957532351426283235e-01,5.411654580363929323e-01,-9.729585316505212633e-02,-2.388606705432516075e-01,4.892039298274823977e-01,6.025861671259484798e-01,-4.047882583361543385e-01,7.394916069248090862e-01,3.186760938379353814e-01,2.190503686588154975e-01,-5.058755260648901686e-01,-5.263639873863210639e-01,4.331342214200195606e-01,2.190934703221361635e-01,-3.553858866305933395e-01,2.169318464154936232e-01,3.957219381718786733e-01,5.098638520439029431e-01,6.400080680069989737e-03
5.794149084318145349e-01,3.592171118037964517e-01,5.192772384961100718e-01,3.824701154077584930e-01,5.064698937532852163e-01,-3.490800136055103864e-01,4.318387075172759881e-01,-4.778049257644629288e-01,5.641488805050571820e-01,6.185081159570265941e-01,1.700907844097062915e-01,3.288806005797565990e-01,2.660112053233502083e-01,1.000000000000000000e+00,4.505047045564437025e-01,6.360904151433938170e-01,1.424929741507469372e-01,3.872154088986332621e-01,4.512580776821233930e-01,5.605659587690220436e-01,6.381957579138617387e-01,6.120824581684914945e-01,3.851265229943751645e-01,1.508460302526828389e-01,5.986347051926178553e-01,1.723303063511779087e-01,2.847972449547770402e-01,4.992850591854385289e-01,1.806828885456578937e-01,5.225798114507769210e-01,3.583175865319121467e-01,8.723103447011314182e-02,6.339364598776372484e-01,5.120192250473803997e-01,-3.736756464110960185e-01,5.228833335703899632e-01,4.463812750114508621e-01,2.594454157889066748e-01,3.511720578748977473e-01
5.916442505069814395e-01,2.172287654121327349e-01,2.891448334762554140e-01,-6.491890124502083283e-03,2.305631622432723071e-01,-3.922824810822452823e-01,1.414576988905483224e-01,-1.657271664636752184e-01,2.921442974878569188e-01,5.262392120740744250e-01,-1.956517864715414876e-02,4.753986801446543620e-01,6.391733199898832485e-01,4.505047045564437025e-01,1.000000000000000000e+00,5.463872518806632828e-01,2.866471554981445680e-01,5.743169826957548185e-01,4.043482868153788212e-01,7.265099321688294198e-01,7.361262407479262082e-01,7.443161694718024579e-01,1.143481329772478572e-01,-2.505969841871633075e-01,4.907041128116523820e-01,3.431374574309579151e-01,-7.728600761825737964e-02,5.570423833347780684e-01,1.747688435805776763e-01,2.505113968435658256e-01,-2.377075377223291514e-02,-1.286716041849975956e-01,7.170708670305845356e-01,6.161699813154142280e-01,-5.711469569607933172e-01,5.279441992845642639e-01,4.534550986924322791e-01,3.210011094739065318e-01,2.540203522429683169e-01
6.959494213017177744e-01,5.925478844813301116e-01,6.055851429484934156e-01,3.029556316899787993e-01,5.100121699194041236e-01,-6.464776440834354432e-01,4.475070477766239785e-01,-4.832919872121143046e-01,6.450670559283128158e-01,8.632812811987163881e-01,-1.377425508110985061e-02,5.818980136621049182e-01,3.418662335057751078e-01,6.360904151433938170e-01,5.463872518806632828e-01,1.000000000000000000e+00,-7.731001333369415252e-02,4.559019886930925636e-01,3.650283385513263257e-01,6.251788858026361417e-01,7.178837557236716904e-01,7.830931891209919060e-01,3.149432150194279023e-01,-2.814964323434832050e-01,6.768643199927514287e-01,-2.286750641828652619e-02,4.177055635195449645e-01,4.454972695500902802e-01,-2.369606281909743956e-02,7.040593930827470093e-01,4.005960624921383606e-01,3.226859335679224672e-02,8.097533819458527793e-01,7.197815346195204356e-01,-6.675403472364720425e-01,6.450101636014945461e-01,3.505495644185591675e-01,4.023648098889553992e-01,5.998346502207551056e-01
2.451474295552938387e-01,-4.391698751697259429e-02,-1.508189618109637975e-01,-1.326019305033503959e-01,-1.204292327357232018e-01,2.884384747947923433e-01,-9.008646736443698400e-02,7.664621187595756224e-02,-8.996417724757176104e-02,7.927319758766215863e-02,4.964315967816315678e-01,-2.824687270688168161e-01,2.698798006949569839e-01,1.424929741507469372e-01,2.866471554981445680e-01,-7.731001333369415252e-02,1.000000000000000000e+00,4.896688195671797250e-02,6.533160145139063624e-02,1.932506079932143905e-01,2.145559004007571990e-01,5.284777097605109636e-02,8.562719474733973546e-02,2.689582678121199555e-01,1.633237147355184049e-01,6.035134663419793322e-01,-2.684149266127207611e-01,3.796522804724885569e-01,5.479203664957245090e-01,-4.935355323086716706e-02,-2.087635163776630498e-01,3.008174459246965374e-02,-1.276971831386575912e-03,-1.967435476730719779e-01,1.836969373838988617e-01,-2.131067826488589403e-02,4.110314574333599480e-01,7.210430013804305927e-02,-3.875686219053416925e-01
2.530702528476432289e-01,3.957228474172985733e-01,3.770035734419207030e-01,2.390584422634129680e-01,3.708378153139473832e-01,-1.631003253087706939e-01,2.975897498625806326e-01,-2.929931787453141090e-01,4.011685305176674876e-01,4.077371942695668938e-01,2.257399937337381257e-01,6.173827097023103505e-01,1.740986790284888286e-01,3.872154088986332621e-01,5.743169826957548185e-01,4.559019886930925636e-01,4.896688195671797250e-02,1.000000000000000000e+00,4.442860880231210841e-01,4.441645719443005902e-01,3.796227090153993511e-01,5.335649597049959558e-01,1.248205397546565815e-01,-1.773196043595780813e-01,1.525957545322064735e-01,-8.219522504156570597e-02,2.213713463429850259e-01,1.445852409791944793e-01,-1.708216963551992817e-01,1.158187189862547178e-01,3.256360004397491070e-01,1.814109962087349093e-01,6.072995272811330114e-01,6.046724495753451611e-01,-3.694914583127661412e-01,3.621954337657790068e-01,2.731537129528096575e-01,-9.237660691607300911e-02,2.935448942771897718e-01
3.484905971834179050e-01,-1.313439180681105246e-02,6.590396817790075135e-01,3.081710972681441785e-01,6.607279352165226216e-01,-2.650137720252090379e-01,3.870673155294088730e-01,-6.508585312731610673e-01,4.793600938351596508e-01,3.638770560280080169e-01,2.517510570373856019e-02,1.691293766738449778e-01,3.928202190285726148e-01,4.512580776821233930e-01,4.043482868153788212e-01,3.650283385513263257e-01,6.533160145139063624e-02,4.442860880231210841e-01,1.000000000000000000e+00,5.223275059605093640e-01,5.328404058523320552e-01,5.312314457045054228e-01,1.063174139018311648e-01,-1.042924776565562622e-01,3.542261857748460474e-01,3.117031763096814179e-01,1.771031097933755891e-02,5.550266559803146427e-01,1.316806583967893018e-01,1.893051248825190491e-01,1.012909324651393717e-01,-1.473507916842198562e-01,5.282277751232985485e-01,4.849659483971368035e-01,-2.266235303776285015e-01,1.873814562016193341e-01,3.178289177077910366e-01,2.755077789549882916e-01,2.624484658367845502e-01
6.159890155755924912e-01,1.923854919495887605e-01,4.731027557397836647e-01,3.376919144710981424e-01,3.907572442771519161e-01,-5.309793005860323767e-01,4.451196038690461432e-01,-3.791801215121456958e-01,4.034443239594370789e-01,6.163626559239459013e-01,3.628800520675309893e-02,3.714334518700574961e-01,6.603668520809560238e-01,5.605659587690220436e-01,7.265099321688294198e-01,6.251788858026361417e-01,1.932506079932143905e-01,4.441645719443005902e-01,5.223275059605093640e-01,1.000000000000000000e+00,8.268971801920076414e-01,8.028712919370029066e-01,7.105464419543262855e-02,-2.390496934753567337e-01,5.776424847760724957e-01,3.233167223394072809e-01,6.211740134641825783e-02,6.597514834002264905e-01,8.969755115377285593e-02,4.597129932448974499e-01,5.584582291420359806e-02,-2.398906610482367807e-01,7.356194001417226680e-01,5.996580650517995270e-01,-5.432140648649647074e-01,5.025811694034031385e-01,4.248418122321505619e-01,4.540704132235549584e-01,3.865126660097662481e-01
7.348999335023800317e-01,2.302686062691587932e-01,5.319786400662186443e-01,2.418821212990080738e-01,4.293549218313121862e-01,-6.085935451307175059e-01,3.526568003853261524e-01,-4.395592806212829662e-01,5.043934649066801335e-01,6.673716676166313588e-01,-2.071345198592713585e-02,3.258279724965574276e-01,6.957532351426283235e-01,6.381957579138617387e-01,7.361262407479262082e-01,7.178837557236716904e-01,2.145559004007571990e-01,3.796227090153993511e-01,5.328404058523320552e-01,8.268971801920076414e-01,1.000000000000000000e+00,8.228016619837380530e-01,2.133664584842029088e-01,-1.495368622860195340e-01,7.310210266427947801e-01,4.261984616509517654e-01,9.168354274328832654e-02,7.695790559681416898e-01,2.523759750697307513e-01,5.737443129550281462e-01,2.707627970848479684e-02,-2.358062961424283732e-01,7.822597766846179912e-01,6.022995148922042352e-01,-5.713957767150886768e-01,4.774604611123873243e-01,5.058650076667342566e-01,5.732231155401301681e-01,3.939543561504686431e-01
6.667754447431076814e-01,3.804322456830215304e-01,6.246293043147107538e-01,3.028728838206166674e-01,5.296963223408333032e-01,-6.113357694197357750e-01,4.340753853481335578e-01,-5.002859078350700983e-01,5.655719559904934801e-01,7.137082344897163200e-01,-9.020464405057139479e-03,5.479971222601887071e-01,5.411654580363929323e-01,6.120824581684914945e-01,7.443161694718024579e-01,7.830931891209919060e-01,5.284777097605109636e-02,5.335649597049959558e-01,5.312314457045054228e-01,8.028712919370029066e-01,8.228016619837380530e-01,1.000000000000000000e+00,2.838758554822609637e-01,-2.660337530103557002e-01,6.120981531117604124e-01,1.460829177446383020e-01,2.434018731017282278e-01,5.654607709648067360e-01,1.265576667582541575e-03,5.026042010081399614e-01,2.421790094230307222e-01,-6.455298093633948797e-02,8.857665374947666370e-01,7.734655002855240769e-01,-6.556203691593824878e-01,5.716291024297459611e-01,4.165791905553630214e-01,3.712464335287348205e-01,4.982038056872833964e-01
2.938262353096650625e-01,3.703690512797172540e-01,2.926446293581299596e-01,2.194686546495979718e-01,4.010784529241246399e-01,-1.853009459819998303e-02,1.649018316382312721e-01,-2.911430675414942715e-01,3.902089722495761803e-01,3.081869273522040986e-01,1.740089193325701500e-01,1.684523795475218466e-01,-9.729585316505212633e-02,3.851265229943751645e-01,1.143481329772478572e-01,3.149432150194279023e-01,8.562719474733973546e-02,1.248205397546565815e-01,1.063174139018311648e-01,7.105464419543262855e-02,2.133664584842029088e-01,2.838758554822609637e-01,1.000000000000000000e+00,2.606907900645771270e-01,4.181531903477405110e-01,-2.657136778929632820e-02,4.066702125106063104e-01,1.042432014087617681e-01,1.188024149895895304e-01,3.134233413570908233e-01,2.854207395908139322e-01,4.354495392977068557e-01,3.173416242764909856e-01,2.547648012699911813e-01,-6.933139079493427781e-02,3.272575678883966055e-01,3.081671596723797868e-01,-8.450635353914011990e-04,1.563250900503800889e-01
-2.664022718949183785e-02,2.592358255997929614e-02,-2.207600509904050490e-01,5.565551603936071123e-02,-1.313488961535331512e-01,3.398832203713256228e-01,-6.755074018475754061e-02,1.431239907423899060e-01,-4.745162074995220441e-02,-2.000550952747569278e-01,4.171865955264721371e-01,-3.305737637437469179e-01,-2.388606705432516075e-01,1.508460302526828389e-01,-2.505969841871633075e-01,-2.814964323434832050e-01,2.689582678121199555e-01,-1.773196043595780813e-01,-1.042924776565562622e-01,-2.390496934753567337e-01,-1.495368622860195340e-01,-2.660337530103557002e-01,2.606907900645771270e-01,1.000000000000000000e+00,1.246183256953214448e-02,1.774578288838535300e-01,5.425851198907580969e-02,2.159506929977413059e-02,3.361621801876172322e-01,-5.671098160828279972e-02,3.993751108251969439e-02,2.625443253410025823e-01,-2.493789389261775458e-01,-2.968129569314267302e-01,5.586860444649426327e-01,-2.726754197055097362e-01,2.335541517646727294e-01,-1.787322957371077492e-01,-3.426312039109484231e-01
6.703979939850950309e-01,2.222861163142665908e-01,4.437048655984105472e-01,1.958802213536859349e-01,3.815648807471054837e-01,-5.018624357551731974e-01,2.374731318939660163e-01,-3.827286230689954660e-01,5.558820324192549345e-01,6.364155387797243435e-01,1.734172544149900630e-02,2.248280468103955876e-01,4.892039298274823977e-01,5.986347051926178553e-01,4.907041128116523820e-01,6.768643199927514287e-01,1.633237147355184049e-01,1.525957545322064735e-01,3.542261857748460474e-01,5.776424847760724957e-01,7.310210266427947801e-01,6.120981531117604124e-01,4.181531903477405110e-01,1.246183256953214448e-02,1.000000000000000000e+00,3.373020618470939924e-01,1.977904443313525384e-01,6.370566561844356324e-01,2.952477832175340877e-01,6.235584943417477044e-01,1.045756106678941838e-01,-9.951442073559377266e-02,5.670759106561478191e-01,4.626843623236104319e-01,-4.110952838050602742e-01,5.327773991200300818e-01,4.364584817257922689e-01,5.833932033719737564e-01,4.121334415980612009e-01
4.161114947311351786e-01,-3.119106852203521463e-01,-1.638494175688529411e-02,-6.665671728495811688e-02,-1.868586420697083972e-02,-1.616129231550343312e-02,-6.722581557727987100e-02,-4.030000020898011348e-02,6.608232462202874580e-02,7.520060346157965425e-02,8.843995882419884713e-02,-4.563646566758796652e-01,6.025861671259484798e-01,1.723303063511779087e-01,3.431374574309579151e-01,-2.286750641828652619e-02,6.035134663419793322e-01,-8.219522504156570597e-02,3.117031763096814179e-01,3.233167223394072809e-01,4.261984616509517654e-01,1.460829177446383020e-01,-2.657136778929632820e-02,1.774578288838535300e-01,3.373020618470939924e-01,1.000000000000000000e+00,-3.901891612949315302e-01,7.510009035851900050e-01,7.262041661936130543e-01,5.855747133967864615e-02,-4.762497634075172348e-01,-3.925252214702601439e-01,6.421442709300420604e-02,-1.479196817061309288e-01,1.199378015545128073e-01,-1.182692995798288599e-01,3.882526919505855934e-01,5.145950611876380920e-01,-2.760283966707264836e-01
4.651143242011516327e-02,4.572510611082489240e-01,4.014901635055314610e-01,2.763028481763769029e-01,4.170057214004058710e-01,-2.747005327089658278e-01,3.734085753933981677e-01,-3.473289208651205717e-01,5.208597046466379998e-01,3.463658606254750305e-01,2.826257022471793112e-01,4.712228173486032179e-01,-4.047882583361543385e-01,2.847972449547770402e-01,-7.728600761825737964e-02,4.177055635195449645e-01,-2.684149266127207611e-01,2.213713463429850259e-01,1.771031097933755891e-02,6.211740134641825783e-02,9.168354274328832654e-02,2.434018731017282278e-01,4.066702125106063104e-01,5.425851198907580969e-02,1.977904443313525384e-01,-3.901891612949315302e-01,1.000000000000000000e+00,-1.859449519709472087e-01,-2.777323261814789723e-01,3.658172903938957110e-01,7.083831619086583542e-01,4.075477561348604949e-01,3.550637142217234477e-01,4.217275803834735215e-01,-2.450436564154314933e-01,2.679956256294956374e-01,-4.161466002365565159e-02,4.452504961807703804e-02,6.174752174996638310e-01
7.070195897188092937e-01,-2.166756597351666633e-02,3.447917009140100686e-01,2.138669113848224446e-01,2.870582979509686550e-01,-3.849691839754940115e-01,2.420185519341385705e-01,-3.264501559768406835e-01,3.912536104687141525e-01,4.692999663731442506e-01,1.209485757882020583e-02,-1.050569579767790390e-01,7.394916069248090862e-01,4.992850591854385289e-01,5.570423833347780684e-01,4.454972695500902802e-01,3.796522804724885569e-01,1.445852409791944793e-01,5.550266559803146427e-01,6.597514834002264905e-01,7.695790559681416898e-01,5.654607709648067360e-01,1.042432014087617681e-01,2.159506929977413059e-02,6.370566561844356324e-01,7.510009035851900050e-01,-1.859449519709472087e-01,1.000000000000000000e+00,5.332439805847425385e-01,4.193143531680444958e-01,-2.172588564977918080e-01,-3.762734108172933190e-01,4.725318434901313869e-01,2.750775076890100146e-01,-2.160952222109951693e-01,1.894548088358436466e-01,5.256690695201892138e-01,6.465627200128882812e-01,6.471282374883836896e-02
3.726605511453131570e-01,-9.213531786979635430e-02,-8.502562439491656576e-02,-2.174552419537270909e-01,-3.618962315642920702e-02,1.800388214109755192e-01,-1.989837794739659493e-01,6.206594662642908600e-03,5.453541854093216235e-02,8.955567368139687179e-02,9.228664374594224007e-02,-4.358592223285977507e-01,3.186760938379353814e-01,1.806828885456578937e-01,1.747688435805776763e-01,-2.369606281909743956e-02,5.479203664957245090e-01,-1.708216963551992817e-01,1.316806583967893018e-01,8.969755115377285593e-02,2.523759750697307513e-01,1.265576667582541575e-03,1.188024149895895304e-01,3.361621801876172322e-01,2.952477832175340877e-01,7.262041661936130543e-01,-2.777323261814789723e-01,5.332439805847425385e-01,1.000000000000000000e+00,7.828445017137827810e-02,-3.090977805664069655e-01,-7.742738186036050158e-03,-8.615878600877520041e-03,-2.435371131405648093e-01,1.915636305039090104e-01,-8.642418179490600483e-02,4.022863920513885527e-01,3.245723763073125046e-01,-3.122926767148420102e-01
6.206142378328222131e-01,4.336672694588533106e-01,4.663841887393459507e-01,2.672402805073602616e-01,3.706925424796638779e-01,-5.665545369100819517e-01,3.890864148112179732e-01,-3.864345022105578065e-01,5.874773206889466470e-01,6.632522977853512192e-01,-5.160565894386241054e-02,2.688741163484402730e-01,2.190503686588154975e-01,5.225798114507769210e-01,2.505113968435658256e-01,7.040593930827470093e-01,-4.935355323086716706e-02,1.158187189862547178e-01,1.893051248825190491e-01,4.597129932448974499e-01,5.737443129550281462e-01,5.026042010081399614e-01,3.134233413570908233e-01,-5.671098160828279972e-02,6.235584943417477044e-01,5.855747133967864615e-02,3.658172903938957110e-01,4.193143531680444958e-01,7.828445017137827810e-02,1.000000000000000000e+00,2.861170337406344077e-01,-3.777378547341953691e-02,4.889533775427631346e-01,4.268498417737977557e-01,-3.931615561845799856e-01,4.023575840399836734e-01,2.702916225984048904e-01,4.881189842211446916e-01,4.550981647835065091e-01
-6.369557760120593722e-03,4.650583971354098067e-01,4.363322474130026940e-01,2.822919312034826711e-01,4.282392343330601592e-01,-1.951926192666686433e-01,4.219794387493047694e-01,-3.756717047337450599e-01,4.842483037886970987e-01,3.540632575221561162e-01,3.380028048042353350e-01,5.452154467412902994e-01,-5.058755260648901686e-01,3.583175865319121467e-01,-2.377075377223291514e-02,4.005960624921383606e-01,-2.087635163776630498e-01,3.256360004397491070e-01,1.012909324651393717e-01,5.584582291420359806e-02,2.707627970848479684e-02,2.421790094230307222e-01,2.854207395908139322e-01,3.993751108251969439e-02,1.045756106678941838e-01,-4.762497634075172348e-01,7.083831619086583542e-01,-2.172588564977918080e-01,-3.090977805664069655e-01,2.861170337406344077e-01,1.000000000000000000e+00,4.497252764850707130e-01,3.488939845822055519e-01,5.008172692192360831e-01,-2.082679478157382358e-01,3.055065226675767187e-01,-5.994020080662837598e-03,-1.059299751851354443e-01,5.166806649263205875e-01
-1.305589901580850865e-01,4.112770025102753801e-01,1.591921563859411554e-02,-9.687690092594236635e-02,9.098573775990535795e-02,3.301829657595286016e-01,-1.223081857895107344e-01,-3.445156945557454470e-02,9.258191972138259118e-02,8.230194058350516484e-02,2.970727291429821060e-01,3.112340129656248067e-01,-5.263639873863210639e-01,8.723103447011314182e-02,-1.286716041849975956e-01,3.226859335679224672e-02,3.008174459246965374e-02,1.814109962087349093e-01,-1.473507916842198562e-01,-2.398906610482367807e-01,-2.358062961424283732e-01,-6.455298093633948797e-02,4.354495392977068557e-01,2.625443253410025823e-01,-9.951442073559377266e-02,-3.925252214702601439e-01,4.075477561348604949e-01,-3.762734108172933190e-01,-7.742738186036050158e-03,-3.777378547341953691e-02,4.497252764850707130e-01,1.000000000000000000e+00,1.200003067294685803e-02,4.425684567665588015e-02,9.887622968007245272e-02,1.986798778235970286e-01,2.325318254094061177e-01,-4.459609915132609070e-01,1.070403339904899970e-01
6.108214149610742272e-01,4.615807098057299052e-01,6.455921011745588967e-01,2.861166347151091749e-01,5.692580276772749581e-01,-6.033005585065432941e-01,4.441706314295967850e-01,-5.109435861811033597e-01,6.041899821902636525e-01,7.197691623640851688e-01,3.040428473664620601e-02,6.412722462412770996e-01,4.331342214200195606e-01,6.339364598776372484e-01,7.170708670305845356e-01,8.097533819458527793e-01,-1.276971831386575912e-03,6.072995272811330114e-01,5.282277751232985485e-01,7.356194001417226680e-01,7.822597766846179912e-01,8.857665374947666370e-01,3.173416242764909856e-01,-2.493789389261775458e-01,5.670759106561478191e-01,6.421442709300420604e-02,3.550637142217234477e-01,4.725318434901313869e-01,-8.615878600877520041e-03,4.889533775427631346e-01,3.488939845822055519e-01,1.200003067294685803e-02,1.000000000000000000e+00,8.233191249711820925e-01,-6.954032661903096768e-01,5.696757791546597227e-01,3.705458572458816824e-01,3.318399830597201228e-01,5.593397458363462693e-01
4.257448325161951597e-01,4.083974162492692850e-01,6.682308826518361666e-01,2.916812234191667463e-01,5.876073340209654328e-01,-6.036082545815835143e-01,4.184214358570463310e-01,-5.196190324210778755e-01,6.357533610355832199e-01,6.130634192732982157e-01,3.018290081290516194e-02,7.704241897543269157e-01,2.190934703221361635e-01,5.120192250473803997e-01,6.161699813154142280e-01,7.197815346195204356e-01,-1.967435476730719779e-01,6.046724495753451611e-01,4.849659483971368035e-01,5.996580650517995270e-01,6.022995148922042352e-01,7.734655002855240769e-01,2.547648012699911813e-01,-2.968129569314267302e-01,4.626843623236104319e-01,-1.479196817061309288e-01,4.217275803834735215e-01,2.750775076890100146e-01,-2.435371131405648093e-01,4.268498417737977557e-01,5.008172692192360831e-01,4.425684567665588015e-02,8.233191249711820925e-01,1.000000000000000000e+00,-6.464792231561787839e-01,5.741565527682256365e-01,1.969790710063633876e-01,2.669643025103676792e-01,6.763595031790120560e-01
-3.630103816795159366e-01,-2.826789512823615347e-01,-4.794932976038140393e-01,-9.098525436091509100e-02,-3.402690886996829200e-01,6.125944280224472349e-01,-2.533870167962832265e-01,3.439564288169700279e-01,-4.117208525165259592e-01,-5.287181538913374723e-01,2.524958826157379099e-01,-6.147025652121752559e-01,-3.553858866305933395e-01,-3.736756464110960185e-01,-5.711469569607933172e-01,-6.675403472364720425e-01,1.836969373838988617e-01,-3.694914583127661412e-01,-2.266235303776285015e-01,-5.432140648649647074e-01,-5.713957767150886768e-01,-6.556203691593824878e-01,-6.933139079493427781e-02,5.586860444649426327e-01,-4.110952838050602742e-01,1.199378015545128073e-01,-2.450436564154314933e-01,-2.160952222109951693e-01,1.915636305039090104e-01,-3.931615561845799856e-01,-2.082679478157382358e-01,9.887622968007245272e-02,-6.954032661903096768e-01,-6.464792231561787839e-01,1.000000000000000000e+00,-5.374881049602072691e-01,1.957883166583481924e-02,-3.241957233652988379e-01,-6.123028861587129779e-01
4.272018045750839432e-01,4.309098869274622934e-01,3.833173208845860325e-01,7.389972069850379854e-02,3.179270987080538569e-01,-3.580889789395123035e-01,1.768968565159422524e-01,-2.913966026460313996e-01,3.367195525132792300e-01,6.485818476446273406e-01,-6.735630520493730844e-02,5.982808410578853708e-01,2.169318464154936232e-01,5.228833335703899632e-01,5.279441992845642639e-01,6.450101636014945461e-01,-2.131067826488589403e-02,3.621954337657790068e-01,1.873814562016193341e-01,5.025811694034031385e-01,4.774604611123873243e-01,5.716291024297459611e-01,3.272575678883966055e-01,-2.726754197055097362e-01,5.327773991200300818e-01,-1.182692995798288599e-01,2.679956256294956374e-01,1.894548088358436466e-01,-8.642418179490600483e-02,4.023575840399836734e-01,3.055065226675767187e-01,1.986798778235970286e-01,5.696757791546597227e-01,5.741565527682256365e-01,-5.374881049602072691e-01,1.000000000000000000e+00,3.657264555003071349e-01,1.437019945512033881e-01,4.920550861304275880e-01
5.107157993203044200e-01,2.385465992366617993e-01,1.793263558888620046e-01,7.559953694196985818e-02,1.734280835289329914e-01,-9.179138519192070467e-02,1.072547501749127330e-01,-1.657025326992121461e-01,1.544083234999079346e-01,4.170929820055678805e-01,1.860459759137187141e-01,1.051122841905312716e-01,3.957219381718786733e-01,4.463812750114508621e-01,4.534550986924322791e-01,3.505495644185591675e-01,4.110314574333599480e-01,2.731537129528096575e-01,3.178289177077910366e-01,4.248418122321505619e-01,5.058650076667342566e-01,4.165791905553630214e-01,3.081671596723797868e-01,2.335541517646727294e-01,4.364584817257922689e-01,3.882526919505855934e-01,-4.161466002365565159e-02,5.256690695201892138e-01,4.022863920513885527e-01,2.702916225984048904e-01,-5.994020080662837598e-03,2.325318254094061177e-01,3.705458572458816824e-01,1.969790710063633876e-01,1.957883166583481924e-02,3.657264555003071349e-01,1.000000000000000000e+00,1.302463419926327415e-01,3.591739055648597318e-03
4.940220717380406912e-01,-1.231748276568088857e-01,3.174547017869058241e-01,7.710648467992273214e-02,2.615627150164955839e-01,-5.826363159894364374e-01,1.555831644310535500e-01,-2.625321424602687359e-01,4.375862529376355892e-01,3.711596928097137815e-01,-1.673967378577205234e-01,-1.238736600153679535e-02,5.098638520439029431e-01,2.594454157889066748e-01,3.210011094739065318e-01,4.023648098889553992e-01,7.210430013804305927e-02,-9.237660691607300911e-02,2.755077789549882916e-01,4.540704132235549584e-01,5.732231155401301681e-01,3.712464335287348205e-01,-8.450635353914011990e-04,-1.787322957371077492e-01,5.833932033719737564e-01,5.145950611876380920e-01,4.452504961807703804e-02,6.465627200128882812e-01,3.245723763073125046e-01,4.881189842211446916e-01,-1.059299751851354443e-01,-4.459609915132609070e-01,3.318399830597201228e-01,2.669643025103676792e-01,-3.241957233652988379e-01,1.437019945512033881e-01,1.302463419926327415e-01,1.000000000000000000e+00,4.132251943191464494e-01
1.697848191074292634e-01,2.405099079188599831e-01,6.013470278083127285e-01,1.327281085793223236e-01,5.162984791749573033e-01,-6.656922947257266632e-01,2.633481949251526011e-01,-4.855711702546840480e-01,5.933269471139785978e-01,4.937851093384200141e-01,-9.844913711561797953e-02,6.868145912436255385e-01,6.400080680069989737e-03,3.511720578748977473e-01,2.540203522429683169e-01,5.998346502207551056e-01,-3.875686219053416925e-01,2.935448942771897718e-01,2.624484658367845502e-01,3.865126660097662481e-01,3.939543561504686431e-01,4.982038056872833964e-01,1.563250900503800889e-01,-3.426312039109484231e-01,4.121334415980612009e-01,-2.760283966707264836e-01,6.174752174996638310e-01,6.471282374883836896e-02,-3.122926767148420102e-01,4.550981647835065091e-01,5.166806649263205875e-01,1.070403339904899970e-01,5.593397458363462693e-01,6.763595031790120560e-01,-6.123028861587129779e-01,4.920550861304275880e-01,3.591739055648597318e-03,4.132251943191464494e-01,1.000000000000000000e+00
