1.000000000000000000e+00,5.503487179479046310e-01,3.368154351288822901e-01,-1.621118740841817341e-01,3.764684578720307595e-01,-1.179441781049680449e-01,-2.569700961113005611e-01,-3.491830982313092746e-01,6.600739408176889977e-01,3.808340527672741671e-01,9.000835652952599020e-02,6.054780689345041766e-01,-4.222906827154016551e-01,4.136307778798355983e-01,3.147291487752825745e-01,6.164987296001607220e-01,6.965431750577197878e-01,1.408852532655050505e-01,2.911224826943721311e-01,1.884166150524557715e-01,5.517009978407176884e-01,6.242939170652520575e-01,5.947978147863892673e-01,4.113283661644661637e-01,2.721619425600974584e-01,3.962102568815467629e-01,6.357060418585034345e-01,4.648305777623508162e-01,3.642386978099341754e-01,5.845349412416314117e-01,3.475249890362684391e-01,4.015588086205856833e-01,4.117963220700425198e-01,6.549589583111071756e-01,-7.794284614239802012e-02,4.950697982849989187e-01,2.429225946743812092e-01,7.265452207696944109e-01,5.647482466922280064e-01
5.503487179479046310e-01,1.000000000000000000e+00,5.508376713081413190e-01,-1.549755887300440504e-01,6.239065058983452872e-01,-1.210247259952458229e-02,-1.055828348784739190e-01,-5.445950927409380915e-01,6.195739595625845419e-01,6.509671330194189975e-01,1.737637619161393754e-01,5.586012965547114684e-01,-3.692214657105812314e-01,5.914944961441364057e-01,-1.827917315113517654e-02,8.282397378586803249e-01,3.424990016691447647e-01,1.207073236535760735e-01,2.422497268500726220e-01,-6.945784611036068517e-04,2.173015150469488344e-01,5.868067024047411984e-01,6.804074620153853781e-01,4.579641687173343079e-01,5.214062414949799384e-01,5.788276640092998582e-01,3.430878825052461334e-01,4.952161395378641973e-01,4.246987996336422655e-01,7.280703237815547846e-01,6.019113482934786985e-01,4.035271100700698055e-01,5.297248451784376533e-01,6.480489591649500891e-01,1.562569182226115627e-01,6.453537085625437042e-01,4.693803841407280242e-01,2.047290890083207915e-01,6.037966272181232164e-01
3.368154351288822901e-01,5.508376713081413190e-01,1.000000000000000000e+00,2.072637978686017041e-02,7.283232233179901538e-01,9.565928615163833693e-02,2.539985644061936720e-01,-9.136203516643438549e-01,5.813887194629071553e-01,7.737990832293684118e-01,3.702746516044365110e-01,5.688445854926191814e-01,-4.785068787807267299e-01,6.996652523039625926e-01,-3.420802116271100535e-01,6.569312780825106168e-01,1.758322319809081657e-01,1.960934838354601306e-01,5.492867826259538733e-01,-1.714163861875440398e-01,2.224366515541683631e-01,6.241563720082249356e-01,6.013566618189006840e-01,4.904308191645550541e-01,5.842805102656697391e-01,7.207392764463013135e-01,4.545787347499903319e-01,7.138855394494565410e-01,4.698340281937514740e-01,5.583396309671113666e-01,7.268676380891584410e-01,3.925866178434959108e-01,6.982282299379889423e-01,6.078924473687939978e-01,3.883275263471371308e-01,4.617531865173141736e-01,3.946250651267580456e-01,1.706815834147598077e-01,5.968877673925672145e-01
-1.621118740841817341e-01,-1.549755887300440504e-01,2.072637978686017041e-02,1.000000000000000000e+00,3.842157551588722131e-02,-3.089733309183736454e-01,5.450372303481039182e-01,-1.809820196822680208e-02,-8.636470864320576479e-02,-1.241121020316892851e-02,-1.941864033234400877e-01,2.830708958968770634e-03,1.572446023131610360e-01,-9.177005438934296433e-02,1.950678548888683597e-02,-5.203211149474644415e-02,-1.575420816759980427e-02,4.574467733072681841e-01,1.241534596675911983e-01,2.962352479294619867e-01,-1.974929170117691313e-01,-2.011724481789151087e-01,-2.303800653994067249e-01,-1.546377753023309709e-01,-1.879048308523448008e-01,-2.667849820237652159e-01,-9.584859044535304351e-02,4.141899479055689837e-02,-2.899035331276881289e-01,-6.524945731552476980e-02,-2.056988740793328496e-01,-1.670804198739121449e-01,-1.962255597984358391e-01,2.143653637270170800e-03,-2.060967088540315850e-01,-9.490206652688955302e-02,-2.956010359859940761e-01,9.424914009188692376e-02,-1.445108114269559041e-01
3.764684578720307595e-01,6.239065058983452872e-01,7.283232233179901538e-01,3.842157551588722131e-02,1.000000000000000000e+00,-4.947008790065242356e-02,1.323749319467761032e-01,-7.325200563864705527e-01,5.874062837053667385e-01,6.379181719338605783e-01,1.584429890183741141e-01,4.923852963068094946e-01,-4.080437013297030791e-01,6.063900070226304617e-01,-1.186946559369166376e-01,6.598719515917317313e-01,2.054491124556056814e-01,2.673933853414774409e-01,3.615228806559095953e-01,-9.628058981219396462e-02,1.918142253345435921e-01,4.808684969991369185e-01,5.449319057883962314e-01,3.688239024630793894e-01,4.657029928249669104e-01,5.565785253383532805e-01,3.283822853657388241e-01,5.874984796319256963e-01,3.261550635064837667e-01,5.442933370793853198e-01,5.599868532821214995e-01,3.322308973893632333e-01,4.875527304183742694e-01,7.336938963834402916e-01,1.690451288992339818e-01,4.762512710321527010e-01,3.255845100557423488e-01,1.709347188081415114e-01,5.495735025188565048e-01
-1.179441781049680449e-01,-1.210247259952458229e-02,9.565928615163833693e-02,-3.089733309183736454e-01,-4.947008790065242356e-02,1.000000000000000000e+00,8.367780844304668897e-02,-6.855959950516218870e-02,-1.053387597375537998e-01,1.713670919943698912e-01,7.427652680704273092e-01,-9.390884890329460888e-02,4.018292970023439048e-02,3.220776003292638023e-01,-5.407982803738838884e-01,-1.053986996185394924e-02,-1.057586729237289802e-01,-3.925498982061648157e-01,-2.139231240827555586e-02,-1.892286579626673848e-01,1.053838092473636939e-01,5.882036468894987630e-02,2.264178745000893223e-01,4.645321377653245376e-01,5.211657321708743629e-01,4.157428166612961440e-01,1.562439690179632246e-01,-4.005376634922994811e-02,6.276054794120502489e-01,4.451355430905926981e-03,3.196451059477116163e-01,3.546601226275263863e-01,3.959081578084562292e-01,-1.797419757776465843e-01,6.783634906759418159e-01,1.728205744246879560e-01,4.861408805752006068e-01,-8.759037584198769988e-02,2.744974004837725037e-02
-2.569700961113005611e-01,-1.055828348784739190e-01,2.539985644061936720e-01,5.450372303481039182e-01,1.323749319467761032e-01,8.367780844304668897e-02,1.000000000000000000e+00,-2.402740442908413432e-01,-2.378611973978065341e-01,1.493547313392476206e-01,1.914145074785299216e-01,-8.613475838847792221e-02,1.015781673891170550e-01,1.683463948353894624e-01,-4.430178822801404959e-01,-6.618298466455847795e-02,-1.264685587890468643e-01,2.630428495233801400e-01,1.391077635920275613e-01,1.256230817715673631e-01,-2.494061104047643751e-01,-3.296559191819659063e-02,-1.439097359676999310e-01,1.039702904864960309e-01,1.420878929280578185e-01,1.425351501606550962e-02,2.274826224304527314e-02,1.957076614981576590e-01,3.657511176381762763e-02,-1.874845595996085246e-01,4.263149570994897997e-02,-6.793867995355107325e-02,1.387450668318152280e-01,-9.971807718690782474e-02,2.923622555757475761e-01,-3.566539109300385230e-02,-5.925878164273720716e-02,-8.574419238423054701e-02,-1.550984810603981967e-01
-3.491830982313092746e-01,-5.445950927409380915e-01,-9.136203516643438549e-01,-1.809820196822680208e-02,-7.325200563864705527e-01,-6.855959950516218870e-02,-2.402740442908413432e-01,1.000000000000000000e+00,-6.021584338275303150e-01,-7.534498594869155630e-01,-3.289655176961112648e-01,-5.514705130416130974e-01,5.161096033655621085e-01,-6.712255998257690148e-01,3.021521544238323642e-01,-6.562078578401079332e-01,-1.785489784659543278e-01,-1.904689736325931582e-01,-5.518039997387439444e-01,1.877298816052102581e-01,-2.742051126366196745e-01,-6.249916456140598431e-01,-5.894374381742933933e-01,-4.691619838335291393e-01,-5.668760183640643158e-01,-7.102916988258912712e-01,-4.257938598924377871e-01,-7.418940944234156953e-01,-4.321423560364117678e-01,-5.437585500302257735e-01,-7.096101236022327452e-01,-3.537414930048086159e-01,-6.644881782052269870e-01,-6.289968533476922863e-01,-3.442647967740632975e-01,-4.307280748856157637e-01,-3.554478316786662262e-01,-1.845851407607004002e-01,-5.964851505774041440e-01
6.600739408176889977e-01,6.195739595625845419e-01,5.813887194629071553e-01,-8.636470864320576479e-02,5.874062837053667385e-01,-1.053387597375537998e-01,-2.378611973978065341e-01,-6.021584338275303150e-01,1.000000000000000000e+00,6.567838787028691394e-01,1.346344106360885251e-01,7.375233520879346250e-01,-5.705320479112355736e-01,5.304254509175428955e-01,2.289083490349655137e-01,7.669639660719473895e-01,5.082428764929342035e-01,1.183329649367176745e-01,5.304759164731308596e-01,-5.769372699169405573e-03,5.746792879455450143e-01,5.813772333672276860e-01,7.344670259292928050e-01,4.614348951125971654e-01,4.828238650313446123e-01,6.155697451867462311e-01,4.764790327396253300e-01,6.863344493695578974e-01,2.817650623481449679e-01,7.030004948898176398e-01,6.280326634936292951e-01,4.304994612461983672e-01,4.738649251476382829e-01,8.255341235767759134e-01,-8.611926294879480859e-02,5.727027519205998285e-01,3.147355478548341523e-01,4.819250287342498051e-01,8.074556241578614291e-01
3.808340527672741671e-01,6.509671330194189975e-01,7.737990832293684118e-01,-1.241121020316892851e-02,6.379181719338605783e-01,1.713670919943698912e-01,1.493547313392476206e-01,-7.534498594869155630e-01,6.567838787028691394e-01,1.000000000000000000e+00,4.894650258796489628e-01,6.847245207178769277e-01,-4.225358976148186341e-01,7.564635551985375850e-01,-2.935856018809439028e-01,7.748812798682028768e-01,2.783071607988097385e-01,1.355440480538001591e-01,5.762316513013201469e-01,-1.728180133379671884e-02,2.412798476632452838e-01,6.225868513991447140e-01,7.693301836864387955e-01,6.553664856332938049e-01,6.854129765183801792e-01,7.453410985894470819e-01,5.306365656217542082e-01,6.119364041205431759e-01,5.531976498083548410e-01,6.932866051379814598e-01,8.054595590058251098e-01,4.967031599063272962e-01,7.161273843310086429e-01,5.976107002323534090e-01,3.923782862510372116e-01,6.456031873281085076e-01,4.906721570774892904e-01,2.042594019290193685e-01,7.448180405145891081e-01
9.000835652952599020e-02,1.737637619161393754e-01,3.702746516044365110e-01,-1.941864033234400877e-01,1.584429890183741141e-01,7.427652680704273092e-01,1.914145074785299216e-01,-3.289655176961112648e-01,1.346344106360885251e-01,4.894650258796489628e-01,1.000000000000000000e+00,2.838764137268657284e-01,-1.319580538774299261e-01,5.971804858441647212e-01,-5.999874488423925234e-01,2.287851425560361029e-01,9.450314593037721644e-02,-2.819652646611177094e-01,2.246044599960077548e-01,-3.577061206877991256e-02,1.679917786686942471e-01,3.419192106000048526e-01,4.674736106017169934e-01,6.911447756608978255e-01,6.760397987258155439e-01,5.880747269230334195e-01,4.921841450725548128e-01,1.786900038700136861e-01,7.406287186093386543e-01,2.112628423409804723e-01,6.040068117846872919e-01,5.399911640795441725e-01,6.531090150989923293e-01,5.333855135232909439e-02,7.414908267800657260e-01,3.900331726892031781e-01,6.150710679761225430e-01,9.234419595979442841e-02,3.358496707999313879e-01
6.054780689345041766e-01,5.586012965547114684e-01,5.688445854926191814e-01,2.830708958968770634e-03,4.923852963068094946e-01,-9.390884890329460888e-02,-8.613475838847792221e-02,-5.514705130416130974e-01,7.375233520879346250e-01,6.847245207178769277e-01,2.838764137268657284e-01,1.000000000000000000e+00,-3.455178062301805242e-01,6.337392238908970965e-01,7.112182018547547058e-02,6.802747619137978763e-01,5.223818927860102157e-01,1.600573148674711010e-01,4.983591664900384188e-01,1.824886676565499466e-01,3.485653731581180859e-01,6.309921780278743286e-01,6.773168247507919126e-01,4.889123945661988380e-01,5.243729800632016547e-01,5.121675310210425103e-01,7.236052546755679105e-01,6.187450283301596521e-01,3.570975174909830629e-01,6.238199741162336887e-01,6.693605570485016143e-01,5.706054688515834750e-01,6.225994461893450405e-01,7.076388892708577183e-01,8.785325509616478956e-02,6.471270269566744560e-01,4.184996570128973747e-01,5.139395943102426090e-01,7.930045674462002925e-01
-4.222906827154016551e-01,-3.692214657105812314e-01,-4.785068787807267299e-01,1.572446023131610360e-01,-4.080437013297030791e-01,4.018292970023439048e-02,1.015781673891170550e-01,5.161096033655621085e-01,-5.705320479112355736e-01,-4.225358976148186341e-01,-1.319580538774299261e-01,-3.455178062301805242e-01,1.000000000000000000e+00,-3.129619806725819076e-01,-4.154415487154223402e-02,-4.576677249167800943e-01,-1.470297396862817185e-01,2.016167033299394104e-02,-4.206888341273474774e-01,1.149873023595858329e-01,-4.970826458873703890e-01,-5.513091093268432941e-01,-3.967589854324871101e-01,-2.678993769890852250e-01,-3.106006041206411661e-01,-5.028929444842543672e-01,-2.359078811890160388e-01,-5.131967972205857542e-01,-1.505403630663766368e-01,-4.026790620897616191e-01,-4.867026835009398145e-01,-6.149204461160155677e-02,-2.716025427231871237e-01,-4.625739358118836075e-01,-3.752662218007725425e-02,-2.374155822374874880e-01,-1.356055849128195157e-01,-2.512130160540291257e-01,-5.116606850041159893e-01
4.136307778798355983e-01,5.914944961441364057e-01,6.996652523039625926e-01,-9.177005438934296433e-02,6.063900070226304617e-01,3.220776003292638023e-01,1.683463948353894624e-01,-6.712255998257690148e-01,5.304254509175428955e-01,7.564635551985375850e-01,5.971804858441647212e-01,6.337392238908970965e-01,-3.129619806725819076e-01,1.000000000000000000e+00,-3.810036967396238650e-01,6.542019133045589019e-01,2.900360875880362843e-01,7.203204220169186212e-02,3.892530535318566298e-01,-2.943565349905999731e-02,2.385702424468153782e-01,6.072702621744432427e-01,6.661516041846313740e-01,7.543074345509304113e-01,7.484065465941036610e-01,7.316466594692427883e-01,6.402568749893446931e-01,5.866210351127323364e-01,6.880157420153047987e-01,5.555667664158741026e-01,7.781349782835043083e-01,7.056079594465847205e-01,8.329556463426111002e-01,5.599108907987991879e-01,5.532000510966407214e-01,6.303294510957396790e-01,6.885791251003720026e-01,3.003305430518655172e-01,6.031350713942554842e-01
3.147291487752825745e-01,-1.827917315113517654e-02,-3.420802116271100535e-01,1.950678548888683597e-02,-1.186946559369166376e-01,-5.407982803738838884e-01,-4.430178822801404959e-01,3.021521544238323642e-01,2.289083490349655137e-01,-2.935856018809439028e-01,-5.999874488423925234e-01,7.112182018547547058e-02,-4.154415487154223402e-02,-3.810036967396238650e-01,1.000000000000000000e+00,1.782493548857454202e-02,3.804574702289388322e-01,1.676708058533656620e-01,-3.443125522090809826e-03,3.478895182782884010e-01,2.779522455734177999e-01,-7.532474295986124613e-02,-7.082747379965842471e-02,-2.799275732960676000e-01,-3.928778561603969433e-01,-3.824328887521041276e-01,-1.117711247836964544e-01,-6.134720479760615020e-02,-4.666058529406251765e-01,3.630239904371741766e-02,-3.931427769495354774e-01,-1.761314482393997738e-01,-4.337394087071974602e-01,2.168417507857925974e-01,-7.618302481289761507e-01,-8.776847958728677124e-02,-3.437680730120751815e-01,2.972129188189706062e-01,4.754623841162756125e-03
6.164987296001607220e-01,8.282397378586803249e-01,6.569312780825106168e-01,-5.203211149474644415e-02,6.598719515917317313e-01,-1.053986996185394924e-02,-6.618298466455847795e-02,-6.562078578401079332e-01,7.669639660719473895e-01,7.748812798682028768e-01,2.287851425560361029e-01,6.802747619137978763e-01,-4.576677249167800943e-01,6.542019133045589019e-01,1.782493548857454202e-02,1.000000000000000000e+00,4.311555167533635546e-01,1.759596664600443783e-01,4.598965856297083099e-01,1.524485805360498505e-02,3.726343383628864525e-01,6.468958489371883225e-01,7.700768314591307506e-01,5.532241394144572499e-01,5.692639116954880674e-01,6.541116303841294499e-01,4.468300050034922921e-01,6.260206483639456643e-01,4.432300360444700882e-01,7.941256146216751910e-01,6.647179754305340138e-01,4.552406776943385136e-01,5.810625615692686097e-01,7.457854975929015806e-01,1.262489912746217191e-01,6.823729016497370736e-01,4.472751826004848219e-01,3.748669974740493904e-01,7.128706070198180811e-01
6.965431750577197878e-01,3.424990016691447647e-01,1.758322319809081657e-01,-1.575420816759980427e-02,2.054491124556056814e-01,-1.057586729237289802e-01,-1.264685587890468643e-01,-1.785489784659543278e-01,5.082428764929342035e-01,2.783071607988097385e-01,9.450314593037721644e-02,5.223818927860102157e-01,-1.470297396862817185e-01,2.900360875880362843e-01,3.804574702289388322e-01,4.311555167533635546e-01,1.000000000000000000e+00,2.390826570677423990e-01,2.855905188867275957e-01,2.987963890085950092e-01,3.830260226569077719e-01,3.953491592722976344e-01,4.293281863662836706e-01,3.396952307866019649e-01,2.101516336472873392e-01,1.727771981953424296e-01,5.700913186288316670e-01,3.640430514423866892e-01,2.164074742498460491e-01,4.175691144568881019e-01,1.815367904752386574e-01,3.593178336378606286e-01,2.391299365328254656e-01,5.146560327920772782e-01,-1.984014580297555619e-01,3.946399310508634239e-01,1.189760453354913594e-01,6.839168047431497532e-01,3.977469457087544624e-01
1.408852532655050505e-01,1.207073236535760735e-01,1.960934838354601306e-01,4.574467733072681841e-01,2.673933853414774409e-01,-3.925498982061648157e-01,2.630428495233801400e-01,-1.904689736325931582e-01,1.183329649367176745e-01,1.355440480538001591e-01,-2.819652646611177094e-01,1.600573148674711010e-01,2.016167033299394104e-02,7.203204220169186212e-02,1.676708058533656620e-01,1.759596664600443783e-01,2.390826570677423990e-01,1.000000000000000000e+00,3.679227756389196746e-01,2.057481441462024885e-01,-1.204604571520668660e-01,7.351307626024895792e-02,-3.557655186488650062e-02,-2.677220710152147451e-02,-1.667473057649127566e-01,-7.893767674894798525e-02,1.255354535548973416e-01,1.676691084807875043e-01,-1.766924677966247859e-01,2.111821106663834824e-01,-1.214425140153039262e-01,-5.792061871951879187e-02,-6.127856895586738378e-02,1.943190924196983582e-01,-2.803707066919519653e-01,-1.510112163323633350e-02,-2.217472520991873586e-01,2.357472068369075302e-01,-4.128044655002530844e-02
2.911224826943721311e-01,2.422497268500726220e-01,5.492867826259538733e-01,1.241534596675911983e-01,3.615228806559095953e-01,-2.139231240827555586e-02,1.391077635920275613e-01,-5.518039997387439444e-01,5.304759164731308596e-01,5.762316513013201469e-01,2.246044599960077548e-01,4.983591664900384188e-01,-4.206888341273474774e-01,3.892530535318566298e-01,-3.443125522090809826e-03,4.598965856297083099e-01,2.855905188867275957e-01,3.679227756389196746e-01,1.000000000000000000e+00,8.993116357904756830e-02,2.336542153517318920e-01,4.686652242480761066e-01,4.309950857751621567e-01,4.371518591096566486e-01,3.616365429162555767e-01,4.700364643042396762e-01,3.486759350410852387e-01,5.177504622118929145e-01,2.370208885446801195e-01,4.712079887102891274e-01,4.570988576519362523e-01,1.855355150500138661e-01,3.925220004482269931e-01,4.103021130378159964e-01,7.263754072823874752e-02,2.154515237938153527e-01,9.897480652875405294e-02,2.849372170175133445e-01,4.518706377415636632e-01
1.884166150524557715e-01,-6.945784611036068517e-04,-1.714163861875440398e-01,2.962352479294619867e-01,-9.628058981219396462e-02,-1.892286579626673848e-01,1.256230817715673631e-01,1.877298816052102581e-01,-5.769372699169405573e-03,-1.728180133379671884e-02,-3.577061206877991256e-02,1.824886676565499466e-01,1.149873023595858329e-01,-2.943565349905999731e-02,3.478895182782884010e-01,1.524485805360498505e-02,2.987963890085950092e-01,2.057481441462024885e-01,8.993116357904756830e-02,1.000000000000000000e+00,4.097602582775963093e-02,1.291574830612812752e-01,-2.587356785523954594e-02,9.856717801513031896e-02,-6.440900060873505639e-02,-2.187669329780867478e-01,2.273030253971964898e-01,-8.328642403276832751e-02,-9.528747051101633947e-02,-3.260619416626214795e-02,-1.516216745003034772e-01,7.713804353775277622e-02,-3.928866596188790999e-02,2.092194622376294597e-02,-2.027222247983795078e-01,1.669064298416749956e-02,-4.828012486750695581e-02,2.583561010668750657e-01,2.254413978517739309e-02
5.517009978407176884e-01,2.173015150469488344e-01,2.224366515541683631e-01,-1.974929170117691313e-01,1.918142253345435921e-01,1.053838092473636939e-01,-2.494061104047643751e-01,-2.742051126366196745e-01,5.746792879455450143e-01,2.412798476632452838e-01,1.679917786686942471e-01,3.485653731581180859e-01,-4.970826458873703890e-01,2.385702424468153782e-01,2.779522455734177999e-01,3.726343383628864525e-01,3.830260226569077719e-01,-1.204604571520668660e-01,2.336542153517318920e-01,4.097602582775963093e-02,1.000000000000000000e+00,4.142582323588654414e-01,4.536651192369388075e-01,3.706379496393943374e-01,3.083788250525727470e-01,3.434106104158377026e-01,3.689092150295138484e-01,4.468772920375370661e-01,1.912978611721792566e-01,2.322135120845212342e-01,3.057126659728113816e-01,3.027082729078683920e-01,2.435234505887292622e-01,4.502791593077357102e-01,-8.252537239108853617e-02,2.482261251723161533e-01,2.158664026476822817e-01,4.739787029031538590e-01,4.788354080406195257e-01
6.242939170652520575e-01,5.868067024047411984e-01,6.241563720082249356e-01,-2.011724481789151087e-01,4.808684969991369185e-01,5.882036468894987630e-02,-3.296559191819659063e-02,-6.249916456140598431e-01,5.813772333672276860e-01,6.225868513991447140e-01,3.419192106000048526e-01,6.309921780278743286e-01,-5.513091093268432941e-01,6.072702621744432427e-01,-7.532474295986124613e-02,6.468958489371883225e-01,3.953491592722976344e-01,7.351307626024895792e-02,4.686652242480761066e-01,1.291574830612812752e-01,4.142582323588654414e-01,1.000000000000000000e+00,5.777561192452062011e-01,5.532349743041311552e-01,5.360733108495974175e-01,5.995347370406176601e-01,6.113484455055075983e-01,5.656037462992430376e-01,4.470818889991015621e-01,5.488083913318894114e-01,6.309751943324245493e-01,3.833750464624430809e-01,6.299336845071531465e-01,5.768672937098250353e-01,2.674179485398995859e-01,3.812752354435735569e-01,3.817632886570617723e-01,4.262590959209469066e-01,5.929103332721333830e-01
5.947978147863892673e-01,6.804074620153853781e-01,6.013566618189006840e-01,-2.303800653994067249e-01,5.449319057883962314e-01,2.264178745000893223e-01,-1.439097359676999310e-01,-5.894374381742933933e-01,7.344670259292928050e-01,7.693301836864387955e-01,4.674736106017169934e-01,6.773168247507919126e-01,-3.967589854324871101e-01,6.661516041846313740e-01,-7.082747379965842471e-02,7.700768314591307506e-01,4.293281863662836706e-01,-3.557655186488650062e-02,4.309950857751621567e-01,-2.587356785523954594e-02,4.536651192369388075e-01,5.777561192452062011e-01,1.000000000000000000e+00,6.752093261406993951e-01,6.489326122447597323e-01,7.465408210547175294e-01,5.485990013529299381e-01,5.259450054175901501e-01,6.083940196716399740e-01,7.326851988408610294e-01,7.331008056184170618e-01,6.068625249063037685e-01,6.764260896859163319e-01,6.290890605075886155e-01,2.873570909152066144e-01,7.416767604221699006e-01,5.606955873326152640e-01,3.140853310424699396e-01,8.010649373778175875e-01
4.113283661644661637e-01,4.579641687173343079e-01,4.904308191645550541e-01,-1.546377753023309709e-01,3.688239024630793894e-01,4.645321377653245376e-01,1.039702904864960309e-01,-4.691619838335291393e-01,4.614348951125971654e-01,6.553664856332938049e-01,6.911447756608978255e-01,4.889123945661988380e-01,-2.678993769890852250e-01,7.543074345509304113e-01,-2.799275732960676000e-01,5.532241394144572499e-01,3.396952307866019649e-01,-2.677220710152147451e-02,4.371518591096566486e-01,9.856717801513031896e-02,3.706379496393943374e-01,5.532349743041311552e-01,6.752093261406993951e-01,1.000000000000000000e+00,7.327821504191562862e-01,6.751278262130107066e-01,5.820277295076322632e-01,3.947403069073963100e-01,7.089919818550941555e-01,4.950307675763497284e-01,6.423754825641256883e-01,6.395853037577960976e-01,7.130112546380651395e-01,3.998048640976827328e-01,5.359536018256871870e-01,5.292920907767288963e-01,6.475935335379271462e-01,3.447911472881692863e-01,5.208254268080128035e-01
2.721619425600974584e-01,5.214062414949799384e-01,5.842805102656697391e-01,-1.879048308523448008e-01,4.657029928249669104e-01,5.211657321708743629e-01,1.420878929280578185e-01,-5.668760183640643158e-01,4.828238650313446123e-01,6.854129765183801792e-01,6.760397987258155439e-01,5.243729800632016547e-01,-3.106006041206411661e-01,7.484065465941036610e-01,-3.928778561603969433e-01,5.692639116954880674e-01,2.101516336472873392e-01,-1.667473057649127566e-01,3.616365429162555767e-01,-6.440900060873505639e-02,3.083788250525727470e-01,5.360733108495974175e-01,6.489326122447597323e-01,7.327821504191562862e-01,1.000000000000000000e+00,7.380987865923690494e-01,4.872394652007610572e-01,5.521373731192459333e-01,6.517667779321788535e-01,4.496833817022411472e-01,7.848971742136182650e-01,6.085582613283274656e-01,7.608908474601163707e-01,4.598715490811867701e-01,5.672387921431544244e-01,5.737713184274136902e-01,6.860120389138713026e-01,1.480697371958671626e-01,5.779230311496856842e-01
3.962102568815467629e-01,5.788276640092998582e-01,7.207392764463013135e-01,-2.667849820237652159e-01,5.565785253383532805e-01,4.157428166612961440e-01,1.425351501606550962e-02,-7.102916988258912712e-01,6.155697451867462311e-01,7.453410985894470819e-01,5.880747269230334195e-01,5.121675310210425103e-01,-5.028929444842543672e-01,7.316466594692427883e-01,-3.824328887521041276e-01,6.541116303841294499e-01,1.727771981953424296e-01,-7.893767674894798525e-02,4.700364643042396762e-01,-2.187669329780867478e-01,3.434106104158377026e-01,5.995347370406176601e-01,7.465408210547175294e-01,6.751278262130107066e-01,7.380987865923690494e-01,1.000000000000000000e+00,4.472814956577711443e-01,5.805958336865806313e-01,6.786283592760335992e-01,6.085370842566534266e-01,8.126100949626274828e-01,5.074987658351906017e-01,7.647245014947942066e-01,5.210626665645951006e-01,5.398053594336913452e-01,5.647538495497302913e-01,5.738144759064357503e-01,1.819280778636341300e-01,6.595101597215268230e-01
6.357060418585034345e-01,3.430878825052461334e-01,4.545787347499903319e-01,-9.584859044535304351e-02,3.283822853657388241e-01,1.562439690179632246e-01,2.274826224304527314e-02,-4.257938598924377871e-01,4.764790327396253300e-01,5.306365656217542082e-01,4.921841450725548128e-01,7.236052546755679105e-01,-2.359078811890160388e-01,6.402568749893446931e-01,-1.117711247836964544e-01,4.468300050034922921e-01,5.700913186288316670e-01,1.255354535548973416e-01,3.486759350410852387e-01,2.273030253971964898e-01,3.689092150295138484e-01,6.113484455055075983e-01,5.485990013529299381e-01,5.820277295076322632e-01,4.872394652007610572e-01,4.472814956577711443e-01,1.000000000000000000e+00,4.594731938020716333e-01,5.441409890966291130e-01,4.110693206164081070e-01,5.382794851319343543e-01,6.257810458605095327e-01,6.662133267945160586e-01,4.801602248737062983e-01,3.020891270220117941e-01,5.203671967962607559e-01,4.388734984746031631e-01,6.228793065444937493e-01,5.819529362887575497e-01
4.648305777623508162e-01,4.952161395378641973e-01,7.138855394494565410e-01,4.141899479055689837e-02,5.874984796319256963e-01,-4.005376634922994811e-02,1.957076614981576590e-01,-7.418940944234156953e-01,6.863344493695578974e-01,6.119364041205431759e-01,1.786900038700136861e-01,6.187450283301596521e-01,-5.131967972205857542e-01,5.866210351127323364e-01,-6.134720479760615020e-02,6.260206483639456643e-01,3.640430514423866892e-01,1.676691084807875043e-01,5.177504622118929145e-01,-8.328642403276832751e-02,4.468772920375370661e-01,5.656037462992430376e-01,5.259450054175901501e-01,3.947403069073963100e-01,5.521373731192459333e-01,5.805958336865806313e-01,4.594731938020716333e-01,1.000000000000000000e+00,2.459491969841933467e-01,4.516419116275147694e-01,6.303074843922471526e-01,3.132553947748017986e-01,5.529519234107707071e-01,7.133783616592906940e-01,8.995846693838929764e-02,4.401560601194866584e-01,2.327437332538997705e-01,3.766442394809793037e-01,6.184620333668237047e-01
3.642386978099341754e-01,4.246987996336422655e-01,4.698340281937514740e-01,-2.899035331276881289e-01,3.261550635064837667e-01,6.276054794120502489e-01,3.657511176381762763e-02,-4.321423560364117678e-01,2.817650623481449679e-01,5.531976498083548410e-01,7.406287186093386543e-01,3.570975174909830629e-01,-1.505403630663766368e-01,6.880157420153047987e-01,-4.666058529406251765e-01,4.432300360444700882e-01,2.164074742498460491e-01,-1.766924677966247859e-01,2.370208885446801195e-01,-9.528747051101633947e-02,1.912978611721792566e-01,4.470818889991015621e-01,6.083940196716399740e-01,7.089919818550941555e-01,6.517667779321788535e-01,6.786283592760335992e-01,5.441409890966291130e-01,2.459491969841933467e-01,1.000000000000000000e+00,4.818912491144712318e-01,6.038481820580123838e-01,6.192330413961597557e-01,7.635517454099685075e-01,2.566428925629799518e-01,7.190903717927983330e-01,5.230268427636193262e-01,6.568344290415298881e-01,2.170083428040679718e-01,3.913385894128706410e-01
5.845349412416314117e-01,7.280703237815547846e-01,5.583396309671113666e-01,-6.524945731552476980e-02,5.442933370793853198e-01,4.451355430905926981e-03,-1.874845595996085246e-01,-5.437585500302257735e-01,7.030004948898176398e-01,6.932866051379814598e-01,2.112628423409804723e-01,6.238199741162336887e-01,-4.026790620897616191e-01,5.555667664158741026e-01,3.630239904371741766e-02,7.941256146216751910e-01,4.175691144568881019e-01,2.111821106663834824e-01,4.712079887102891274e-01,-3.260619416626214795e-02,2.322135120845212342e-01,5.488083913318894114e-01,7.326851988408610294e-01,4.950307675763497284e-01,4.496833817022411472e-01,6.085370842566534266e-01,4.110693206164081070e-01,4.516419116275147694e-01,4.818912491144712318e-01,1.000000000000000000e+00,5.676625122133016621e-01,4.103358623904494462e-01,5.096930648076322123e-01,6.316403800146299652e-01,1.188148130698500060e-01,6.253849513181819475e-01,3.603551393465649344e-01,3.359550378960297623e-01,6.471308069607571989e-01
3.475249890362684391e-01,6.019113482934786985e-01,7.268676380891584410e-01,-2.056988740793328496e-01,5.599868532821214995e-01,3.196451059477116163e-01,4.263149570994897997e-02,-7.096101236022327452e-01,6.280326634936292951e-01,8.054595590058251098e-01,6.040068117846872919e-01,6.693605570485016143e-01,-4.867026835009398145e-01,7.781349782835043083e-01,-3.931427769495354774e-01,6.647179754305340138e-01,1.815367904752386574e-01,-1.214425140153039262e-01,4.570988576519362523e-01,-1.516216745003034772e-01,3.057126659728113816e-01,6.309751943324245493e-01,7.331008056184170618e-01,6.423754825641256883e-01,7.848971742136182650e-01,8.126100949626274828e-01,5.382794851319343543e-01,6.303074843922471526e-01,6.038481820580123838e-01,5.676625122133016621e-01,1.000000000000000000e+00,5.774293567816358719e-01,7.808890400515531294e-01,5.480369030146053921e-01,5.020785827371229137e-01,6.222770401758632719e-01,6.394018027578042274e-01,1.408500957620553717e-01,7.557098258925707412e-01
4.015588086205856833e-01,4.035271100700698055e-01,3.925866178434959108e-01,-1.670804198739121449e-01,3.322308973893632333e-01,3.546601226275263863e-01,-6.793867995355107325e-02,-3.537414930048086159e-01,4.304994612461983672e-01,4.967031599063272962e-01,5.399911640795441725e-01,5.706054688515834750e-01,-6.149204461160155677e-02,7.056079594465847205e-01,-1.761314482393997738e-01,4.552406776943385136e-01,3.593178336378606286e-01,-5.792061871951879187e-02,1.855355150500138661e-01,7.713804353775277622e-02,3.027082729078683920e-01,3.833750464624430809e-01,6.068625249063037685e-01,6.395853037577960976e-01,6.085582613283274656e-01,5.074987658351906017e-01,6.257810458605095327e-01,3.132553947748017986e-01,6.192330413961597557e-01,4.103358623904494462e-01,5.774293567816358719e-01,1.000000000000000000e+00,6.931388235643298756e-01,3.850282034175238621e-01,4.284080487315015673e-01,6.114925621444351478e-01,8.000761932313948943e-01,3.165988090848614878e-01,5.028257424642131879e-01
4.117963220700425198e-01,5.297248451784376533e-01,6.982282299379889423e-01,-1.962255597984358391e-01,4.875527304183742694e-01,3.959081578084562292e-01,1.387450668318152280e-01,-6.644881782052269870e-01,4.738649251476382829e-01,7.161273843310086429e-01,6.531090150989923293e-01,6.225994461893450405e-01,-2.716025427231871237e-01,8.329556463426111002e-01,-4.337394087071974602e-01,5.810625615692686097e-01,2.391299365328254656e-01,-6.127856895586738378e-02,3.925220004482269931e-01,-3.928866596188790999e-02,2.435234505887292622e-01,6.299336845071531465e-01,6.764260896859163319e-01,7.130112546380651395e-01,7.608908474601163707e-01,7.647245014947942066e-01,6.662133267945160586e-01,5.529519234107707071e-01,7.635517454099685075e-01,5.096930648076322123e-01,7.808890400515531294e-01,6.931388235643298756e-01,1.000000000000000000e+00,4.682220570444562413e-01,6.414571362782005570e-01,5.905098740570239313e-01,6.876803843020068419e-01,2.584051006154642893e-01,5.900423657518333309e-01
6.549589583111071756e-01,6.480489591649500891e-01,6.078924473687939978e-01,2.143653637270170800e-03,7.336938963834402916e-01,-1.797419757776465843e-01,-9.971807718690782474e-02,-6.289968533476922863e-01,8.255341235767759134e-01,5.976107002323534090e-01,5.333855135232909439e-02,7.076388892708577183e-01,-4.625739358118836075e-01,5.599108907987991879e-01,2.168417507857925974e-01,7.457854975929015806e-01,5.146560327920772782e-01,1.943190924196983582e-01,4.103021130378159964e-01,2.092194622376294597e-02,4.502791593077357102e-01,5.768672937098250353e-01,6.290890605075886155e-01,3.998048640976827328e-01,4.598715490811867701e-01,5.210626665645951006e-01,4.801602248737062983e-01,7.133783616592906940e-01,2.566428925629799518e-01,6.316403800146299652e-01,5.480369030146053921e-01,3.850282034175238621e-01,4.682220570444562413e-01,1.000000000000000000e+00,-8.255838780710184066e-02,5.514576517023977997e-01,2.703980306227652952e-01,4.908143285938355582e-01,7.016272997999094541e-01
-7.794284614239802012e-02,1.562569182226115627e-01,3.883275263471371308e-01,-2.060967088540315850e-01,1.690451288992339818e-01,6.783634906759418159e-01,2.923622555757475761e-01,-3.442647967740632975e-01,-8.611926294879480859e-02,3.923782862510372116e-01,7.414908267800657260e-01,8.785325509616478956e-02,-3.752662218007725425e-02,5.532000510966407214e-01,-7.618302481289761507e-01,1.262489912746217191e-01,-1.984014580297555619e-01,-2.803707066919519653e-01,7.263754072823874752e-02,-2.027222247983795078e-01,-8.252537239108853617e-02,2.674179485398995859e-01,2.873570909152066144e-01,5.359536018256871870e-01,5.672387921431544244e-01,5.398053594336913452e-01,3.020891270220117941e-01,8.995846693838929764e-02,7.190903717927983330e-01,1.188148130698500060e-01,5.020785827371229137e-01,4.284080487315015673e-01,6.414571362782005570e-01,-8.255838780710184066e-02,1.000000000000000000e+00,2.902311552745535650e-01,5.924325017283100792e-01,-1.107551946307112761e-01,1.328803669797346265e-01
4.950697982849989187e-01,6.453537085625437042e-01,4.617531865173141736e-01,-9.490206652688955302e-02,4.762512710321527010e-01,1.728205744246879560e-01,-3.566539109300385230e-02,-4.307280748856157637e-01,5.727027519205998285e-01,6.456031873281085076e-01,3.900331726892031781e-01,6.471270269566744560e-01,-2.374155822374874880e-01,6.303294510957396790e-01,-8.776847958728677124e-02,6.823729016497370736e-01,3.946399310508634239e-01,-1.510112163323633350e-02,2.154515237938153527e-01,1.669064298416749956e-02,2.482261251723161533e-01,3.812752354435735569e-01,7.416767604221699006e-01,5.292920907767288963e-01,5.737713184274136902e-01,5.647538495497302913e-01,5.203671967962607559e-01,4.401560601194866584e-01,5.230268427636193262e-01,6.253849513181819475e-01,6.222770401758632719e-01,6.114925621444351478e-01,5.905098740570239313e-01,5.514576517023977997e-01,2.902311552745535650e-01,1.000000000000000000e+00,5.902338614137161432e-01,3.088440211223897336e-01,6.683778086091063386e-01
2.429225946743812092e-01,4.693803841407280242e-01,3.946250651267580456e-01,-2.956010359859940761e-01,3.255845100557423488e-01,4.861408805752006068e-01,-5.925878164273720716e-02,-3.554478316786662262e-01,3.147355478548341523e-01,4.906721570774892904e-01,6.150710679761225430e-01,4.184996570128973747e-01,-1.356055849128195157e-01,6.885791251003720026e-01,-3.437680730120751815e-01,4.472751826004848219e-01,1.189760453354913594e-01,-2.217472520991873586e-01,9.897480652875405294e-02,-4.828012486750695581e-02,2.158664026476822817e-01,3.817632886570617723e-01,5.606955873326152640e-01,6.475935335379271462e-01,6.860120389138713026e-01,5.738144759064357503e-01,4.388734984746031631e-01,2.327437332538997705e-01,6.568344290415298881e-01,3.603551393465649344e-01,6.394018027578042274e-01,8.000761932313948943e-01,6.876803843020068419e-01,2.703980306227652952e-01,5.924325017283100792e-01,5.902338614137161432e-01,1.000000000000000000e+00,8.320570448797322272e-02,4.303431978048004036e-01
7.265452207696944109e-01,2.047290890083207915e-01,1.706815834147598077e-01,9.424914009188692376e-02,1.709347188081415114e-01,-8.759037584198769988e-02,-8.574419238423054701e-02,-1.845851407607004002e-01,4.819250287342498051e-01,2.042594019290193685e-01,9.234419595979442841e-02,5.139395943102426090e-01,-2.512130160540291257e-01,3.003305430518655172e-01,2.972129188189706062e-01,3.748669974740493904e-01,6.839168047431497532e-01,2.357472068369075302e-01,2.849372170175133445e-01,2.583561010668750657e-01,4.739787029031538590e-01,4.262590959209469066e-01,3.140853310424699396e-01,3.447911472881692863e-01,1.480697371958671626e-01,1.819280778636341300e-01,6.228793065444937493e-01,3.766442394809793037e-01,2.170083428040679718e-01,3.359550378960297623e-01,1.408500957620553717e-01,3.165988090848614878e-01,2.584051006154642893e-01,4.908143285938355582e-01,-1.107551946307112761e-01,3.088440211223897336e-01,8.320570448797322272e-02,1.000000000000000000e+00,3.393042141355893104e-01
5.647482466922280064e-01,6.037966272181232164e-01,5.968877673925672145e-01,-1.445108114269559041e-01,5.495735025188565048e-01,2.744974004837725037e-02,-1.550984810603981967e-01,-5.964851505774041440e-01,8.074556241578614291e-01,7.448180405145891081e-01,3.358496707999313879e-01,7.930045674462002925e-01,-5.116606850041159893e-01,6.031350713942554842e-01,4.754623841162756125e-03,7.128706070198180811e-01,3.977469457087544624e-01,-4.128044655002530844e-02,4.518706377415636632e-01,2.254413978517739309e-02,4.788354080406195257e-01,5.929103332721333830e-01,8.010649373778175875e-01,5.208254268080128035e-01,5.779230311496856842e-01,6.595101597215268230e-01,5.819529362887575497e-01,6.184620333668237047e-01,3.913385894128706410e-01,6.471308069607571989e-01,7.557098258925707412e-01,5.028257424642131879e-01,5.900423657518333309e-01,7.016272997999094541e-01,1.328803669797346265e-01,6.683778086091063386e-01,4.303431978048004036e-01,3.393042141355893104e-01,1.000000000000000000e+00
