1.000000000000000000e+00,8.398506229739428619e-01,6.417647588799363367e-01,1.709144181687111963e-01,5.622006553135543427e-01,-8.594841547359534373e-02,-3.485680211444827648e-01,-3.844621799009113605e-01,6.978532721555111840e-01,6.713452671113976367e-01,-2.082507069789685805e-01,4.424784367412872843e-01,-3.503184039863296295e-01,6.914114908731069375e-01,4.594827243473839085e-01,7.036678900749461230e-01,2.632187818003127178e-01,5.863006200442901772e-01,6.021659783815672684e-01,3.745281389887428203e-01,1.397067032847095769e-01,4.017217159881282251e-01,6.777983027417893158e-01,2.128999387984763236e-01,6.277348548775030235e-01,6.872671182546842283e-01,5.367621118398026026e-01,5.164084954084852130e-01,2.817155843217069092e-02,7.375215603860991731e-01,3.219864765994384093e-01,2.550653625766330368e-01,5.075856587160419986e-01,6.902412557027349793e-01,-1.784744171762441822e-01,4.399170822810253290e-01,-2.668667456980883951e-02,6.272882361187313016e-01,6.509630206689005494e-01
8.398506229739428619e-01,1.000000000000000000e+00,5.784985586246808031e-01,1.653660031143601994e-01,5.333826771031024983e-01,1.096389049645950589e-02,-2.352137224320073050e-01,-3.384304258402102694e-01,6.769192488272771646e-01,7.596125386885440589e-01,1.020850060382743132e-02,3.676403974050431733e-01,-1.702106998138179783e-01,6.636324042267517376e-01,3.199046627433376755e-01,6.653796714669035772e-01,2.902938024216458746e-01,5.333087669813671994e-01,5.179872024636107408e-01,2.868212878382138675e-01,1.463094467182060321e-01,3.630677850949630692e-01,6.867562093178622984e-01,2.994957737832206202e-01,5.711522493758891539e-01,6.152184867107066690e-01,5.705746096307471316e-01,4.699846507614288127e-01,5.399178407081387659e-02,7.407400445064584726e-01,3.870961035949809781e-01,4.795640868023044456e-01,4.915297178481727314e-01,5.825124086843178617e-01,-1.032348129984136803e-01,4.074584463090828446e-01,6.778052602230190404e-02,5.430891902379065828e-01,6.155024296848344845e-01
6.417647588799363367e-01,5.784985586246808031e-01,1.000000000000000000e+00,-1.713303225038534383e-01,8.414239075178799876e-01,7.920530063549977018e-02,-6.235049213131504953e-01,-5.483670187035065702e-01,7.447260226802082661e-01,6.969384120568706820e-01,-3.925386032523940916e-01,3.706765157647000097e-01,-4.268918911123325000e-01,7.237845709352457302e-01,3.436316386176439530e-01,3.761720277481461761e-01,4.604459535548093840e-01,4.883662835152797754e-01,6.976042580276613503e-01,4.505712229911994493e-01,4.326361188488635490e-01,4.997188727462709701e-01,7.692466254283205629e-01,3.830940323179615747e-01,7.331965560589102093e-01,7.584139615705582926e-01,6.788338324537990243e-01,7.721207937108719443e-01,2.082778566141977872e-01,7.442492342110326176e-01,5.675033914721060446e-01,2.858647188816607065e-01,6.655681933239249171e-01,8.114901663333111692e-01,1.303383122034510594e-02,4.081609795021607923e-01,2.084843715966116784e-01,7.951534285219225007e-01,5.769439048843950646e-01
1.709144181687111963e-01,1.653660031143601994e-01,-1.713303225038534383e-01,1.000000000000000000e+00,-3.278013388609102297e-01,-5.218241095147799768e-01,3.573770424918251143e-01,2.791997688673841793e-01,-1.242730438926071823e-01,-1.998090798436451265e-01,1.949717431165678694e-01,4.426363922214391899e-01,8.886231224127397188e-02,-1.620937154388883417e-01,4.652159083279148732e-01,5.406103959452106533e-01,-5.605987809829826585e-01,4.513268930373313115e-01,1.685570154551815913e-01,3.114558282919626664e-01,-5.132909787768804577e-01,9.464165486144196504e-02,-2.007942113349233670e-01,-4.986619755415026556e-01,-3.187340144781122264e-01,-3.052392996705010075e-01,-3.418138353860669110e-01,-4.066339516376218377e-01,-6.310488684633588363e-01,-1.220336069429785453e-01,-5.352591537824291645e-01,-2.558214519957821564e-01,-1.694022728293863578e-01,1.271050133276431238e-01,-5.798685838119793656e-01,2.787958413508159761e-01,-6.437924266055258249e-01,-3.281376437433142779e-01,2.336648476719543066e-01
5.622006553135543427e-01,5.333826771031024983e-01,8.414239075178799876e-01,-3.278013388609102297e-01,1.000000000000000000e+00,1.634144620164072748e-01,-6.896308511786058970e-01,-6.691391037329659230e-01,7.644679535957593641e-01,6.806271616388097634e-01,-3.006329912041124652e-01,2.638345593745948792e-01,-4.146740608057312150e-01,7.028619583581193764e-01,2.152818759915574864e-01,2.486392125759535610e-01,5.291532424433658122e-01,3.657637794684551191e-01,6.121148691910863748e-01,2.132958163213746761e-01,4.770762517296491811e-01,3.827994939689400855e-01,8.012888087602532128e-01,4.377406152726340816e-01,7.926039474049235700e-01,7.577372171274042723e-01,6.725623493541920128e-01,7.117236271540756665e-01,3.107737860743011171e-01,7.475964801043056829e-01,5.859989921370044597e-01,4.105138276498035421e-01,5.348622562785813050e-01,6.723938529024063859e-01,1.131277680134330360e-01,3.924883551597341813e-01,3.553024129309311774e-01,8.228024711636932054e-01,5.455959300066099971e-01
-8.594841547359534373e-02,1.096389049645950589e-02,7.920530063549977018e-02,-5.218241095147799768e-01,1.634144620164072748e-01,1.000000000000000000e+00,4.254503334272893150e-02,-1.805878024474518451e-01,2.029233059760348623e-01,3.719026533529737333e-01,-1.534213867285965927e-01,-6.969342664849166313e-01,-8.730310249458134164e-02,2.685252982585388248e-01,-6.160792948114132139e-01,-4.735245172461886587e-01,7.426634628831546570e-01,-4.501717297516631411e-01,-3.318856481868475150e-01,-3.021042962062327475e-01,1.052443484943308416e-01,-4.161886400102904338e-01,2.592659358518105694e-01,8.223524994560232892e-01,3.066825544160046157e-01,3.523524693751769465e-01,3.716771561053891504e-01,4.795651959446911583e-01,8.567120093817121029e-01,1.467369939727897754e-01,5.595998977191939394e-01,3.628810620564051903e-01,3.184075049292036108e-01,-2.359193205462319087e-01,8.587633756784683881e-01,-4.955310396468963208e-01,8.146237628669110720e-01,1.998597443978365473e-01,-4.156950773037726421e-01
-3.485680211444827648e-01,-2.352137224320073050e-01,-6.235049213131504953e-01,3.573770424918251143e-01,-6.896308511786058970e-01,4.254503334272893150e-02,1.000000000000000000e+00,5.796465108385733256e-01,-5.697509391814453705e-01,-3.399915470069335699e-01,2.777698082154708148e-01,-4.237040903781789658e-01,5.723748711631112540e-01,-4.442828066633422446e-01,-3.939017802488283815e-01,-1.112829152987899334e-01,-2.841008212683732159e-01,-3.191162014076513453e-01,-5.937370352411601715e-01,-6.596156908523726457e-03,-2.607892673452608112e-01,-2.571652307098332702e-01,-5.838723390701738847e-01,-1.258418074091133820e-01,-6.070344094446746830e-01,-5.267746181984569454e-01,-4.136901603880986933e-01,-4.063935183719403765e-01,-7.531333388202708645e-02,-5.699023238450749984e-01,-2.390806770666673020e-01,-1.758736047656039025e-01,-1.589144427726803255e-01,-6.501566137198452333e-01,1.382113006751398698e-01,-4.567276646055316025e-01,-1.253945178822650219e-01,-7.164886197052806605e-01,-5.872789680432189963e-01
-3.844621799009113605e-01,-3.384304258402102694e-01,-5.483670187035065702e-01,2.791997688673841793e-01,-6.691391037329659230e-01,-1.805878024474518451e-01,5.796465108385733256e-01,1.000000000000000000e+00,-6.242049956180300008e-01,-4.010978101916064520e-01,2.730716388854982357e-01,-1.732980358884974800e-02,5.818070105440850126e-01,-4.768803651664716425e-01,-3.162832127317413006e-02,-5.711048503738543752e-03,-4.590746626322993462e-01,-2.182692636168704070e-01,-3.144667450523574992e-01,3.093921985112930706e-01,1.869620053983787932e-03,1.773137980180351514e-01,-5.550369991367141154e-01,-3.637687703237041381e-01,-6.379833145634430380e-01,-4.573228371369070788e-01,-3.112529717335976165e-01,-3.498587251190408698e-01,-2.628556388701836499e-01,-5.448776868075948521e-01,-2.114769349101441043e-01,-1.298093683230711615e-01,-5.218633598132637469e-02,-4.265540145601694477e-01,-1.167954494968065776e-01,-5.902193145710289690e-02,-2.218561920028403189e-01,-6.047371519558573105e-01,-3.678771065438052879e-01
6.978532721555111840e-01,6.769192488272771646e-01,7.447260226802082661e-01,-1.242730438926071823e-01,7.644679535957593641e-01,2.029233059760348623e-01,-5.697509391814453705e-01,-6.242049956180300008e-01,1.000000000000000000e+00,7.356587990316676429e-01,-2.599332635655014490e-01,2.658885472850899268e-01,-5.243537987757163066e-01,7.212414447821371422e-01,3.101884048510413772e-01,3.668550764062804559e-01,5.579970236411803119e-01,5.152400711264898403e-01,6.063000227275033849e-01,1.793127844276054816e-01,2.082063550998022594e-01,2.521680057419923848e-01,7.677404560711175163e-01,4.796322073738917280e-01,7.970409808413196906e-01,7.668393736529947047e-01,5.843599250786504218e-01,6.561045457289168548e-01,3.230232999030224761e-01,8.848412789240176490e-01,4.898546752525196890e-01,3.731793486554811357e-01,4.848083917608126403e-01,7.276830916070544664e-01,1.181697839171248210e-01,4.029458370706409664e-01,3.096588251082798005e-01,8.277710657328388733e-01,5.863933674626994330e-01
6.713452671113976367e-01,7.596125386885440589e-01,6.969384120568706820e-01,-1.998090798436451265e-01,6.806271616388097634e-01,3.719026533529737333e-01,-3.399915470069335699e-01,-4.010978101916064520e-01,7.356587990316676429e-01,1.000000000000000000e+00,-1.796795447922610589e-01,1.226375228363437153e-01,-2.262503946176922520e-01,7.135843791211265996e-01,9.686412466977493974e-02,3.828971878708140042e-01,5.509116615668164796e-01,3.538801588942093734e-01,4.856933085417468599e-01,2.692294485997784315e-01,3.250419906764276390e-01,3.004743290719782411e-01,7.724276612959284360e-01,6.165068162810161123e-01,7.155610336185790343e-01,7.606940683107132894e-01,7.599010015824000375e-01,7.329454871998012377e-01,4.347858074975712306e-01,7.689197800933410543e-01,6.885633503327623917e-01,5.592849356555811280e-01,6.505695763062369075e-01,5.369034076383866205e-01,2.799213754299462176e-01,2.592488077031567806e-01,4.603745293837575026e-01,6.864398543026755117e-01,4.597273671690009222e-01
-2.082507069789685805e-01,1.020850060382743132e-02,-3.925386032523940916e-01,1.949717431165678694e-01,-3.006329912041124652e-01,-1.534213867285965927e-01,2.777698082154708148e-01,2.730716388854982357e-01,-2.599332635655014490e-01,-1.796795447922610589e-01,1.000000000000000000e+00,8.069093564657742190e-02,5.032304650916402666e-01,-3.573580777840282829e-01,-7.737502599153425753e-02,-4.317354122947223566e-02,-2.297581769599115198e-01,-2.367284428874844721e-02,-1.981026280710460052e-01,-2.275802513614607614e-01,-6.346175488286810717e-02,-1.580284495919360988e-02,-2.886217879428491506e-01,-2.886327448805575679e-01,-4.704002747605567913e-01,-4.352712194504825827e-01,-1.230189460206548152e-01,-4.794758138829504079e-01,-2.912225160203522623e-01,-1.117127456964292082e-01,-1.724698461309422393e-01,4.311545325320961797e-01,-3.429080902012531240e-01,-3.147923774768640048e-01,-1.569729884581290980e-01,5.578005125887554316e-02,-1.039180839964503056e-01,-4.129381140412338169e-01,1.631917632734048579e-02
4.424784367412872843e-01,3.676403974050431733e-01,3.706765157647000097e-01,4.426363922214391899e-01,2.638345593745948792e-01,-6.969342664849166313e-01,-4.237040903781789658e-01,-1.732980358884974800e-02,2.658885472850899268e-01,1.226375228363437153e-01,8.069093564657742190e-02,1.000000000000000000e+00,-1.575859349159710598e-01,1.735531204501762070e-01,8.642797591485451569e-01,7.121759658557759165e-01,-4.153714120405951338e-01,7.514644337323288514e-01,7.734526460642967560e-01,4.845948502852615580e-01,2.311689437674562669e-02,6.272047441609738261e-01,2.653349937458933105e-01,-5.033331482462853890e-01,1.308743717928717576e-01,1.154553901286254902e-01,1.234307106078614269e-01,-4.456818062781803258e-02,-6.416219369219551272e-01,3.425056683268610791e-01,-2.046357870414619029e-01,5.037289205181100238e-02,5.683968408605579586e-02,6.776082818417369369e-01,-7.763374994582999955e-01,7.974576370245917145e-01,-5.469479194642081765e-01,2.678128987784325621e-01,8.073244662907760327e-01
-3.503184039863296295e-01,-1.702106998138179783e-01,-4.268918911123325000e-01,8.886231224127397188e-02,-4.146740608057312150e-01,-8.730310249458134164e-02,5.723748711631112540e-01,5.818070105440850126e-01,-5.243537987757163066e-01,-2.262503946176922520e-01,5.032304650916402666e-01,-1.575859349159710598e-01,1.000000000000000000e+00,-4.801604526611179535e-01,-3.038389019114747791e-01,-1.136244070263936756e-01,-2.122704570589528661e-01,-3.412646830083839733e-01,-3.938444029441401373e-01,9.857957019634121243e-02,1.560488408487053502e-01,1.172246841606886941e-01,-3.935488273219612809e-01,-2.118147562749197466e-01,-5.974286982253019795e-01,-4.178213260762667081e-01,-4.094434791630228998e-02,-2.747738790514048235e-01,-1.925640229670181058e-01,-4.773993410318871922e-01,3.004541609569101254e-02,2.078470468631372914e-01,-5.691164997059725700e-02,-5.345468154596356714e-01,-1.931132688356999513e-02,-2.700643003042847434e-01,-8.791564824896341834e-02,-5.017605610259356919e-01,-3.013267376702322697e-01
6.914114908731069375e-01,6.636324042267517376e-01,7.237845709352457302e-01,-1.620937154388883417e-01,7.028619583581193764e-01,2.685252982585388248e-01,-4.442828066633422446e-01,-4.768803651664716425e-01,7.212414447821371422e-01,7.135843791211265996e-01,-3.573580777840282829e-01,1.735531204501762070e-01,-4.801604526611179535e-01,1.000000000000000000e+00,2.124941628330346277e-01,4.164416476953151647e-01,5.131725650666991712e-01,3.753252570763379592e-01,4.922263990425317370e-01,2.465163881869800733e-01,3.076149729745795702e-01,3.165765230319506074e-01,7.793266363044060174e-01,5.424873580624339775e-01,8.275581621247879438e-01,7.816242664008612451e-01,6.035012275619281441e-01,7.197502975213290188e-01,4.041414011379081406e-01,7.356662264473884383e-01,5.406614431619007899e-01,3.334795257912692712e-01,6.698163868061448589e-01,6.280980041327305363e-01,1.904199682739810273e-01,3.263865974793590530e-01,3.659945906868256604e-01,6.992664523057495751e-01,4.301579549687797877e-01
4.594827243473839085e-01,3.199046627433376755e-01,3.436316386176439530e-01,4.652159083279148732e-01,2.152818759915574864e-01,-6.160792948114132139e-01,-3.939017802488283815e-01,-3.162832127317413006e-02,3.101884048510413772e-01,9.686412466977493974e-02,-7.737502599153425753e-02,8.642797591485451569e-01,-3.038389019114747791e-01,2.124941628330346277e-01,1.000000000000000000e+00,6.910212358368685859e-01,-3.440296013273807518e-01,7.906778492615186282e-01,7.495020317834941714e-01,4.766167590340196769e-01,-1.548955636922532131e-01,4.879037948803672808e-01,2.497742704928976321e-01,-4.400541026782879284e-01,1.667935793935275135e-01,1.917629034049236625e-01,5.311543421029258499e-02,2.680627650369704369e-03,-5.645862226310673915e-01,3.294271059857480921e-01,-2.977745008544738226e-01,-1.192816671991486777e-01,6.665334911086420733e-02,6.970457833804729608e-01,-7.272644662535763249e-01,7.283223814178163558e-01,-5.556924411421804155e-01,2.987908188105040108e-01,7.255392815386860761e-01
7.036678900749461230e-01,6.653796714669035772e-01,3.761720277481461761e-01,5.406103959452106533e-01,2.486392125759535610e-01,-4.735245172461886587e-01,-1.112829152987899334e-01,-5.711048503738543752e-03,3.668550764062804559e-01,3.828971878708140042e-01,-4.317354122947223566e-02,7.121759658557759165e-01,-1.136244070263936756e-01,4.164416476953151647e-01,6.910212358368685859e-01,1.000000000000000000e+00,-2.634436307163642854e-01,7.259663901872844827e-01,6.413644422815821811e-01,5.300325887944196124e-01,-3.388185131997172028e-02,5.444891137299174844e-01,4.036097199972815130e-01,-2.077460529509008447e-01,2.778480369577222553e-01,3.029314460068278092e-01,2.316146846539219595e-01,1.289375415008180148e-01,-4.161995009326344697e-01,4.319229802955436570e-01,-5.532230402271595682e-02,1.076260237537113584e-01,2.961574582957015589e-01,5.966805221430120376e-01,-5.734394105909185191e-01,6.370518789581364194e-01,-4.180612997403426179e-01,2.733304734839951400e-01,6.865488032631633653e-01
2.632187818003127178e-01,2.902938024216458746e-01,4.604459535548093840e-01,-5.605987809829826585e-01,5.291532424433658122e-01,7.426634628831546570e-01,-2.841008212683732159e-01,-4.590746626322993462e-01,5.579970236411803119e-01,5.509116615668164796e-01,-2.297581769599115198e-01,-4.153714120405951338e-01,-2.122704570589528661e-01,5.131725650666991712e-01,-3.440296013273807518e-01,-2.634436307163642854e-01,1.000000000000000000e+00,-1.802471041766433579e-01,-6.028237048761065156e-03,-1.183740038199905253e-01,3.076764113642076470e-01,-1.274069897874294810e-01,5.725030049380154251e-01,8.289372444094580406e-01,5.860054128542683261e-01,6.692925276786966249e-01,6.215471437137989330e-01,7.295368277230183107e-01,7.703974552043471036e-01,4.832040235672146467e-01,6.979727619446121079e-01,4.448722549001257187e-01,5.052470368405582724e-01,1.611031803688175168e-01,6.753662830347931800e-01,-2.577782383011550382e-01,7.072829931397778269e-01,5.680632784710016869e-01,-6.935979424771857027e-02
5.863006200442901772e-01,5.333087669813671994e-01,4.883662835152797754e-01,4.513268930373313115e-01,3.657637794684551191e-01,-4.501717297516631411e-01,-3.191162014076513453e-01,-2.182692636168704070e-01,5.152400711264898403e-01,3.538801588942093734e-01,-2.367284428874844721e-02,7.514644337323288514e-01,-3.412646830083839733e-01,3.753252570763379592e-01,7.906778492615186282e-01,7.259663901872844827e-01,-1.802471041766433579e-01,1.000000000000000000e+00,7.999334029931733925e-01,4.410389553618896952e-01,-1.090714322385427648e-01,4.342965210885665339e-01,3.717136733286454109e-01,-2.277420299507929569e-01,3.086133583058391916e-01,2.736456159736586624e-01,1.943918751166365810e-01,1.327858340994363118e-01,-3.817297503264069358e-01,5.304922737861075266e-01,-1.082886189125960991e-01,7.811503258629029500e-02,1.558141404907232019e-01,7.400942283212872397e-01,-5.454008464524424671e-01,6.877229121587904448e-01,-3.705837479281820501e-01,3.580019228261526743e-01,7.379092221649018457e-01
6.021659783815672684e-01,5.179872024636107408e-01,6.976042580276613503e-01,1.685570154551815913e-01,6.121148691910863748e-01,-3.318856481868475150e-01,-5.937370352411601715e-01,-3.144667450523574992e-01,6.063000227275033849e-01,4.856933085417468599e-01,-1.981026280710460052e-01,7.734526460642967560e-01,-3.938444029441401373e-01,4.922263990425317370e-01,7.495020317834941714e-01,6.413644422815821811e-01,-6.028237048761065156e-03,7.999334029931733925e-01,1.000000000000000000e+00,5.252420665659421894e-01,1.564518788907270086e-01,5.852385325502541535e-01,5.660650755706614357e-01,-8.069637403575409540e-02,4.970532759616036467e-01,4.704480640866990915e-01,4.124093842046293590e-01,3.687033774970850386e-01,-2.216763108893174405e-01,6.233275878298687456e-01,1.403685538810475475e-01,1.865224920058500269e-01,3.367071568590607189e-01,8.544070032949923066e-01,-4.304317238296650472e-01,7.201693364693760868e-01,-1.780697181787674055e-01,6.030726068918733640e-01,8.156171296574404872e-01
3.745281389887428203e-01,2.868212878382138675e-01,4.505712229911994493e-01,3.114558282919626664e-01,2.132958163213746761e-01,-3.021042962062327475e-01,-6.596156908523726457e-03,3.093921985112930706e-01,1.793127844276054816e-01,2.692294485997784315e-01,-2.275802513614607614e-01,4.845948502852615580e-01,9.857957019634121243e-02,2.465163881869800733e-01,4.766167590340196769e-01,5.300325887944196124e-01,-1.183740038199905253e-01,4.410389553618896952e-01,5.252420665659421894e-01,1.000000000000000000e+00,3.524145569495165664e-01,7.541710834858962320e-01,2.151746590487645661e-01,-1.127266363031253354e-01,1.083728625279349184e-01,2.882237703441350440e-01,2.603418516643224989e-01,3.853897543063705133e-01,-2.028397376572112776e-01,2.090186949893347024e-01,2.175427173755082044e-01,-3.169719058244455795e-02,5.835871320277388197e-01,5.056207438775502938e-01,-2.603021987662692549e-01,4.179153396813058974e-01,-2.014258298227873389e-01,2.043957324995453462e-01,3.069212125055316154e-01
1.397067032847095769e-01,1.463094467182060321e-01,4.326361188488635490e-01,-5.132909787768804577e-01,4.770762517296491811e-01,1.052443484943308416e-01,-2.607892673452608112e-01,1.869620053983787932e-03,2.082063550998022594e-01,3.250419906764276390e-01,-6.346175488286810717e-02,2.311689437674562669e-02,1.560488408487053502e-01,3.076149729745795702e-01,-1.548955636922532131e-01,-3.388185131997172028e-02,3.076764113642076470e-01,-1.090714322385427648e-01,1.564518788907270086e-01,3.524145569495165664e-01,1.000000000000000000e+00,6.283584239384880643e-01,3.026509166540706786e-01,2.482480272618653172e-01,3.141602626644914853e-01,4.007933846470965178e-01,4.897085038998063022e-01,5.288050114259398304e-01,3.055047745536282888e-01,2.910566159606993164e-01,6.995573232264543639e-01,3.971075299909920253e-01,5.551886963177005141e-01,1.726550227649723823e-01,2.599088137964557510e-01,1.898860046187967332e-01,4.223996145426863191e-01,3.696646300690037412e-01,7.581494725024255643e-02
4.017217159881282251e-01,3.630677850949630692e-01,4.997188727462709701e-01,9.464165486144196504e-02,3.827994939689400855e-01,-4.161886400102904338e-01,-2.571652307098332702e-01,1.773137980180351514e-01,2.521680057419923848e-01,3.004743290719782411e-01,-1.580284495919360988e-02,6.272047441609738261e-01,1.172246841606886941e-01,3.165765230319506074e-01,4.879037948803672808e-01,5.444891137299174844e-01,-1.274069897874294810e-01,4.342965210885665339e-01,5.852385325502541535e-01,7.541710834858962320e-01,6.283584239384880643e-01,1.000000000000000000e+00,3.097190795824311671e-01,-1.825656103404186270e-01,2.263905271919248730e-01,3.308221552673664134e-01,3.579090591862474913e-01,3.416094247745764534e-01,-2.388426738000728466e-01,3.548649374078362562e-01,3.305704738867843440e-01,2.292725816610657608e-01,5.435886683973386591e-01,5.428938439201114186e-01,-3.314607614542229852e-01,6.477274828088478431e-01,-1.200568332850894399e-01,3.368981121623838004e-01,5.100299436173547640e-01
6.777983027417893158e-01,6.867562093178622984e-01,7.692466254283205629e-01,-2.007942113349233670e-01,8.012888087602532128e-01,2.592659358518105694e-01,-5.838723390701738847e-01,-5.550369991367141154e-01,7.677404560711175163e-01,7.724276612959284360e-01,-2.886217879428491506e-01,2.653349937458933105e-01,-3.935488273219612809e-01,7.793266363044060174e-01,2.497742704928976321e-01,4.036097199972815130e-01,5.725030049380154251e-01,3.717136733286454109e-01,5.660650755706614357e-01,2.151746590487645661e-01,3.026509166540706786e-01,3.097190795824311671e-01,1.000000000000000000e+00,5.484375428713423872e-01,8.250792416726540068e-01,8.136033560425014466e-01,7.278940927871353495e-01,7.328843607537882665e-01,3.169620639478527568e-01,7.731299804142821586e-01,5.491676067199574574e-01,4.811067828695425597e-01,5.749964171782826483e-01,6.559288207961488926e-01,9.919780115708153045e-02,3.336031100667216087e-01,3.168779823370165838e-01,7.891534330029031929e-01,5.682142180256508635e-01
2.128999387984763236e-01,2.994957737832206202e-01,3.830940323179615747e-01,-4.986619755415026556e-01,4.377406152726340816e-01,8.223524994560232892e-01,-1.258418074091133820e-01,-3.637687703237041381e-01,4.796322073738917280e-01,6.165068162810161123e-01,-2.886327448805575679e-01,-5.033331482462853890e-01,-2.118147562749197466e-01,5.424873580624339775e-01,-4.400541026782879284e-01,-2.077460529509008447e-01,8.289372444094580406e-01,-2.277420299507929569e-01,-8.069637403575409540e-02,-1.127266363031253354e-01,2.482480272618653172e-01,-1.825656103404186270e-01,5.484375428713423872e-01,1.000000000000000000e+00,5.787747104800413656e-01,6.119273589103261246e-01,5.549935531595678873e-01,7.010058697089194268e-01,8.279478772844574008e-01,4.309882257035640984e-01,6.869502206697774005e-01,4.256822879020665251e-01,5.245796731455677486e-01,6.799155725789093885e-02,7.615419880857802193e-01,-3.134597010963443009e-01,7.664551061874526061e-01,4.498171271932958626e-01,-1.675356261005517822e-01
6.277348548775030235e-01,5.711522493758891539e-01,7.331965560589102093e-01,-3.187340144781122264e-01,7.926039474049235700e-01,3.066825544160046157e-01,-6.070344094446746830e-01,-6.379833145634430380e-01,7.970409808413196906e-01,7.155610336185790343e-01,-4.704002747605567913e-01,1.308743717928717576e-01,-5.974286982253019795e-01,8.275581621247879438e-01,1.667935793935275135e-01,2.778480369577222553e-01,5.860054128542683261e-01,3.086133583058391916e-01,4.970532759616036467e-01,1.083728625279349184e-01,3.141602626644914853e-01,2.263905271919248730e-01,8.250792416726540068e-01,5.787747104800413656e-01,1.000000000000000000e+00,8.193634710098628426e-01,6.098328694798152982e-01,7.190198614908120955e-01,4.827974493950233370e-01,7.683873783037318272e-01,5.504315256632389408e-01,2.962510950960928757e-01,5.482022680740443743e-01,6.307402242384784197e-01,2.524182772356196591e-01,2.998912077530918041e-01,4.430360804398447705e-01,8.189410293630513538e-01,4.510667823084318906e-01
6.872671182546842283e-01,6.152184867107066690e-01,7.584139615705582926e-01,-3.052392996705010075e-01,7.577372171274042723e-01,3.523524693751769465e-01,-5.267746181984569454e-01,-4.573228371369070788e-01,7.668393736529947047e-01,7.606940683107132894e-01,-4.352712194504825827e-01,1.154553901286254902e-01,-4.178213260762667081e-01,7.816242664008612451e-01,1.917629034049236625e-01,3.029314460068278092e-01,6.692925276786966249e-01,2.736456159736586624e-01,4.704480640866990915e-01,2.882237703441350440e-01,4.007933846470965178e-01,3.308221552673664134e-01,8.136033560425014466e-01,6.119273589103261246e-01,8.193634710098628426e-01,1.000000000000000000e+00,7.426708593392697955e-01,8.542880252130372609e-01,4.854326365389133313e-01,7.469566056085328309e-01,6.614282322881656073e-01,3.674515417173583876e-01,7.142371731445258387e-01,6.116460696597946223e-01,2.632446313554134276e-01,2.725552300123507132e-01,4.287519053032827765e-01,8.331237213013183984e-01,4.035318808797636048e-01
5.367621118398026026e-01,5.705746096307471316e-01,6.788338324537990243e-01,-3.418138353860669110e-01,6.725623493541920128e-01,3.716771561053891504e-01,-4.136901603880986933e-01,-3.112529717335976165e-01,5.843599250786504218e-01,7.599010015824000375e-01,-1.230189460206548152e-01,1.234307106078614269e-01,-4.094434791630228998e-02,6.035012275619281441e-01,5.311543421029258499e-02,2.316146846539219595e-01,6.215471437137989330e-01,1.943918751166365810e-01,4.124093842046293590e-01,2.603418516643224989e-01,4.897085038998063022e-01,3.579090591862474913e-01,7.278940927871353495e-01,5.549935531595678873e-01,6.098328694798152982e-01,7.426708593392697955e-01,1.000000000000000000e+00,7.528987297734838213e-01,4.244320826896964549e-01,6.251075120058185997e-01,7.644794426405763232e-01,6.540153836497953899e-01,6.550273365433539885e-01,4.464016554470506826e-01,2.572388506691927201e-01,1.710062356204316847e-01,4.720888847372429198e-01,6.713605285405067624e-01,3.962166583523440422e-01
5.164084954084852130e-01,4.699846507614288127e-01,7.721207937108719443e-01,-4.066339516376218377e-01,7.117236271540756665e-01,4.795651959446911583e-01,-4.063935183719403765e-01,-3.498587251190408698e-01,6.561045457289168548e-01,7.329454871998012377e-01,-4.794758138829504079e-01,-4.456818062781803258e-02,-2.747738790514048235e-01,7.197502975213290188e-01,2.680627650369704369e-03,1.289375415008180148e-01,7.295368277230183107e-01,1.327858340994363118e-01,3.687033774970850386e-01,3.853897543063705133e-01,5.288050114259398304e-01,3.416094247745764534e-01,7.328843607537882665e-01,7.010058697089194268e-01,7.190198614908120955e-01,8.542880252130372609e-01,7.528987297734838213e-01,1.000000000000000000e+00,5.895390256909838200e-01,6.239057480776389886e-01,7.943040707952846446e-01,3.535061398547966194e-01,8.234279756165374664e-01,5.164565161556775585e-01,4.288269010284153637e-01,8.642306053826931400e-02,5.341970026378159986e-01,7.419987951824746908e-01,2.075873253949013231e-01
2.817155843217069092e-02,5.399178407081387659e-02,2.082778566141977872e-01,-6.310488684633588363e-01,3.107737860743011171e-01,8.567120093817121029e-01,-7.531333388202708645e-02,-2.628556388701836499e-01,3.230232999030224761e-01,4.347858074975712306e-01,-2.912225160203522623e-01,-6.416219369219551272e-01,-1.925640229670181058e-01,4.041414011379081406e-01,-5.645862226310673915e-01,-4.161995009326344697e-01,7.703974552043471036e-01,-3.817297503264069358e-01,-2.216763108893174405e-01,-2.028397376572112776e-01,3.055047745536282888e-01,-2.388426738000728466e-01,3.169620639478527568e-01,8.279478772844574008e-01,4.827974493950233370e-01,4.854326365389133313e-01,4.244320826896964549e-01,5.895390256909838200e-01,1.000000000000000000e+00,2.693094050951618246e-01,6.671824106014213607e-01,3.167650878921684510e-01,4.259829619003426826e-01,-1.113073786357444556e-01,8.858809135034574345e-01,-3.780058252621023573e-01,8.849081719344784602e-01,3.512788842344144458e-01,-3.457181849411429808e-01
7.375215603860991731e-01,7.407400445064584726e-01,7.442492342110326176e-01,-1.220336069429785453e-01,7.475964801043056829e-01,1.467369939727897754e-01,-5.699023238450749984e-01,-5.448776868075948521e-01,8.848412789240176490e-01,7.689197800933410543e-01,-1.117127456964292082e-01,3.425056683268610791e-01,-4.773993410318871922e-01,7.356662264473884383e-01,3.294271059857480921e-01,4.319229802955436570e-01,4.832040235672146467e-01,5.304922737861075266e-01,6.233275878298687456e-01,2.090186949893347024e-01,2.910566159606993164e-01,3.548649374078362562e-01,7.731299804142821586e-01,4.309882257035640984e-01,7.683873783037318272e-01,7.469566056085328309e-01,6.251075120058185997e-01,6.239057480776389886e-01,2.693094050951618246e-01,1.000000000000000000e+00,5.057776039004210356e-01,4.755731263216175231e-01,4.902672005209325889e-01,7.316126979002081088e-01,6.408973021310389317e-02,4.880199713718696986e-01,2.933185494624242495e-01,7.749329260732839009e-01,6.297446979721171845e-01
3.219864765994384093e-01,3.870961035949809781e-01,5.675033914721060446e-01,-5.352591537824291645e-01,5.859989921370044597e-01,5.595998977191939394e-01,-2.390806770666673020e-01,-2.114769349101441043e-01,4.898546752525196890e-01,6.885633503327623917e-01,-1.724698461309422393e-01,-2.046357870414619029e-01,3.004541609569101254e-02,5.406614431619007899e-01,-2.977745008544738226e-01,-5.532230402271595682e-02,6.979727619446121079e-01,-1.082886189125960991e-01,1.403685538810475475e-01,2.175427173755082044e-01,6.995573232264543639e-01,3.305704738867843440e-01,5.491676067199574574e-01,6.869502206697774005e-01,5.504315256632389408e-01,6.614282322881656073e-01,7.644794426405763232e-01,7.943040707952846446e-01,6.671824106014213607e-01,5.057776039004210356e-01,1.000000000000000000e+00,5.786215194421944208e-01,7.385896673291103554e-01,2.256354731138361658e-01,5.873088345698105339e-01,4.601242105488758749e-04,7.230732016420965413e-01,5.719139084547405494e-01,7.013357999681862909e-02
2.550653625766330368e-01,4.795640868023044456e-01,2.858647188816607065e-01,-2.558214519957821564e-01,4.105138276498035421e-01,3.628810620564051903e-01,-1.758736047656039025e-01,-1.298093683230711615e-01,3.731793486554811357e-01,5.592849356555811280e-01,4.311545325320961797e-01,5.037289205181100238e-02,2.078470468631372914e-01,3.334795257912692712e-01,-1.192816671991486777e-01,1.076260237537113584e-01,4.448722549001257187e-01,7.811503258629029500e-02,1.865224920058500269e-01,-3.169719058244455795e-02,3.971075299909920253e-01,2.292725816610657608e-01,4.811067828695425597e-01,4.256822879020665251e-01,2.962510950960928757e-01,3.674515417173583876e-01,6.540153836497953899e-01,3.535061398547966194e-01,3.167650878921684510e-01,4.755731263216175231e-01,5.786215194421944208e-01,1.000000000000000000e+00,3.344697950578190415e-01,1.179810887539195774e-01,2.624576271971015839e-01,1.543955396769807475e-01,4.919538946820847247e-01,3.266006687485311644e-01,2.885293752831642466e-01
5.075856587160419986e-01,4.915297178481727314e-01,6.655681933239249171e-01,-1.694022728293863578e-01,5.348622562785813050e-01,3.184075049292036108e-01,-1.589144427726803255e-01,-5.218633598132637469e-02,4.848083917608126403e-01,6.505695763062369075e-01,-3.429080902012531240e-01,5.683968408605579586e-02,-5.691164997059725700e-02,6.698163868061448589e-01,6.665334911086420733e-02,2.961574582957015589e-01,5.052470368405582724e-01,1.558141404907232019e-01,3.367071568590607189e-01,5.835871320277388197e-01,5.551886963177005141e-01,5.435886683973386591e-01,5.749964171782826483e-01,5.245796731455677486e-01,5.482022680740443743e-01,7.142371731445258387e-01,6.550273365433539885e-01,8.234279756165374664e-01,4.259829619003426826e-01,4.902672005209325889e-01,7.385896673291103554e-01,3.344697950578190415e-01,1.000000000000000000e+00,4.551230608677212519e-01,3.232357400496255195e-01,1.826678151997115640e-01,4.120647415825913207e-01,5.629694011998268577e-01,2.025940423723374129e-01
6.902412557027349793e-01,5.825124086843178617e-01,8.114901663333111692e-01,1.271050133276431238e-01,6.723938529024063859e-01,-2.359193205462319087e-01,-6.501566137198452333e-01,-4.265540145601694477e-01,7.276830916070544664e-01,5.369034076383866205e-01,-3.147923774768640048e-01,6.776082818417369369e-01,-5.345468154596356714e-01,6.280980041327305363e-01,6.970457833804729608e-01,5.966805221430120376e-01,1.611031803688175168e-01,7.400942283212872397e-01,8.544070032949923066e-01,5.056207438775502938e-01,1.726550227649723823e-01,5.428938439201114186e-01,6.559288207961488926e-01,6.799155725789093885e-02,6.307402242384784197e-01,6.116460696597946223e-01,4.464016554470506826e-01,5.164565161556775585e-01,-1.113073786357444556e-01,7.316126979002081088e-01,2.256354731138361658e-01,1.179810887539195774e-01,4.551230608677212519e-01,1.000000000000000000e+00,-3.253416641974793966e-01,6.549932809343685935e-01,-1.154712889260370995e-01,7.136485159633929598e-01,7.676071316720731730e-01
-1.784744171762441822e-01,-1.032348129984136803e-01,1.303383122034510594e-02,-5.798685838119793656e-01,1.131277680134330360e-01,8.587633756784683881e-01,1.382113006751398698e-01,-1.167954494968065776e-01,1.181697839171248210e-01,2.799213754299462176e-01,-1.569729884581290980e-01,-7.763374994582999955e-01,-1.931132688356999513e-02,1.904199682739810273e-01,-7.272644662535763249e-01,-5.734394105909185191e-01,6.753662830347931800e-01,-5.454008464524424671e-01,-4.304317238296650472e-01,-2.603021987662692549e-01,2.599088137964557510e-01,-3.314607614542229852e-01,9.919780115708153045e-02,7.615419880857802193e-01,2.524182772356196591e-01,2.632446313554134276e-01,2.572388506691927201e-01,4.288269010284153637e-01,8.858809135034574345e-01,6.408973021310389317e-02,5.873088345698105339e-01,2.624576271971015839e-01,3.232357400496255195e-01,-3.253416641974793966e-01,1.000000000000000000e+00,-5.207705694719290124e-01,8.557098085801339016e-01,1.219446673263839404e-01,-5.314827785471251120e-01
4.399170822810253290e-01,4.074584463090828446e-01,4.081609795021607923e-01,2.787958413508159761e-01,3.924883551597341813e-01,-4.955310396468963208e-01,-4.567276646055316025e-01,-5.902193145710289690e-02,4.029458370706409664e-01,2.592488077031567806e-01,5.578005125887554316e-02,7.974576370245917145e-01,-2.700643003042847434e-01,3.263865974793590530e-01,7.283223814178163558e-01,6.370518789581364194e-01,-2.577782383011550382e-01,6.877229121587904448e-01,7.201693364693760868e-01,4.179153396813058974e-01,1.898860046187967332e-01,6.477274828088478431e-01,3.336031100667216087e-01,-3.134597010963443009e-01,2.998912077530918041e-01,2.725552300123507132e-01,1.710062356204316847e-01,8.642306053826931400e-02,-3.780058252621023573e-01,4.880199713718696986e-01,4.601242105488758749e-04,1.543955396769807475e-01,1.826678151997115640e-01,6.549932809343685935e-01,-5.207705694719290124e-01,1.000000000000000000e+00,-2.503334088557668258e-01,3.691966850682432133e-01,7.210765179605165276e-01
-2.668667456980883951e-02,6.778052602230190404e-02,2.084843715966116784e-01,-6.437924266055258249e-01,3.553024129309311774e-01,8.146237628669110720e-01,-1.253945178822650219e-01,-2.218561920028403189e-01,3.096588251082798005e-01,4.603745293837575026e-01,-1.039180839964503056e-01,-5.469479194642081765e-01,-8.791564824896341834e-02,3.659945906868256604e-01,-5.556924411421804155e-01,-4.180612997403426179e-01,7.072829931397778269e-01,-3.705837479281820501e-01,-1.780697181787674055e-01,-2.014258298227873389e-01,4.223996145426863191e-01,-1.200568332850894399e-01,3.168779823370165838e-01,7.664551061874526061e-01,4.430360804398447705e-01,4.287519053032827765e-01,4.720888847372429198e-01,5.341970026378159986e-01,8.849081719344784602e-01,2.933185494624242495e-01,7.230732016420965413e-01,4.919538946820847247e-01,4.120647415825913207e-01,-1.154712889260370995e-01,8.557098085801339016e-01,-2.503334088557668258e-01,1.000000000000000000e+00,3.371705859667867844e-01,-2.546491684105745001e-01
6.272882361187313016e-01,5.430891902379065828e-01,7.951534285219225007e-01,-3.281376437433142779e-01,8.228024711636932054e-01,1.998597443978365473e-01,-7.164886197052806605e-01,-6.047371519558573105e-01,8.277710657328388733e-01,6.864398543026755117e-01,-4.129381140412338169e-01,2.678128987784325621e-01,-5.017605610259356919e-01,6.992664523057495751e-01,2.987908188105040108e-01,2.733304734839951400e-01,5.680632784710016869e-01,3.580019228261526743e-01,6.030726068918733640e-01,2.043957324995453462e-01,3.696646300690037412e-01,3.368981121623838004e-01,7.891534330029031929e-01,4.498171271932958626e-01,8.189410293630513538e-01,8.331237213013183984e-01,6.713605285405067624e-01,7.419987951824746908e-01,3.512788842344144458e-01,7.749329260732839009e-01,5.719139084547405494e-01,3.266006687485311644e-01,5.629694011998268577e-01,7.136485159633929598e-01,1.219446673263839404e-01,3.691966850682432133e-01,3.371705859667867844e-01,1.000000000000000000e+00,5.946445317118689289e-01
6.509630206689005494e-01,6.155024296848344845e-01,5.769439048843950646e-01,2.336648476719543066e-01,5.455959300066099971e-01,-4.156950773037726421e-01,-5.872789680432189963e-01,-3.678771065438052879e-01,5.863933674626994330e-01,4.597273671690009222e-01,1.631917632734048579e-02,8.073244662907760327e-01,-3.013267376702322697e-01,4.301579549687797877e-01,7.255392815386860761e-01,6.865488032631633653e-01,-6.935979424771857027e-02,7.379092221649018457e-01,8.156171296574404872e-01,3.069212125055316154e-01,7.581494725024255643e-02,5.100299436173547640e-01,5.682142180256508635e-01,-1.675356261005517822e-01,4.510667823084318906e-01,4.035318808797636048e-01,3.962166583523440422e-01,2.075873253949013231e-01,-3.457181849411429808e-01,6.297446979721171845e-01,7.013357999681862909e-02,2.885293752831642466e-01,2.025940423723374129e-01,7.676071316720731730e-01,-5.314827785471251120e-01,7.210765179605165276e-01,-2.546491684105745001e-01,5.946445317118689289e-01,1.000000000000000000e+00
